0 1 3 2 0 
1 7 4 5 6 0 1 
2 1 3 0 
3 7 3 2 1 0 
4 4 7 
5 0 3 1 
6 0 3 2 1 
7 1 4 6 7 
8 4 0 
9 7 3 0 1 
10 7 6 0 
11 7 4 5 0 
12 5 7 4 6 
13 2 0 
14 6 7 4 0 
15 0 7 6 
16 0 7 6 
17 1 7 
18 7 4 5 6 
19 4 5 7 0 
20 3 0 1 
21 3 4 5 7 6 
22 4 7 6 
23 6 3 0 
24 3 7 4 5 6 
25 1 4 6 5 7 0 
26 4 0 3 1 
27 0 3 1 
28 4 0 
29 5 3 2 1 0 
30 5 3 0 
31 6 4 5 0 
32 6 3 2 0 1 
33 7 3 2 1 0 
34 3 6 4 5 7 0 
35 7 2 
36 4 0 
37 6 7 0 
38 2 7 4 6 
39 3 0 1 
40 0 1 
41 3 4 5 7 6 
42 1 7 6 
43 6 3 2 0 1 
44 1 4 5 7 6 
45 2 7 6 0 
46 4 0 1 
47 6 7 0 
48 3 2 1 0 
49 6 3 0 1 
50 2 4 6 7 
51 5 7 4 6 3 
52 0 7 4 5 6 3 
53 3 2 1 0 
54 1 7 2 
55 5 6 4 7 0 
56 0 3 
57 3 0 1 
58 4 7 
59 1 0 3 2 
60 3 2 1 0 
61 4 7 5 6 
62 6 7 
63 1 3 0 
64 1 3 0 
65 7 0 3 2 1 
66 1 7 4 5 6 3 
67 7 4 5 6 0 1 
68 4 3 2 1 0 
69 0 1 
70 0 7 4 6 
71 1 7 4 6 
72 4 5 7 6 
73 7 4 5 0 
74 7 2 
75 7 4 5 6 3 
76 4 7 6 
77 2 0 1 
78 6 7 4 5 3 
79 1 4 5 6 0 
80 0 7 4 6 
81 1 7 4 6 
82 5 7 6 
83 4 6 5 7 0 
84 3 7 4 6 
85 3 0 1 
86 4 5 7 6 
87 6 4 5 7 0 
88 3 7 4 5 6 
89 0 4 5 7 6 
90 4 7 5 6 0 1 
91 0 4 5 7 
92 4 6 5 7 0 
93 6 3 0 1 
94 5 0 
95 6 4 5 7 
96 6 7 4 0 
97 7 6 0 
98 3 6 4 5 7 0 
99 7 3 2 1 0 
100 4 0 3 2 1 
101 6 3 0 
102 2 3 0 1 
103 3 4 6 5 7 0 
105 3 7 2 
106 1 3 2 0 
107 6 0 
108 1 7 2 
109 2 3 0 1 
110 4 6 7 
111 6 3 2 1 0 
112 3 0 
113 6 7 4 5 
114 2 3 1 0 
115 5 3 2 0 1 
116 0 3 
117 3 7 
118 1 7 4 6 
119 5 7 4 6 3 
120 0 3 
121 3 2 1 0 
122 4 3 0 1 
123 1 3 0 
124 3 0 1 
125 4 7 
126 6 4 5 7 
127 1 3 0 
128 1 0 3 2 
129 7 4 5 6 3 
130 1 3 0 
131 7 4 5 6 
132 4 0 
133 0 7 4 5 6 3 
134 0 7 4 6 
135 1 0 3 
136 5 7 4 6 0 1 
137 7 0 3 1 
138 7 4 5 6 0 1 
139 7 4 5 0 
140 4 6 7 0 
141 3 7 6 
142 6 3 2 0 1 
143 1 7 4 6 0 
145 0 3 2 
146 5 3 0 1 
147 4 0 
148 3 2 1 0 
149 3 0 1 
150 4 6 5 7 0 
151 5 0 
152 3 7 
153 1 7 6 0 
154 5 3 0 
155 0 7 6 
156 4 5 7 6 
157 7 4 5 0 
158 5 0 1 
159 6 3 2 1 0 
160 6 3 2 0 1 
161 7 6 0 
162 3 0 1 
163 7 4 6 
164 4 6 5 7 0 
165 6 4 5 7 0 
166 2 6 7 0 
167 3 4 5 6 0 
168 0 3 1 
169 3 4 6 7 
170 1 0 3 
171 6 0 3 1 
172 1 7 6 
173 2 7 4 5 6 
174 4 0 3 1 
175 6 7 0 
176 3 0 2 1 
177 6 3 2 0 
178 2 0 
179 5 0 3 1 
180 0 3 
181 3 0 2 1 
182 1 0 3 
183 5 7 6 
184 0 7 4 5 6 
185 3 0 
186 4 0 
187 1 4 6 5 7 0 
188 3 4 6 7 
189 4 3 0 
190 6 4 7 
191 1 0 
192 1 4 5 7 6 
193 7 4 6 
194 2 4 6 7 
195 7 4 6 0 
196 4 5 7 6 
197 0 6 4 5 7 
198 0 7 6 
199 3 6 4 5 7 0 
200 6 0 1 
201 7 2 
202 6 3 2 1 0 
203 7 4 5 6 0 
204 4 0 1 
205 2 7 4 5 6 0 1 
206 6 3 0 1 
207 1 3 0 
208 0 3 1 
209 1 7 4 6 0 
210 5 0 1 
211 4 6 5 7 0 
212 0 4 6 7 
213 1 4 5 6 0 
214 4 7 
215 6 3 0 
216 2 3 0 1 
217 1 3 2 0 
218 4 7 5 6 0 1 
219 0 3 2 1 
220 5 7 6 0 
221 7 3 0 
222 5 7 4 6 
223 6 0 3 2 1 
224 6 7 4 
225 7 4 5 6 
226 3 7 4 5 6 
227 7 3 0 1 
228 4 5 7 6 
229 6 3 0 1 
230 2 7 4 6 
231 3 7 4 5 6 
232 0 4 5 7 
233 3 0 1 
234 1 0 
235 6 4 5 0 
236 1 3 2 0 
237 2 7 4 6 
238 4 7 
239 6 3 0 
240 3 4 5 7 6 
241 5 3 2 0 1 
242 2 4 5 7 6 
243 5 7 4 6 
244 0 7 4 5 6 
245 3 7 4 6 
246 1 0 
247 5 3 0 
248 3 7 
249 2 6 7 0 
250 4 3 0 
251 1 3 2 0 
252 3 0 
253 7 3 0 1 
254 6 3 2 0 
255 1 3 2 0 
256 1 3 2 0 
257 7 3 2 1 0 
258 0 7 4 5 6 3 
259 7 4 5 6 3 
260 5 7 6 
261 0 3 2 1 
262 0 3 2 1 
263 1 7 4 5 6 
264 4 5 6 0 
265 7 4 5 6 3 
266 7 4 6 
267 7 4 5 6 
268 4 0 1 
269 3 7 4 6 0 
270 6 7 0 
271 1 3 2 0 
273 1 7 4 5 6 3 
274 5 6 4 7 0 
275 4 3 0 
276 3 2 1 0 
277 3 0 1 
278 4 7 
279 6 4 5 0 
280 0 7 4 6 
281 1 7 4 6 
282 4 5 7 6 
283 0 7 4 6 
284 4 6 7 0 
285 7 3 0 
286 5 4 7 6 
287 6 7 2 
288 4 7 2 
289 7 4 5 6 0 1 
290 3 6 4 5 7 0 
291 7 4 6 
292 4 7 6 0 
293 6 3 2 1 0 
294 2 4 6 5 7 0 
295 3 0 1 
296 1 7 4 5 6 0 
297 3 0 
298 1 7 4 5 6 0 
299 6 0 1 
300 1 4 5 6 0 
301 0 3 1 
302 4 3 2 1 0 
303 6 0 
304 3 7 
305 6 7 0 
306 2 7 
307 5 4 6 7 0 
308 0 4 5 6 
309 3 0 1 
310 1 7 6 0 
311 5 7 6 
312 0 3 1 
313 3 0 
314 4 7 2 
315 1 7 4 5 6 
316 2 7 4 6 0 
317 5 7 2 
318 7 3 2 1 0 
319 0 3 2 1 
320 1 4 5 7 6 
321 4 3 2 1 0 
322 1 7 4 6 0 
323 7 0 1 
324 4 3 0 
325 0 4 5 7 6 
326 0 7 6 
327 1 3 2 0 
328 4 7 6 0 
329 7 4 5 6 
330 7 4 5 6 3 
331 5 7 6 
332 4 3 2 0 1 
333 0 4 5 6 
334 6 7 0 
335 1 3 2 0 
336 0 7 6 
337 1 7 6 
338 5 3 2 0 
339 4 7 6 0 
340 3 0 1 
341 3 7 
342 4 7 6 
343 5 3 2 0 
344 0 1 
345 1 7 4 5 6 3 
346 4 7 5 6 0 1 
347 0 3 1 
348 4 0 
349 7 0 3 2 1 
350 5 0 
351 7 0 3 2 1 
352 6 3 0 1 
353 6 0 1 
354 3 7 
355 7 0 3 2 1 
356 4 3 0 1 
357 6 0 1 
358 2 0 1 
359 3 0 1 
360 0 7 4 5 6 
361 3 0 
362 1 6 7 0 
363 6 0 
364 0 6 4 5 7 
365 0 7 
366 4 3 2 1 0 
367 6 3 2 0 1 
368 0 4 5 7 6 
369 6 3 2 1 0 
370 2 3 1 0 
371 5 3 0 1 
372 1 3 2 0 
373 2 3 0 1 
374 5 7 4 6 3 
375 5 0 1 
376 0 3 
377 3 0 
378 4 3 2 1 0 
379 1 3 0 
380 3 2 1 0 
381 4 6 7 
382 0 7 4 5 6 
383 2 4 5 7 6 
384 1 4 5 7 6 
385 7 4 6 
386 1 4 5 7 0 
387 7 2 
388 4 0 1 
389 0 7 6 
390 0 3 1 
391 0 1 
392 4 0 
393 7 3 2 0 
394 7 6 
395 7 3 0 1 
396 6 0 3 2 1 
397 0 3 
398 6 4 5 7 
399 1 3 2 0 
401 0 7 2 
402 7 3 0 1 
403 4 5 7 0 
404 3 0 1 
405 3 0 
406 4 0 
407 6 3 0 
408 3 2 1 0 
409 1 3 0 
410 7 4 6 0 
411 0 7 4 6 
412 4 3 0 1 
413 7 3 2 0 1 
414 7 4 6 
415 6 3 2 1 0 
416 6 4 5 0 
417 7 4 5 0 
418 3 4 6 5 7 0 
419 7 3 2 1 0 
420 4 0 
421 6 4 5 0 
422 2 3 0 1 
423 3 4 6 5 7 0 
424 5 6 7 0 
425 3 4 5 6 0 
426 1 3 2 0 
428 0 4 5 6 
429 2 4 5 7 6 
430 4 3 0 1 
431 7 4 5 6 0 
432 3 0 1 
433 6 0 
434 2 7 
435 5 0 3 1 
436 0 4 5 7 6 
437 3 6 7 0 
438 1 6 4 5 7 0 
439 5 7 6 0 
440 0 3 1 
441 3 7 4 6 0 
442 4 6 5 7 0 
443 1 4 5 7 6 
444 3 0 
445 4 0 1 
446 6 0 3 2 1 
447 1 3 2 0 
448 1 6 7 0 
449 7 6 0 
450 1 7 4 5 6 3 
451 7 3 0 
452 4 6 5 7 0 
453 0 7 4 6 
454 0 4 6 7 
455 1 0 3 2 
456 4 0 3 2 1 
457 7 3 0 1 
458 7 0 1 
459 6 3 2 1 0 
460 4 3 2 1 0 
461 2 6 7 0 
462 6 7 4 5 
463 1 4 6 7 
464 0 3 
465 1 3 2 0 
466 5 4 6 7 0 
467 4 0 3 2 1 
468 3 6 7 0 
469 2 3 0 
470 4 7 5 6 0 1 
471 6 4 5 7 0 
472 3 4 5 7 6 
473 1 3 0 
474 4 0 1 
475 0 3 1 
476 4 3 0 
477 7 4 6 5 0 
478 5 0 
479 6 0 3 2 1 
480 6 7 4 0 
481 7 0 1 
482 3 4 5 7 6 
483 7 3 2 1 0 
484 4 7 6 0 
485 7 0 1 
486 2 7 6 0 
487 3 7 4 6 0 
488 0 3 2 1 
489 3 2 0 1 
490 1 3 2 0 
491 6 4 5 0 
492 1 0 
493 2 3 0 1 
494 4 7 6 0 
495 6 0 3 1 
496 3 0 
497 6 3 2 1 0 
498 2 3 0 1 
499 5 7 4 6 0 
500 0 3 2 1 
501 3 7 4 5 6 0 1 
502 1 4 6 5 7 0 
503 5 0 1 
504 0 4 6 5 7 
505 3 6 4 5 7 0 
506 4 0 1 
507 1 7 6 0 
508 3 4 5 7 6 
509 4 7 5 6 3 
510 6 3 2 1 0 
511 1 7 6 0 
512 1 4 5 6 0 
513 7 6 0 
514 1 6 7 0 
515 7 6 
516 4 0 
517 0 7 4 6 
518 0 6 7 
519 1 0 3 
520 4 7 5 6 3 
521 7 2 
522 7 3 0 
523 7 6 4 5 0 
524 4 3 2 0 
525 2 4 6 5 7 0 
526 6 0 1 
527 1 4 6 5 7 0 
528 0 1 
529 1 7 4 5 6 3 
530 5 7 4 6 3 
531 4 5 7 6 
532 3 0 2 1 
533 2 7 4 5 6 
534 4 3 0 1 
535 7 2 
536 3 7 4 5 6 
537 1 0 
538 4 7 5 6 0 1 
539 0 3 2 1 
540 4 5 7 0 
541 7 2 
542 5 4 7 6 
543 6 0 3 2 1 
544 6 4 5 7 0 
545 7 4 5 6 0 
546 3 4 5 7 0 
547 7 0 3 1 
548 4 3 0 
549 6 3 0 
550 2 7 6 0 
551 3 7 4 5 6 
552 0 7 4 5 6 1 
553 3 0 1 
554 1 0 3 
555 6 4 7 
556 1 3 0 
557 2 3 0 
558 4 0 3 1 
559 6 3 2 1 0 
560 3 7 6 
561 6 3 2 1 0 
562 2 0 
563 5 4 6 7 
564 0 1 
565 3 0 
566 1 3 2 0 
567 5 4 7 6 
568 0 4 5 7 6 
569 3 0 1 
570 4 7 5 6 
571 1 3 2 0 
572 3 2 1 0 
573 4 7 6 
574 6 3 0 1 
575 1 3 0 
576 1 4 5 6 0 
577 7 3 2 1 0 
578 1 3 0 
579 7 3 2 1 0 
580 4 3 2 0 1 
581 0 6 4 5 7 
582 0 1 
583 1 3 2 0 
584 4 6 5 7 0 
585 7 4 6 
586 7 3 2 1 0 
587 7 4 5 0 
588 4 0 
589 2 4 6 5 7 0 
590 6 7 0 
591 1 3 0 
592 0 1 
593 1 4 5 7 6 
594 5 0 3 2 1 
595 4 5 7 0 
596 3 6 4 5 7 0 
597 3 7 2 
598 4 0 
599 6 7 4 5 
600 3 7 4 6 0 
601 1 7 2 
602 4 6 7 
603 0 7 6 
604 4 7 6 0 
605 7 6 
606 5 7 4 6 
607 6 3 0 1 
608 6 3 0 
610 3 0 
611 7 4 5 6 
612 4 5 6 0 
613 6 7 4 
614 2 7 4 6 
615 3 4 6 7 
617 2 4 5 6 0 
618 2 3 0 
619 6 0 1 
620 2 0 1 
621 2 0 3 1 
622 6 7 4 
623 6 7 0 
624 3 2 0 1 
625 6 4 7 
626 2 3 0 1 
627 6 7 4 5 
628 2 7 
629 3 0 
630 2 3 0 1 
631 5 7 2 
632 3 4 5 7 6 
633 3 7 4 6 0 
634 4 3 2 0 
635 0 7 4 5 6 3 
636 3 2 1 0 
637 7 3 2 0 
638 6 3 2 0 1 
639 2 7 
640 1 7 4 5 6 0 
641 7 0 1 
642 2 3 0 
643 7 4 5 6 
644 4 0 1 
645 3 7 
646 2 4 6 7 
647 3 0 
648 6 4 5 7 0 
649 7 0 
650 7 3 2 1 0 
651 7 3 2 1 0 
652 6 7 4 0 
653 2 0 3 1 
654 6 7 
655 1 3 2 0 
656 0 3 2 
657 1 3 2 0 
658 7 4 5 0 
659 6 7 0 
660 3 4 5 7 6 
661 3 0 1 
662 4 7 5 6 0 1 
663 6 7 0 
664 3 0 2 1 
665 0 1 
666 7 4 6 5 0 
667 0 3 2 1 
668 4 0 
671 6 7 0 
672 6 7 0 
673 7 4 6 5 0 
674 3 0 1 
675 7 4 5 6 0 1 
676 4 7 6 
677 6 3 0 
678 2 6 4 5 7 0 
679 3 2 1 0 
680 1 7 4 5 6 
681 3 7 6 
682 1 4 5 6 0 
683 6 4 5 7 
684 1 3 2 0 
685 2 4 5 7 6 
686 6 4 5 7 0 
687 5 3 2 1 0 
688 3 7 6 0 
689 6 7 4 5 0 1 
690 2 7 4 6 
691 6 4 5 7 
692 1 3 0 
693 2 7 
694 1 3 0 
695 5 7 4 6 0 
696 0 4 5 7 
697 3 4 5 7 0 
698 4 6 5 7 0 
699 1 3 0 
700 3 4 5 7 6 
701 7 4 5 6 
702 7 3 0 
703 0 7 4 5 6 1 
704 1 7 4 5 6 
705 7 6 4 5 0 
706 1 0 
707 6 3 0 
708 4 3 2 0 
709 0 4 5 7 6 
710 0 4 5 7 6 
711 1 0 
712 6 0 3 1 
713 7 3 0 
714 7 0 
715 7 4 5 0 
716 6 7 
717 2 7 4 5 6 0 1 
718 6 4 5 7 
719 1 7 
720 0 4 5 7 6 
721 1 7 4 5 6 0 
722 6 7 0 
723 6 3 2 1 0 
724 3 7 2 
725 3 7 4 5 6 
726 4 7 
727 7 4 6 0 
728 3 0 1 
729 1 3 2 0 
730 7 0 3 2 1 
731 0 4 6 7 
732 4 3 2 0 1 
733 6 3 2 0 1 
734 7 2 
735 6 4 5 7 0 
736 7 0 1 
737 7 4 5 6 
738 2 3 1 0 
739 7 6 
740 4 7 2 
741 6 0 1 
742 2 6 4 5 7 0 
743 2 7 6 
744 0 3 
745 2 0 
746 1 4 5 7 0 
747 6 4 5 0 
748 1 3 0 
749 2 3 0 
750 6 4 5 7 
751 5 3 2 1 0 
752 3 7 4 6 0 
753 5 3 0 1 
754 2 7 
755 6 3 2 0 
756 0 3 2 
757 2 4 5 7 0 
758 0 6 7 
759 5 3 0 
760 0 7 4 6 
761 2 7 4 5 6 0 1 
762 4 0 
763 1 7 4 6 0 
764 2 3 0 
765 7 4 6 
766 4 5 7 0 
767 1 4 5 7 6 
768 5 7 2 
769 4 7 
770 0 7 6 
771 5 3 0 
772 4 5 7 6 
774 0 7 4 5 6 1 
776 7 3 2 0 1 
777 7 0 
778 5 7 4 6 0 1 
779 5 6 4 7 0 
780 4 3 2 0 1 
781 2 0 3 1 
782 4 3 0 
783 1 3 2 0 
784 0 7 
785 1 4 5 7 0 
786 7 3 0 1 
787 6 3 2 1 0 
788 3 7 6 
789 2 0 3 1 
790 4 3 2 1 0 
791 5 4 6 7 
792 2 0 
793 1 7 4 5 6 0 
794 6 4 5 7 
795 0 7 4 6 
796 4 7 6 
797 5 3 2 1 0 
798 4 7 6 0 
799 5 4 7 0 
800 4 7 5 6 3 
801 5 3 2 1 0 
802 2 3 0 1 
803 5 6 4 7 0 
804 4 0 3 2 1 
805 5 0 
806 2 0 1 
807 2 7 4 5 6 0 1 
808 0 4 5 7 
809 2 3 0 
810 1 3 2 0 
811 7 4 5 6 
812 1 0 
813 2 7 6 
814 6 3 0 1 
815 5 0 3 2 1 
816 3 2 0 
817 5 4 7 6 
818 2 0 1 
819 6 7 4 5 3 
820 2 3 1 0 
821 2 4 5 6 0 
822 1 7 
823 5 7 
824 2 3 0 1 
825 2 4 5 6 0 
826 5 3 2 0 
827 1 3 2 0 
828 2 6 4 5 7 0 
829 7 4 5 6 
830 0 3 
831 1 3 0 
832 1 3 0 
833 4 5 7 6 
834 5 0 
835 3 6 7 0 
836 5 7 4 6 3 
837 7 3 0 1 
838 0 7 6 
839 1 7 
840 6 7 0 
841 7 4 5 6 
842 5 7 4 6 
843 7 3 2 0 1 
844 7 4 6 
845 2 0 3 1 
846 5 3 2 1 0 
847 5 6 7 0 
848 0 4 6 7 
849 1 0 
850 7 3 0 
851 6 7 0 
853 1 0 
854 5 4 7 0 
855 5 7 6 0 
856 0 4 6 5 7 
857 3 7 4 5 6 
858 5 0 3 2 1 
859 3 2 0 1 
860 5 7 
861 5 7 4 6 
862 5 4 6 7 0 
863 5 3 2 1 0 
864 4 0 3 1 
865 5 7 4 6 3 
866 2 0 1 
867 5 6 7 0 
868 5 4 6 7 0 
869 5 7 4 6 0 
870 2 4 5 7 6 
871 2 3 0 
872 2 3 1 0 
873 2 0 1 
874 2 3 1 0 
875 6 0 1 
876 2 7 4 5 6 3 
877 0 3 2 1 
878 5 4 6 0 
879 5 3 2 1 0 
880 0 4 6 5 7 
881 5 7 4 6 0 1 
882 2 3 0 1 
883 5 0 3 2 1 
884 2 7 4 6 0 
885 2 0 
886 2 7 4 5 6 3 
887 5 7 2 
888 5 3 2 1 0 
889 2 4 5 7 6 
890 2 3 1 0 
891 4 6 5 7 0 
892 4 3 0 
893 0 3 1 
894 0 3 
895 5 3 0 1 
896 5 7 4 6 
897 4 3 0 1 
898 5 7 4 6 
899 3 2 1 0 
901 7 0 3 1 
902 5 4 6 7 
903 5 7 2 
904 2 3 1 0 
905 3 4 6 5 7 0 
906 2 0 3 1 
907 0 6 4 5 7 
908 2 7 4 6 
909 5 3 2 1 0 
910 0 3 
911 5 7 6 0 
912 0 3 
913 6 3 2 1 0 
914 5 4 7 0 
915 5 7 4 6 0 1 
917 2 3 1 0 
918 2 3 0 1 
919 6 3 2 0 
920 5 4 7 6 
921 3 0 1 
922 5 0 
923 3 6 4 5 7 0 
924 2 3 1 0 
925 5 7 
926 2 4 6 7 
927 3 0 1 
928 0 3 
929 5 6 4 7 0 
930 2 7 4 6 
931 7 4 6 5 0 
932 5 0 1 
933 2 7 4 6 0 
934 5 3 2 1 0 
935 2 4 6 7 
936 2 7 
937 2 3 0 
938 2 7 4 5 6 
939 0 4 5 6 
940 2 0 1 
941 2 3 0 
942 3 7 4 6 
943 6 7 
944 3 0 1 
945 6 0 1 
946 2 7 
947 5 7 4 6 0 1 
948 5 7 6 0 
949 7 3 2 1 0 
950 5 4 6 0 
951 5 7 
952 5 4 6 7 0 
953 2 3 1 0 
954 5 3 2 0 1 
955 4 3 2 1 0 
956 4 3 2 0 1 
957 7 6 0 
958 6 0 
959 5 4 7 0 
960 5 3 2 1 0 
961 7 6 0 
962 2 7 4 5 6 3 
963 7 2 
964 5 7 2 
965 0 7 4 6 
966 2 3 0 
967 2 4 5 6 0 
968 5 4 7 6 
969 7 4 5 0 
970 2 0 3 1 
971 7 4 5 6 
972 5 3 2 1 0 
973 0 3 2 1 
974 5 7 4 6 0 1 
975 3 0 1 
977 0 4 6 7 
978 5 7 
979 5 7 4 6 0 
980 3 0 
981 1 0 
982 5 3 0 
983 6 7 0 
984 5 4 6 7 
985 3 0 
986 2 3 0 1 
987 3 2 0 1 
988 2 3 0 1 
989 0 4 5 7 
990 2 0 3 1 
991 3 2 0 
992 3 0 1 
993 5 4 6 0 
994 2 4 6 7 
995 6 7 0 
996 2 4 5 7 6 
997 2 3 1 0 
998 2 3 0 1 
999 2 4 5 7 0 
1001 2 4 5 7 6 
1002 1 4 6 5 7 0 
1004 2 4 5 6 0 
1005 0 7 6 
1006 3 0 
1007 3 4 6 7 
1008 0 4 5 7 
1009 6 3 2 1 0 
1010 2 0 
1011 6 3 2 0 
1012 5 7 6 
1013 5 0 1 
1014 5 4 6 7 0 
1015 2 3 1 0 
1016 5 3 2 1 0 
1017 2 7 4 5 6 0 1 
1018 2 0 
1019 6 7 
1020 4 5 7 0 
1021 7 4 5 6 
1022 5 3 2 1 0 
1023 5 4 7 6 
