0 2 1 0 5 4 
1 2 1 6 7 0 4 
2 0 3 2 4 5 
3 5 6 7 4 
4 3 0 1 5 4 
5 0 6 3 5 4 
6 4 0 1 3 2 
7 3 6 0 1 7 5 4 
8 4 0 7 1 6 
9 5 6 3 4 
10 3 0 2 1 5 
11 3 2 6 7 4 
12 7 6 2 3 4 
13 6 3 2 7 5 
14 2 6 7 1 0 4 
15 1 0 7 6 4 
16 3 0 7 1 6 4 
17 0 3 1 5 4 
18 3 1 0 5 4 
19 5 1 0 3 
20 7 3 2 1 4 6 
21 7 6 4 
22 3 1 7 2 0 4 
23 0 1 5 4 
24 3 1 0 5 4 
25 6 1 0 7 4 
26 6 0 1 4 
27 2 1 6 0 7 4 
28 7 5 4 
29 3 2 6 7 5 
30 5 1 0 4 
31 7 1 0 6 4 5 
32 4 3 6 2 7 
33 6 1 3 0 7 4 
34 2 3 1 0 5 4 
35 4 3 0 2 1 6 
36 1 7 3 6 0 5 
37 3 0 1 6 5 7 
38 1 6 0 7 4 
39 3 2 5 
40 4 2 0 5 6 1 3 
41 4 3 5 2 
42 4 3 2 6 5 
43 0 3 6 2 7 4 
44 4 6 7 
45 6 3 5 4 
46 2 3 5 
47 0 3 5 4 
48 1 7 3 2 6 4 
49 6 3 5 4 
50 7 6 0 3 1 5 4 
51 3 6 7 2 5 4 
52 6 2 3 5 4 
53 2 6 7 3 4 5 
54 2 5 3 4 
55 0 3 2 1 5 4 
56 2 3 0 6 4 5 
57 4 0 3 1 6 
58 3 6 4 5 
59 7 4 2 3 6 
60 2 7 3 6 4 
61 0 1 5 4 
62 4 3 2 6 5 
63 3 2 4 5 
64 2 3 4 5 
65 3 4 2 6 7 
66 0 2 3 5 4 
67 5 1 6 7 0 4 
68 3 6 7 2 4 5 
69 0 2 5 6 1 3 4 
70 4 6 0 7 1 
71 3 1 7 2 0 4 
72 4 3 5 2 
73 5 1 0 3 
74 3 5 2 4 
75 3 2 5 4 
76 7 6 0 1 4 
77 6 3 2 5 
78 2 3 6 7 5 4 
79 1 0 6 7 4 5 
80 3 6 7 1 0 4 
81 0 6 7 1 4 
82 3 4 5 
83 7 3 2 1 0 5 4 
84 7 6 0 1 4 
85 7 3 1 0 5 4 
86 3 6 7 4 
87 0 3 6 2 1 4 5 
88 3 1 0 5 4 
89 6 0 1 7 4 
90 4 1 6 7 0 
91 2 1 0 3 5 
92 7 3 2 1 0 5 4 
93 2 7 3 1 4 6 
94 5 4 
95 7 6 4 
96 4 0 5 3 1 
97 6 3 5 4 
98 2 3 1 0 5 4 
99 4 1 3 0 7 
100 1 4 2 3 6 7 
101 3 0 6 4 5 
102 1 7 3 2 4 6 
103 3 1 0 7 6 4 
104 4 5 
105 4 5 3 2 
106 4 0 1 3 2 
107 0 5 4 
108 4 5 3 2 
109 6 7 3 2 1 4 
110 2 6 4 7 5 
111 0 6 7 4 
112 1 6 3 2 7 5 
113 6 7 2 3 4 
114 7 6 4 
115 2 3 5 4 
116 6 1 0 3 4 
117 2 6 3 4 5 
118 2 1 7 0 4 
119 0 2 3 5 4 
120 2 3 0 6 4 5 
121 4 3 2 6 7 5 
122 3 7 2 1 4 6 
123 7 3 0 6 4 5 
124 2 3 4 5 
125 0 6 3 4 5 
126 4 3 5 2 
127 3 7 6 4 
128 2 0 1 3 4 5 
129 5 3 6 7 2 4 
130 0 7 6 4 
131 6 1 0 5 4 
132 2 6 3 7 5 
133 0 2 3 5 4 
134 4 6 0 7 1 
135 3 0 1 4 
136 4 1 6 7 0 
137 5 1 6 2 0 7 4 
138 3 4 
139 3 2 6 7 4 
140 7 0 2 1 3 5 
141 6 3 2 5 4 
142 2 3 5 4 
143 1 0 5 3 4 
144 1 7 3 6 0 5 
145 1 0 5 4 
146 3 6 5 4 
147 5 4 
148 7 3 2 6 4 
149 7 1 6 2 0 4 
150 3 0 1 4 
151 0 7 1 6 4 
152 3 6 4 5 
153 6 0 7 1 4 
154 4 2 0 3 1 
155 2 3 5 4 
156 7 3 5 2 4 
157 3 2 6 7 4 
158 5 0 3 1 6 4 
159 7 1 3 0 4 
160 4 3 6 2 7 
161 6 0 7 1 4 
162 2 0 5 6 1 3 4 
163 5 1 7 2 0 4 
164 1 0 7 6 4 
165 2 3 0 6 1 4 5 
166 1 0 6 5 7 
167 0 1 6 7 4 5 
168 4 7 6 
169 4 6 0 3 1 7 5 
170 5 1 6 2 0 7 4 
171 0 1 4 
172 4 3 5 
173 6 1 0 5 4 
174 2 1 6 0 7 4 
175 0 3 5 4 
176 3 4 2 6 7 
177 6 3 7 4 
178 7 0 1 6 4 
179 3 0 1 4 
180 6 3 0 4 5 
181 3 0 1 4 5 
182 2 1 6 0 7 4 
183 1 4 3 5 
184 2 6 7 3 4 
185 4 6 3 2 7 5 
186 3 6 2 7 5 
187 7 0 3 1 4 
188 2 6 0 3 1 7 5 4 
189 0 3 6 4 5 
190 5 6 4 7 
191 3 2 0 5 6 1 4 
192 2 6 7 4 
193 3 6 4 7 5 
194 0 6 3 1 7 5 4 
195 4 6 7 1 0 
196 3 6 7 4 
197 0 3 2 1 5 4 
198 4 3 5 
199 3 0 6 2 1 4 5 
200 4 3 2 5 
201 5 3 0 2 1 6 4 
202 2 7 3 6 4 
203 3 1 0 6 7 4 5 
204 3 0 1 6 4 
205 6 1 7 0 4 
206 2 6 3 5 4 
207 1 2 0 3 4 
208 2 6 3 5 4 
209 0 5 3 1 4 
210 3 2 0 5 6 1 4 
211 5 3 2 1 0 4 
212 7 6 0 3 1 5 4 
213 7 3 2 4 5 
214 3 0 1 5 4 
215 1 0 3 4 
216 3 6 2 7 4 
217 6 1 0 5 4 
218 4 3 
219 2 0 1 3 4 5 
220 7 0 1 6 4 
221 3 2 0 1 4 
222 5 6 0 7 1 4 
223 7 4 2 3 6 
224 4 6 0 7 1 
225 5 1 0 4 
226 2 3 5 4 
227 4 7 3 2 1 6 
228 1 0 6 7 4 
229 3 7 2 1 4 6 
230 1 7 2 0 4 
231 3 6 7 2 4 
232 4 1 0 3 5 
233 5 0 1 4 
234 4 2 0 5 6 1 3 
235 0 3 2 4 5 
236 4 3 5 
237 3 1 7 2 0 4 
238 2 6 3 4 5 
239 0 1 5 4 
240 1 0 6 7 4 
241 4 3 5 
242 6 0 1 7 4 
243 3 1 7 2 0 4 
244 5 6 7 2 3 4 
245 2 6 0 7 1 4 
246 2 6 3 7 5 
247 0 1 5 4 
248 2 6 3 4 5 
249 5 0 1 6 7 
250 2 0 3 1 4 
251 7 1 3 0 4 
252 2 7 3 6 1 0 5 
253 0 3 2 4 5 
254 4 1 0 5 
255 0 1 3 2 4 
256 1 0 3 2 4 
257 3 7 2 6 4 
258 0 2 3 5 4 
259 5 3 6 7 2 4 
260 3 2 6 5 4 
261 0 3 6 2 7 4 
262 5 7 3 2 6 4 
263 5 1 0 4 
264 4 3 2 5 
265 7 3 6 2 5 4 
266 1 6 0 3 7 5 4 
267 3 5 2 4 
268 7 3 1 0 5 4 
269 6 7 1 0 4 
270 1 0 6 5 7 
271 1 6 7 2 3 4 5 
272 3 7 6 1 0 5 
273 0 3 6 7 2 5 4 
274 3 2 1 0 5 4 
275 5 3 0 6 4 
276 7 6 4 
277 7 3 2 1 4 6 
278 3 6 4 5 
279 1 0 6 7 4 5 
280 0 6 7 1 4 
281 4 6 0 7 1 
282 4 3 5 2 
283 1 7 2 0 4 
284 7 0 2 1 3 5 
285 3 1 0 4 
286 5 1 0 3 4 
287 7 3 0 2 1 6 4 
288 4 5 3 2 
289 6 3 4 
290 4 3 2 1 0 5 
291 5 6 0 7 1 4 
292 1 0 5 3 4 
293 3 7 2 6 4 
294 1 0 3 4 
295 3 0 1 4 
296 4 3 
297 4 5 
298 4 3 
299 0 3 1 6 4 
300 5 1 0 6 7 4 
301 6 0 1 4 
302 2 3 6 7 5 
303 1 7 3 6 0 5 
304 1 6 3 4 5 
305 6 0 1 5 7 
306 7 3 0 2 1 6 4 
307 3 0 1 4 
308 6 1 0 7 4 5 
309 2 3 5 
310 2 3 5 4 
311 0 4 3 5 
312 2 7 6 4 
313 4 3 0 6 5 
314 3 5 2 4 
315 7 1 0 5 4 
316 2 0 5 3 1 4 
317 0 3 2 1 6 4 
318 4 0 1 3 2 
319 0 3 2 6 7 5 
320 4 3 5 2 
321 1 3 0 7 4 
322 1 6 7 0 4 
323 5 3 2 
324 3 2 0 1 4 
325 1 0 3 4 
326 1 3 5 4 
327 3 1 0 5 4 
328 4 3 5 
329 5 6 7 4 
330 3 6 7 2 5 4 
331 6 4 3 5 
332 7 3 6 2 4 
333 7 3 2 4 5 
334 2 0 1 6 5 7 
335 1 3 6 2 7 4 
336 3 0 7 1 6 4 
337 0 4 3 5 
338 2 1 0 5 4 
339 5 0 7 1 6 4 
340 7 3 1 0 5 4 
341 7 3 0 1 5 4 
342 2 3 6 5 4 
343 0 3 7 6 4 
344 3 0 1 6 4 
345 6 3 7 2 5 4 
346 5 3 4 
347 2 7 6 4 
348 5 7 3 6 1 0 
349 3 0 1 4 5 
350 5 4 
351 7 0 1 3 4 5 
352 4 7 6 
353 6 3 2 5 
354 2 3 0 1 5 4 
355 4 0 1 3 5 
356 1 3 2 4 5 
357 3 0 1 6 4 
358 1 3 0 5 4 
359 3 2 4 5 
360 5 6 7 2 3 4 
361 4 1 0 3 
362 4 0 1 6 5 7 
363 6 0 7 1 4 
364 4 3 2 1 0 5 
365 6 3 0 1 5 4 
366 2 1 3 0 7 4 
367 6 3 2 7 4 
368 1 0 3 4 
369 6 7 2 3 4 5 
370 7 6 2 3 4 5 
371 3 6 5 4 
372 7 3 5 4 
373 2 7 6 4 
374 0 2 3 5 4 
375 0 3 1 6 4 
376 2 1 5 0 4 
377 4 1 5 0 
378 2 6 7 3 4 5 
379 7 3 0 6 4 5 
380 2 0 1 3 4 
381 0 6 4 7 5 
382 4 6 7 2 3 
383 3 1 0 4 
384 2 0 1 6 7 4 
385 5 6 4 7 
386 6 3 2 7 4 
387 4 5 3 2 
388 4 3 1 0 5 
389 0 3 2 6 5 4 
390 4 1 6 2 0 7 
391 0 3 2 5 
392 4 0 7 1 6 
393 7 3 6 4 
394 3 2 6 5 4 
395 1 3 2 4 5 
396 3 4 2 6 7 
397 6 3 0 4 5 
398 2 1 0 3 4 
399 6 1 3 0 7 4 
400 6 0 7 1 4 
401 0 3 2 1 6 4 
402 3 6 5 4 
403 1 3 2 6 7 4 
404 1 6 2 0 7 4 
405 4 2 0 3 1 
406 0 7 3 6 1 5 
407 6 2 0 3 1 4 
408 6 7 4 
409 6 3 2 4 5 
410 6 0 5 3 1 4 
411 6 0 5 3 1 4 
412 1 3 2 4 5 
413 4 3 5 
414 5 1 7 2 0 4 
415 6 1 3 0 7 4 
416 1 3 2 4 5 
417 6 3 2 7 4 
418 2 0 3 1 4 
419 6 7 4 
420 4 0 7 1 6 
421 5 1 0 6 7 4 
422 4 7 6 
423 6 0 3 1 4 
424 1 0 2 3 5 
425 4 3 2 5 
426 4 6 7 
427 0 6 3 4 5 
428 1 3 2 4 5 
429 3 1 0 4 
430 7 3 2 1 4 6 
431 0 3 2 4 5 
432 3 0 1 6 4 
433 4 7 3 6 1 0 5 
434 2 3 0 1 6 4 
435 7 0 1 4 
436 5 0 1 6 7 4 
437 3 0 2 1 5 
438 2 3 0 6 1 4 5 
439 7 0 1 6 4 
440 0 6 3 5 4 
441 1 6 7 0 4 
442 7 3 0 6 2 1 4 5 
443 7 1 0 3 4 
444 2 6 3 7 5 
445 0 2 5 6 1 3 4 
446 4 2 3 6 7 
447 2 1 0 5 4 
448 2 0 1 6 5 7 
449 3 0 2 1 5 
450 0 3 6 7 2 5 4 
451 5 3 0 6 4 
452 3 1 0 7 6 4 
453 0 6 7 1 4 
454 4 6 7 5 
455 2 0 1 3 4 5 
456 4 2 3 6 7 
457 5 7 6 4 
458 3 2 0 5 6 1 4 
459 3 7 2 6 4 
460 7 1 3 0 4 
461 6 0 2 1 3 5 
462 2 6 7 3 4 
463 1 6 0 3 7 5 4 
464 3 1 0 4 
465 0 3 7 6 4 
466 3 1 0 7 6 4 
467 5 4 2 3 6 7 
468 7 0 2 1 3 5 
469 7 3 6 4 
470 3 4 
471 0 3 2 1 5 4 
472 3 1 0 4 
473 6 7 4 
474 4 3 1 0 5 
475 2 3 4 5 
476 7 2 0 3 1 4 
477 1 0 3 4 
478 5 7 3 6 1 0 
479 7 0 1 3 4 5 
480 4 6 7 1 0 
481 6 3 2 5 
482 2 3 5 4 
483 4 6 7 
484 1 3 5 4 
485 3 2 5 
486 1 0 7 6 4 
487 2 6 7 1 0 4 
488 4 0 1 3 5 
489 4 3 5 
490 4 3 5 
491 0 1 6 7 4 5 
492 4 3 2 5 
493 4 3 6 2 7 
494 2 3 5 4 
495 0 1 4 
496 1 0 7 6 4 
497 6 3 2 7 5 
498 7 6 4 
499 3 0 5 1 4 
500 6 4 2 3 7 
501 2 3 4 
502 2 1 0 7 6 4 
503 0 3 1 5 4 
504 2 1 0 7 6 4 
505 4 3 0 6 2 1 5 
506 3 1 0 5 4 
507 7 3 5 4 
508 2 3 5 4 
509 0 2 3 5 4 
510 4 6 7 
511 3 0 7 1 6 4 
512 2 3 4 5 
513 3 0 7 1 6 4 
514 0 1 6 5 7 
515 5 3 2 6 4 
516 3 6 2 7 5 
517 0 6 7 1 4 
518 4 0 1 6 5 7 
519 3 0 1 4 
520 4 2 3 5 
521 5 3 2 4 
522 3 1 0 4 
523 3 0 6 2 1 4 5 
524 7 3 6 4 
525 6 1 0 7 4 
526 2 0 5 6 1 3 4 
527 1 0 7 6 4 
528 3 2 0 5 6 1 4 
529 0 2 3 5 4 
530 3 6 7 2 5 4 
531 5 1 0 3 4 
532 7 4 2 3 6 
533 7 6 2 3 4 
534 3 2 4 5 
535 0 3 2 1 6 4 
536 3 2 5 4 
537 6 3 2 7 5 
538 4 3 
539 2 3 6 7 5 
540 7 1 0 3 5 
541 3 0 2 1 6 4 
542 5 6 7 4 
543 7 0 1 3 4 5 
544 4 0 3 1 
545 6 1 0 7 4 5 
546 2 3 6 7 4 
547 4 1 6 2 0 7 
548 1 0 3 4 
549 3 1 0 4 
550 1 3 5 4 
551 3 6 7 2 5 4 
552 4 3 
553 4 0 3 1 6 
554 4 1 6 2 0 7 
555 0 6 4 7 5 
556 4 1 5 0 
557 6 1 0 5 4 
558 2 1 6 0 7 4 
559 0 7 3 2 6 4 
560 1 4 3 5 
561 6 1 3 0 7 4 
562 7 6 3 2 5 
563 3 6 4 7 5 
564 6 3 2 5 
565 2 0 3 1 4 
566 2 3 7 6 4 
567 0 6 7 4 
568 2 0 1 6 7 4 
569 4 3 1 0 5 
570 3 6 7 2 4 
571 7 3 2 6 4 
572 2 3 6 7 5 
573 0 1 7 2 4 
574 4 6 3 5 
575 3 2 0 1 4 
576 2 1 0 6 7 4 5 
577 3 7 2 6 4 
578 0 1 5 4 
579 5 0 1 3 2 4 
580 3 6 2 7 4 
581 0 3 2 1 5 4 
582 4 3 1 0 5 
583 3 7 6 4 
584 4 3 0 6 2 1 5 
585 5 6 0 7 1 4 
586 3 0 1 2 4 
587 3 1 0 5 
588 7 5 4 
589 6 1 0 7 4 
590 2 0 1 3 5 
591 1 6 3 5 4 
592 3 2 0 5 6 1 4 
593 0 3 5 2 4 
594 3 4 2 6 7 
595 5 1 0 3 
596 7 3 2 1 0 5 4 
597 7 5 3 2 4 
598 3 7 6 1 0 5 
599 0 6 7 2 3 4 
600 2 0 5 3 1 4 
601 6 3 0 2 1 4 
602 4 6 0 3 1 7 5 
603 2 3 6 5 4 
604 7 0 5 3 1 4 
605 3 4 5 
606 5 1 7 2 0 4 
607 7 3 2 1 4 6 
608 4 1 0 3 
609 6 3 0 1 5 4 
610 2 6 3 7 5 
611 4 0 1 6 7 
612 1 3 2 4 5 
613 1 6 0 7 4 
614 1 6 0 7 4 
615 3 6 4 7 5 
616 4 0 7 1 6 
617 4 3 2 5 
618 4 1 5 0 
619 0 3 1 6 4 
620 4 0 3 1 6 
621 6 1 2 0 7 4 
622 2 1 7 0 4 
623 0 2 1 3 5 
624 1 3 5 4 
625 6 0 3 1 7 5 4 
626 7 6 4 
627 3 6 7 2 4 
628 6 5 3 2 4 
629 0 1 5 4 
630 2 3 4 5 
631 0 3 2 1 6 4 
632 2 6 7 4 
633 4 6 7 1 0 
634 3 1 0 5 4 
635 7 2 3 5 4 
636 2 3 6 7 5 
637 0 1 5 4 
638 4 3 6 2 7 
639 3 5 2 4 
640 2 3 4 
641 3 2 0 5 6 1 4 
642 0 3 6 4 5 
643 5 6 7 4 
644 3 0 1 6 4 
645 0 3 1 5 4 
646 4 6 0 3 1 7 5 
647 2 0 3 1 4 
648 4 0 3 1 
649 5 4 
650 3 1 0 7 4 
651 3 2 6 7 5 
652 7 0 5 3 1 4 
653 6 0 1 3 4 5 
654 2 3 6 5 4 
655 1 0 5 4 
656 3 1 0 5 4 
657 0 3 2 6 7 5 
658 3 1 0 5 
659 5 0 1 6 7 
660 7 0 1 6 4 
661 7 6 4 
662 3 1 6 7 0 4 
663 0 1 6 5 7 
664 3 0 1 4 5 
665 6 0 3 1 4 
666 4 1 0 7 6 
667 2 1 3 0 7 4 
668 7 0 1 6 4 
669 2 3 0 1 5 4 
670 5 6 3 4 
671 7 3 5 4 
672 4 0 2 1 3 5 
673 6 1 0 7 4 
674 2 1 6 0 7 4 
675 4 3 
676 1 3 2 6 5 4 
677 2 1 0 3 4 
678 1 3 0 6 2 4 5 
679 2 0 1 3 4 
680 4 1 0 5 
681 4 3 2 6 5 
682 4 3 2 5 
683 0 1 6 7 4 
684 4 6 7 2 3 5 
685 6 0 1 7 4 
686 2 1 0 7 6 4 
687 0 3 2 6 7 5 
688 1 3 5 4 
689 6 1 7 0 4 
690 7 1 2 0 4 
691 2 3 5 4 
692 6 3 5 4 
693 2 6 3 4 5 
694 2 7 3 1 4 6 
695 0 6 7 1 4 
696 2 1 0 3 5 
697 4 3 2 6 7 
698 2 0 3 1 4 
699 7 3 2 1 4 6 
700 2 6 7 4 
701 0 6 7 2 3 4 
702 4 2 0 3 1 
703 2 1 6 7 0 4 
704 2 1 0 5 4 
705 2 3 1 0 5 4 
706 0 3 2 5 
707 5 3 0 6 4 
708 2 3 7 6 4 
709 0 1 6 7 4 
710 4 3 5 2 
711 2 5 4 
712 4 0 1 
713 5 2 0 3 1 4 
714 2 5 4 
715 3 1 0 5 
716 7 4 3 5 
717 6 1 7 0 4 
718 2 1 0 3 4 
719 1 3 0 5 4 
720 2 1 0 3 4 
721 0 1 6 7 4 
722 2 0 7 1 6 4 
723 5 6 7 2 3 4 
724 7 5 3 2 4 
725 7 3 6 2 5 4 
726 2 3 0 1 5 4 
727 0 5 3 1 4 
728 2 3 5 
729 6 7 2 3 4 5 
730 4 2 3 6 7 
731 2 6 4 7 5 
732 7 3 5 4 
733 2 3 6 7 4 
734 5 3 2 4 
735 7 3 2 1 0 5 4 
736 4 3 1 0 5 
737 6 1 0 3 4 
738 2 6 7 3 4 5 
739 5 3 2 6 4 
740 1 5 3 2 4 
741 1 3 0 5 4 
742 1 3 0 6 2 4 5 
743 0 3 2 6 5 4 
744 5 1 0 3 4 
745 5 4 
746 5 3 2 6 7 4 
747 0 1 6 7 4 5 
748 5 3 2 4 
749 6 1 5 0 4 
750 0 6 7 4 
751 0 6 7 4 
752 1 6 7 0 4 
753 6 3 5 4 
754 7 3 0 2 1 6 4 
755 1 0 5 4 
756 6 3 7 4 
757 0 3 2 6 7 4 
758 1 0 6 5 7 
759 0 1 5 4 
760 0 1 7 2 4 
761 5 3 4 
762 2 6 3 7 5 
763 7 6 1 0 4 
764 1 3 7 6 4 
765 0 6 4 7 5 
766 5 1 0 3 
767 1 0 3 4 
768 1 3 0 2 6 4 
769 1 6 3 4 5 
770 0 3 2 6 5 4 
771 5 1 0 3 4 
772 1 0 6 7 4 
773 0 7 3 6 1 5 
774 5 3 4 
775 0 7 1 6 4 
776 4 3 6 2 7 
777 5 4 
778 1 6 7 0 4 
779 1 3 0 6 2 4 5 
780 7 3 6 2 4 
781 6 1 2 0 7 4 
782 1 5 0 4 
783 1 3 7 6 4 
784 1 6 3 4 5 
785 0 1 3 5 
786 1 7 3 2 4 6 
787 5 6 7 4 
788 7 4 3 5 
789 7 1 6 2 0 4 
790 0 3 2 6 7 5 
791 0 6 4 7 5 
792 0 7 3 6 1 5 
793 6 3 4 
794 5 3 2 4 
795 1 6 7 0 4 
796 7 3 2 6 5 4 
797 1 3 0 7 4 
798 5 3 4 
799 7 3 2 6 4 
800 5 3 6 7 2 4 
801 6 7 2 3 4 5 
802 1 3 5 4 
803 5 3 0 6 2 1 4 
804 1 0 3 4 5 
805 1 6 3 2 7 5 
806 1 2 0 5 6 3 4 
807 0 1 6 7 4 
808 5 1 0 3 
809 5 1 0 3 4 
810 5 6 7 2 3 4 
811 0 1 5 4 
812 5 4 
813 6 4 3 5 
814 0 6 3 5 4 
815 0 4 2 3 6 7 
816 1 3 7 6 4 
817 6 7 4 
818 7 3 1 0 5 4 
819 1 3 6 7 2 5 4 
820 6 0 1 3 2 4 
821 0 3 2 4 5 
822 1 3 0 5 4 
823 0 6 3 4 5 
824 0 3 6 2 7 4 
825 5 1 0 6 7 4 
826 2 1 0 5 4 
827 7 6 2 3 4 5 
828 1 3 0 6 2 4 5 
829 0 3 5 2 4 
830 5 3 0 6 4 
831 0 1 5 4 
832 1 6 3 5 4 
833 7 0 1 6 4 
834 6 0 7 1 4 
835 5 0 2 1 3 
836 5 2 3 4 
837 5 6 3 4 
838 5 4 3 
839 5 6 3 4 
840 4 0 1 6 5 7 
841 5 3 2 4 
842 6 7 2 3 4 
843 5 3 4 
844 7 6 0 3 1 5 4 
845 6 4 2 3 7 
846 7 0 1 3 2 4 
847 6 0 2 1 3 5 
848 6 4 7 5 
849 0 3 1 6 4 
850 1 5 0 4 
851 5 0 2 1 3 
852 7 0 1 6 4 
853 6 2 0 5 1 3 4 
854 0 3 2 6 7 4 
855 0 7 1 6 4 
856 0 3 1 4 
857 6 1 0 5 4 
858 5 0 1 3 4 
859 1 3 5 4 
860 7 3 0 1 5 4 
861 1 0 5 4 
862 5 1 0 7 6 4 
863 7 3 2 6 5 
864 5 0 1 4 
865 6 3 7 2 5 4 
866 1 2 0 5 6 3 4 
867 5 0 1 6 7 
868 1 0 3 4 
869 1 6 7 0 4 
870 1 3 5 2 4 
871 0 1 3 4 
872 5 7 3 2 6 4 
873 5 3 1 0 4 
874 5 1 3 0 7 4 
875 0 2 5 6 1 3 4 
876 5 3 6 7 2 4 
877 6 7 3 2 4 
878 0 3 2 4 5 
879 0 6 7 4 
880 1 0 3 4 
881 6 1 7 0 4 
882 7 3 5 4 
883 1 0 3 4 5 
884 7 0 5 3 1 4 
885 0 5 4 
886 0 2 3 5 4 
887 0 3 2 1 6 4 
888 0 1 3 7 4 
889 5 1 0 3 4 
890 2 7 3 6 4 
891 7 3 2 1 0 5 4 
892 1 2 0 3 4 
893 0 1 4 
894 5 3 0 6 4 
895 1 7 3 2 4 6 
896 1 0 5 4 
897 1 7 3 2 4 6 
898 1 0 5 4 
899 5 0 1 3 2 4 
900 1 0 7 6 4 
901 1 0 4 
902 7 6 0 3 1 5 4 
903 0 5 3 2 4 
904 4 6 7 2 3 5 
905 7 1 0 6 4 
906 1 0 3 4 5 
907 1 3 0 6 2 4 5 
908 6 0 7 1 4 
909 6 7 4 
910 1 2 0 3 4 
911 1 0 7 6 4 
912 1 2 0 3 4 
913 1 3 0 7 4 
914 1 0 3 5 
915 7 1 6 0 4 
916 7 3 6 1 0 5 
917 7 0 1 3 2 4 
918 5 7 3 2 1 4 6 
919 1 3 7 6 4 
920 1 0 3 4 
921 6 3 2 4 5 
922 6 7 3 1 0 5 
923 6 3 0 2 1 4 5 
924 7 6 4 
925 6 3 0 1 5 4 
926 7 6 4 5 
927 7 6 4 
928 6 3 0 4 5 
929 6 3 0 2 1 4 5 
930 7 1 2 0 4 
931 6 0 3 1 4 
932 1 3 0 5 4 
933 1 0 5 3 4 
934 1 7 3 2 6 4 
935 1 6 0 3 7 5 4 
936 5 3 0 1 4 
937 5 1 0 4 
938 5 6 7 2 3 4 
939 1 0 6 7 4 5 
940 6 3 2 5 
941 5 1 0 4 
942 0 1 7 2 4 
943 6 4 3 5 
944 5 1 6 2 0 7 4 
945 5 3 1 0 4 
946 7 3 0 2 1 6 4 
947 7 1 6 0 4 
948 5 3 4 
949 5 6 7 2 3 4 
950 7 1 0 6 4 5 
951 7 3 0 1 5 4 
952 1 0 3 4 
953 5 3 2 6 7 
954 7 3 6 2 4 
955 7 0 1 3 2 4 
956 1 3 5 4 
957 5 0 2 1 3 
958 7 3 6 1 0 5 
959 6 3 2 7 4 
960 4 6 7 
961 7 0 1 6 5 
962 5 2 3 4 
963 6 3 0 2 1 4 
964 5 3 2 4 
965 6 0 5 3 1 4 
966 7 1 0 5 4 
967 6 3 2 4 5 
968 4 0 1 6 7 
969 7 1 0 3 5 
970 6 0 1 4 
971 6 7 2 3 4 
972 7 3 2 6 5 
973 6 7 2 3 4 5 
974 7 1 6 0 4 
975 5 0 1 4 
976 6 0 7 1 4 
977 7 6 0 3 1 5 4 
978 5 6 3 4 
979 7 0 5 3 1 4 
980 7 3 6 1 0 5 
981 4 0 3 1 6 
982 5 1 0 3 4 
983 6 0 2 1 3 5 
984 6 4 7 5 
985 4 1 0 3 
986 6 7 4 
987 6 3 5 4 
988 5 7 6 4 
989 6 3 2 7 4 
990 7 4 2 3 6 
991 6 3 7 4 
992 6 0 3 1 4 
993 5 1 0 6 7 4 
994 7 6 4 5 
995 6 0 7 1 4 
996 5 6 7 4 
997 5 6 7 4 
998 4 3 2 5 
999 6 1 0 3 5 
1000 5 6 3 2 7 
1001 5 6 7 4 
1002 5 1 0 7 6 4 
1003 6 3 2 7 5 
1004 6 3 2 4 5 
1005 5 0 7 1 6 4 
1006 7 5 4 
1007 6 0 3 1 7 5 4 
1008 5 3 2 6 7 4 
1009 5 0 1 3 2 4 
1010 6 0 7 1 4 
1011 6 3 7 4 
1012 5 4 3 
1013 5 3 2 
1014 7 0 3 1 4 
1015 6 0 1 3 2 4 
1016 1 7 3 2 6 4 
1017 5 3 4 
1018 2 6 3 7 5 
1019 6 4 3 5 
1020 1 3 2 6 7 4 
1021 1 0 3 4 
1022 2 3 6 7 5 
1023 1 0 6 7 4 
