0 3 6 0 
1 6 0 7 1 4 
2 3 1 4 6 5 
3 6 1 5 3 
4 1 4 5 
5 1 3 6 2 5 
6 6 3 2 0 5 
7 2 1 3 5 
8 6 2 1 3 
9 7 5 1 2 4 3 
10 2 3 1 5 
11 0 3 6 
12 3 4 0 2 5 
13 6 5 1 2 4 3 
14 2 0 1 3 
15 7 6 4 5 
16 3 5 4 
17 0 2 1 3 
18 0 7 5 3 6 2 
19 5 6 0 4 1 
20 5 4 0 2 3 
21 7 6 4 3 1 5 
22 1 7 0 6 5 
23 7 0 6 1 4 
24 7 5 0 6 2 4 3 
25 2 7 5 4 
26 1 6 7 4 5 
27 3 6 7 0 5 1 
28 2 6 7 0 5 1 
29 4 5 1 2 6 3 
30 0 3 2 1 5 
31 6 0 4 7 1 
32 3 5 2 6 1 4 
33 6 3 2 0 5 
34 3 7 5 4 
35 6 4 7 3 5 1 
36 1 4 0 2 5 3 
37 1 5 7 6 4 3 
38 6 1 5 3 
39 2 5 4 
40 6 0 7 5 1 
41 7 3 6 2 5 1 
42 3 4 6 7 5 1 
43 0 3 2 1 
44 3 6 0 7 5 1 
45 6 5 7 4 
46 2 6 4 3 1 5 
47 5 4 
48 3 6 4 1 5 
49 0 5 1 4 
50 0 6 7 4 5 
51 5 4 6 7 3 1 
52 5 1 4 6 
53 5 0 1 
54 1 3 2 0 5 
55 5 6 7 4 3 
56 5 0 1 
57 2 6 4 3 1 5 
58 1 4 6 7 5 
59 2 5 6 4 1 
60 2 4 3 6 1 5 
61 4 7 5 
62 0 6 5 1 
63 6 7 5 1 
64 3 6 5 0 4 1 
65 6 1 3 5 
66 3 6 7 2 4 1 
67 4 3 7 6 1 5 
68 1 5 6 4 
69 1 0 
70 6 2 0 1 3 
71 2 5 3 4 0 
72 6 3 7 2 4 1 
73 7 2 0 1 3 
74 2 1 3 
75 0 3 6 2 5 1 
76 3 2 4 5 
77 6 0 7 5 1 
78 2 3 6 5 1 
79 5 7 0 4 
80 3 0 2 5 4 1 
81 0 3 2 5 4 1 
82 0 5 1 4 
83 5 7 6 4 
84 5 3 1 2 0 4 
85 5 3 2 0 
86 1 7 5 4 
87 5 0 6 2 7 4 3 
88 5 6 7 4 
89 2 0 1 
90 1 6 7 5 
91 3 7 5 4 
92 2 1 3 6 0 5 
93 4 5 1 2 6 3 
94 0 6 7 5 1 
95 6 7 5 4 
96 3 5 0 6 2 7 4 
97 6 5 1 2 4 3 
98 3 6 7 4 
99 4 6 1 7 
100 1 6 4 3 5 
101 1 3 0 2 
102 6 3 5 2 1 4 
103 2 1 3 6 0 5 
104 6 5 0 1 
105 7 0 6 1 4 
106 2 3 1 4 
107 0 6 1 7 2 4 3 
108 3 5 2 4 0 
109 6 0 7 2 5 4 
110 2 3 1 4 
111 5 4 6 7 
112 3 4 7 1 0 5 
113 0 5 1 2 4 3 
114 0 6 5 1 
115 5 6 0 1 
116 5 7 6 4 
117 5 1 3 
118 1 7 5 4 
119 5 7 6 4 3 
120 5 2 4 3 
121 2 5 1 6 3 4 
122 1 3 2 6 0 5 
123 3 7 5 6 2 0 
124 0 6 5 7 4 
125 4 6 3 7 5 1 
126 0 4 6 7 3 5 1 
127 6 1 4 5 
128 3 1 5 6 
129 6 5 3 2 4 0 
130 2 6 1 7 4 3 
131 4 7 5 3 6 2 0 
132 1 3 2 0 5 
133 1 7 0 6 5 
134 6 0 1 
135 2 3 0 5 
136 6 5 3 2 4 0 
137 7 4 6 3 5 1 
138 2 0 1 3 
139 0 3 4 2 5 
140 3 5 6 4 1 
141 6 2 3 1 4 
142 2 0 6 7 1 4 
143 5 6 0 1 
144 3 6 2 5 1 
145 0 3 2 1 5 
146 0 1 3 2 6 5 
147 5 3 7 6 1 
148 5 7 0 4 
149 5 4 6 7 
150 1 4 6 5 
151 5 1 4 6 
152 5 2 1 3 
153 2 3 1 4 
154 1 6 5 7 3 0 
155 3 0 6 7 1 4 
156 2 3 4 0 5 
157 4 0 2 5 3 
158 0 2 1 3 
159 6 5 3 2 4 0 
160 3 5 7 6 4 
161 6 7 5 4 
162 1 6 0 7 5 4 
163 4 3 1 5 
164 1 6 0 7 2 5 4 
165 1 3 5 
166 6 0 5 1 
167 2 5 1 4 3 
168 6 3 2 0 5 
169 7 6 5 4 
170 2 7 5 4 
171 0 1 3 5 
172 3 0 4 7 1 
173 6 4 7 1 0 5 
174 4 2 1 3 
175 5 0 1 
176 3 2 4 5 
177 0 4 6 7 3 5 1 
178 0 7 5 4 
179 5 7 6 4 3 
180 5 6 7 0 1 
181 5 0 6 1 
182 1 7 0 6 5 
183 5 6 1 7 4 
184 4 2 0 1 3 
185 2 3 6 5 1 
186 1 0 6 5 
187 3 5 0 6 2 7 4 
188 2 5 4 
189 4 2 3 5 
190 0 6 5 7 3 
191 6 4 3 7 5 1 
192 3 5 7 6 4 
193 6 0 7 1 4 
194 3 2 0 1 
195 4 3 6 0 
196 1 0 6 5 
197 1 6 3 7 2 4 
198 6 2 0 1 3 
199 2 3 4 0 5 
200 6 2 0 1 3 
201 7 6 5 1 
202 2 6 5 7 3 0 
203 0 2 1 3 
204 3 6 7 2 4 1 
205 6 0 7 2 5 4 
206 2 4 3 5 
207 5 3 2 4 0 
208 3 5 0 4 1 
209 0 3 7 6 1 5 
210 0 5 3 2 4 
211 5 6 3 7 2 4 1 
212 5 1 2 6 3 4 
213 5 1 4 6 
214 1 4 6 3 7 5 
215 5 3 2 6 1 4 
216 5 0 4 1 
217 2 7 0 4 5 
218 1 3 2 5 
219 3 4 6 7 5 1 
220 2 4 7 1 0 5 
221 4 1 5 
222 0 6 5 4 1 
223 6 7 4 5 
224 3 0 1 
225 6 5 3 2 4 0 
226 3 5 0 1 4 
227 4 0 1 
228 1 6 4 3 5 
229 1 5 6 3 
230 6 4 7 1 0 5 
231 2 3 0 1 
232 6 1 5 3 
233 7 4 6 3 5 1 
234 0 2 3 1 4 
235 0 6 1 7 4 
236 3 7 5 6 2 0 
237 6 5 7 3 0 
238 2 1 5 3 7 6 0 
239 5 6 7 3 0 
240 3 0 2 1 
241 0 6 5 7 4 
242 0 6 7 2 5 4 
243 5 3 2 1 
244 5 7 0 4 
245 5 3 2 6 1 4 
246 0 4 6 7 5 
247 5 6 1 7 2 4 3 
248 5 6 4 1 
249 2 0 4 7 1 
250 1 7 5 3 6 2 0 
251 3 5 1 2 4 
252 2 6 1 7 4 3 
253 4 6 7 0 5 1 
254 0 6 7 5 4 1 
255 6 3 7 1 5 
256 2 6 7 5 1 
257 6 7 0 5 1 
258 3 1 5 7 6 0 
259 4 2 0 1 3 
260 1 4 6 5 
261 1 4 3 6 2 5 
262 6 1 3 2 0 5 
263 2 1 3 6 0 5 
264 6 0 4 7 1 
265 7 5 1 2 4 3 
266 2 5 0 4 1 
267 0 1 5 3 7 6 
268 3 2 0 1 
269 6 3 7 2 4 1 
270 2 5 0 1 4 
271 5 1 2 6 3 4 
272 3 6 5 7 0 
273 0 4 6 3 7 5 1 
274 0 4 7 1 
275 5 7 4 
276 5 4 
277 5 2 0 1 3 
278 1 0 6 5 
279 5 0 1 4 
280 5 6 7 1 
281 3 7 0 4 5 
282 1 3 5 
283 3 6 5 7 0 
284 2 1 3 
285 4 6 5 7 
286 0 3 2 5 4 1 
287 6 1 5 3 
288 3 0 2 5 4 1 
289 6 1 4 5 
290 3 6 1 7 4 
291 4 1 5 
292 1 6 7 2 4 3 
293 1 0 
294 6 7 5 3 2 0 
295 2 5 4 
296 6 3 1 2 0 4 
297 7 6 5 0 1 
298 2 5 1 6 3 4 
299 0 4 6 7 5 
300 3 7 5 6 2 0 
301 6 7 0 5 1 
302 3 6 7 0 5 1 
303 5 2 1 3 
304 3 0 1 
305 0 6 7 1 4 
306 0 6 5 4 1 
307 5 4 
308 5 3 7 6 1 
309 5 0 4 1 
310 1 0 
311 5 6 0 1 
312 5 0 4 1 
313 0 6 5 7 4 
314 1 5 0 6 2 7 4 3 
315 3 6 7 4 
316 2 3 1 0 4 
317 4 1 5 6 3 
318 0 6 7 4 3 
319 6 2 0 1 3 
320 3 2 1 5 
321 6 5 0 2 7 4 3 
322 3 6 7 5 1 
323 4 6 3 7 5 1 
324 1 0 4 7 
325 1 6 5 0 
326 6 4 0 2 5 3 
327 3 6 2 5 1 
328 6 3 0 2 1 
329 7 6 0 5 1 
330 2 4 3 6 1 5 
331 0 5 7 6 4 
332 0 4 6 7 5 
333 6 2 0 1 3 
334 2 3 1 0 4 
335 5 7 6 4 3 
336 2 6 4 3 1 5 
337 1 5 7 6 4 
338 0 5 1 4 
339 5 6 1 7 4 
340 5 1 4 6 
341 5 4 6 7 
342 1 4 7 0 5 
343 5 6 7 4 3 
344 5 3 0 2 1 
345 2 6 1 7 4 
346 1 6 5 0 
347 0 7 6 1 5 
348 2 5 0 4 1 
349 4 5 
350 0 6 7 1 4 
351 6 5 0 1 4 
352 0 6 7 2 5 4 
353 6 2 1 3 
354 3 5 0 1 4 
355 4 2 0 1 3 
356 1 5 2 4 3 
357 1 4 7 0 5 
358 6 0 3 2 5 4 1 
359 1 5 7 6 4 3 
360 6 7 0 4 5 
361 7 4 6 5 
362 2 0 4 7 1 
363 1 6 7 2 4 3 
364 2 6 7 0 5 1 
365 6 5 0 1 
366 1 0 
367 5 6 7 4 
368 1 5 6 3 
369 0 7 5 3 6 2 
370 0 6 5 7 4 
371 5 7 4 
372 5 1 2 6 3 4 
373 5 6 7 4 3 
374 1 4 6 7 3 5 
375 4 6 0 7 5 1 
376 5 0 6 2 7 4 3 
377 2 5 4 
378 1 5 3 7 6 0 
379 3 5 2 4 0 
380 2 5 7 6 4 
381 4 6 0 7 2 5 
382 1 4 5 
383 6 1 7 2 4 3 
384 3 0 2 1 
385 6 5 0 4 1 
386 3 6 7 4 5 
387 4 5 6 1 
388 1 0 
389 1 5 4 
390 6 5 1 2 4 3 
391 2 4 6 7 5 
392 6 3 2 5 1 
393 7 1 5 3 6 0 
394 2 0 4 7 1 
395 0 6 7 5 1 
396 3 6 0 
397 6 3 7 2 4 1 
398 2 6 5 0 1 
399 5 6 7 0 1 
400 3 4 1 5 
401 0 6 7 5 1 
402 0 6 7 5 1 
403 5 0 1 
404 5 3 6 2 1 
405 5 3 0 2 1 
406 1 6 3 7 2 4 
407 5 4 
408 5 6 0 7 2 4 
409 2 5 6 4 1 
410 1 3 5 
411 3 5 4 
412 2 0 1 
413 4 7 5 3 6 2 0 
414 0 6 3 7 2 4 1 
415 6 0 3 2 5 4 1 
416 3 6 5 7 0 
417 6 5 0 1 
418 3 6 1 7 4 
419 4 3 1 5 
420 1 6 7 2 4 3 
421 1 5 3 7 6 0 
422 6 5 3 2 4 0 
423 2 6 0 7 5 1 
424 6 7 0 5 1 
425 7 6 1 4 
426 2 5 7 6 4 
427 0 6 7 5 4 1 
428 3 0 2 1 
429 6 4 3 2 1 5 
430 2 6 0 7 5 1 
431 5 1 3 2 6 0 
432 3 1 5 
433 0 1 3 2 6 5 
434 0 4 2 5 3 
435 5 6 7 4 
436 5 4 3 6 2 1 
437 5 3 1 2 0 4 
438 1 2 0 3 
439 5 3 6 2 1 
440 5 2 1 3 
441 2 5 1 6 3 4 
442 1 5 7 6 4 
443 3 5 2 6 1 4 
444 2 1 3 6 0 5 
445 4 1 5 3 7 6 0 
446 0 7 6 1 5 
447 6 3 0 
448 3 6 0 
449 6 7 0 4 5 
450 3 2 0 5 
451 4 1 5 3 7 6 0 
452 1 3 5 
453 1 3 2 6 0 5 
454 6 1 5 3 7 0 
455 2 7 0 4 5 
456 6 0 1 
457 7 5 4 
458 2 7 5 3 6 0 
459 0 3 2 5 
460 3 6 4 1 5 
461 6 5 0 2 7 4 3 
462 2 5 0 1 4 
463 5 3 6 0 
464 3 5 1 2 4 
465 0 1 3 2 6 5 
466 0 6 7 4 3 
467 5 1 4 6 
468 5 6 7 3 0 
469 5 4 0 2 3 
470 1 4 6 3 7 5 
471 5 4 
472 5 1 2 6 3 4 
473 2 1 4 6 5 
474 0 6 7 5 1 
475 3 6 7 4 5 
476 2 7 0 6 1 5 
477 4 7 1 0 5 
478 0 4 2 5 3 
479 6 5 0 4 1 
480 3 0 2 1 
481 6 7 4 3 
482 3 4 6 7 5 1 
483 4 6 5 0 1 
484 1 3 5 
485 1 4 6 5 
486 6 2 0 1 3 
487 2 7 5 3 6 0 
488 6 7 0 1 5 
489 7 3 0 2 1 
490 2 3 5 6 1 4 
491 0 4 3 6 2 1 5 
492 3 2 0 1 
493 6 0 1 
494 2 4 6 7 5 
495 5 4 0 2 3 
496 3 0 1 
497 0 5 4 1 
498 0 6 5 1 
499 5 1 3 
500 5 7 0 6 1 
501 5 2 4 3 
502 1 6 7 2 4 3 
503 5 0 6 2 7 4 3 
504 5 6 7 1 
505 2 6 7 4 3 
506 1 4 6 7 5 
507 3 4 1 5 
508 2 1 3 6 0 5 
509 4 6 3 1 5 
510 0 6 5 7 3 
511 6 3 7 2 4 1 
512 3 1 5 
513 6 2 3 1 4 
514 3 6 7 0 5 1 
515 4 2 3 5 
516 1 4 5 
517 1 2 3 4 
518 6 0 1 
519 2 6 7 0 5 1 
520 6 4 3 2 1 5 
521 7 6 0 2 5 4 
522 2 5 0 4 1 
523 0 4 7 1 5 
524 3 1 5 
525 6 7 0 4 5 
526 2 6 5 0 4 1 
527 5 3 2 4 0 
528 3 1 2 6 0 5 
529 0 2 3 1 4 
530 0 6 7 5 1 
531 5 7 3 6 2 0 
532 5 0 3 2 4 1 
533 5 3 4 2 0 
534 1 6 7 4 
535 5 3 2 0 
536 5 0 6 7 1 4 
537 2 3 1 0 4 
538 1 5 0 4 
539 3 6 5 7 4 
540 2 6 0 7 5 4 
541 4 6 7 5 1 
542 0 5 7 6 4 3 
543 6 3 5 2 1 4 
544 3 5 4 
545 6 1 5 3 
546 3 2 1 
547 4 3 1 2 0 
548 1 6 5 0 4 
549 1 3 0 2 
550 6 7 5 4 
551 2 3 5 6 1 4 
552 6 2 1 3 
553 7 3 4 2 0 5 
554 2 6 7 5 1 
555 0 4 7 1 5 
556 3 2 0 1 
557 6 7 5 3 2 0 
558 2 3 0 1 
559 5 2 0 1 3 
560 3 5 1 2 6 4 
561 0 3 1 5 
562 0 6 7 5 1 
563 5 2 4 3 
564 5 6 7 1 
565 5 7 4 
566 1 6 7 4 5 
567 5 4 6 7 3 1 
568 5 4 0 2 3 
569 2 0 4 7 1 
570 1 5 0 6 2 7 4 3 
571 3 7 6 1 5 
572 2 3 1 4 
573 4 3 6 2 5 1 
574 0 6 5 4 1 
575 6 4 1 5 
576 3 6 4 1 5 
577 6 4 7 3 5 1 
578 3 4 6 7 5 
579 4 7 5 
580 1 7 5 4 
581 1 6 5 7 4 
582 6 3 2 0 5 
583 2 7 0 4 5 
584 6 7 5 1 
585 7 5 3 6 2 0 
586 2 1 3 
587 0 5 7 6 4 3 
588 3 0 1 
589 6 5 1 2 3 4 
590 2 3 1 0 4 
591 5 6 1 7 2 4 3 
592 3 6 7 4 
593 0 5 1 4 
594 0 3 2 5 
595 5 6 1 7 2 4 3 
596 5 6 0 1 
597 5 4 3 6 2 1 
598 1 4 6 5 
599 5 6 4 1 
600 5 6 1 7 2 4 3 
601 2 1 4 6 5 
602 1 3 5 
603 3 5 1 2 4 
604 2 0 1 3 
605 4 5 
606 0 6 7 5 1 
607 6 5 4 1 
608 3 6 0 7 5 4 1 
609 7 6 0 5 1 
610 3 2 0 1 
611 4 1 5 
612 1 6 5 7 4 
613 1 5 4 
614 6 3 0 
615 2 3 1 0 4 
616 6 1 7 4 
617 7 5 6 4 
618 2 0 6 5 1 
619 0 6 1 7 4 
620 3 0 4 7 1 
621 6 4 1 5 
622 2 3 7 6 1 5 
623 5 4 1 
624 3 5 0 4 1 
625 0 7 5 4 
626 0 2 1 3 
627 5 6 0 7 2 4 
628 5 2 0 1 3 
629 5 6 7 0 1 
630 1 3 5 
631 5 0 4 1 
632 5 0 6 1 
633 2 1 5 6 3 
634 1 3 2 6 0 5 
635 3 1 5 
636 2 0 1 3 
637 4 6 7 5 
638 0 1 5 3 7 6 
639 6 3 5 2 1 4 
640 3 6 1 7 4 
641 6 7 4 3 
642 3 5 1 2 4 
643 4 5 
644 1 3 7 6 5 
645 1 0 
646 6 3 2 1 5 
647 2 6 7 5 1 
648 6 7 5 4 
649 7 1 3 5 
650 2 3 1 5 
651 0 6 1 7 4 
652 3 5 0 6 2 7 4 
653 6 3 0 
654 2 1 3 
655 5 0 1 
656 3 4 2 0 5 
657 0 2 3 1 4 
658 0 7 6 1 5 
659 5 7 0 4 
660 5 6 0 7 1 
661 5 3 7 6 1 
662 1 3 5 2 6 4 
663 5 3 2 1 
664 5 3 6 0 
665 2 6 0 7 5 1 
666 1 4 5 
667 3 6 7 5 1 
668 2 5 1 6 3 4 
669 4 0 6 5 1 
670 0 5 4 
671 6 5 0 1 4 
672 3 1 2 0 4 
673 6 5 7 4 3 
674 3 5 6 4 1 
675 4 5 0 1 
676 1 3 6 2 5 
677 1 6 3 7 2 4 
678 6 0 7 1 4 
679 2 5 0 6 7 4 3 
680 7 0 1 
681 7 3 1 2 0 4 
682 2 5 0 1 4 
683 0 1 5 3 7 6 
684 3 6 7 4 5 
685 7 3 1 2 0 4 
686 2 4 3 5 
687 5 7 0 6 1 
688 3 6 5 7 4 
689 0 3 7 6 1 5 
690 0 4 6 7 3 5 1 
691 5 2 4 3 
692 5 0 6 1 
693 5 2 1 3 
694 1 6 3 7 2 4 
695 5 4 
696 4 3 1 5 
697 2 6 5 0 4 1 
698 1 7 5 4 
699 3 1 5 6 
700 2 6 5 7 3 0 
701 4 5 1 2 3 
702 0 5 4 
703 7 6 5 3 0 
704 3 6 1 7 4 
705 7 4 0 2 5 3 
706 3 5 7 6 4 
707 4 6 5 7 
708 1 4 6 5 
709 1 0 3 2 5 4 
710 7 3 6 1 5 
711 2 6 1 7 4 3 
712 7 2 4 3 5 
713 7 0 4 5 
714 2 1 5 6 3 
715 0 3 4 2 5 
716 3 7 0 6 1 5 
717 7 5 4 
718 2 6 0 7 5 4 1 
719 4 0 1 
720 3 5 4 
721 0 5 7 6 4 3 
722 1 4 3 6 2 5 
723 4 3 1 5 
724 4 3 6 2 1 5 
725 4 5 
726 1 0 6 5 
727 4 6 0 7 5 1 
728 4 1 5 
729 2 7 0 6 1 5 
730 1 4 5 
731 3 6 0 
732 2 0 1 3 
733 4 5 
734 0 5 7 6 4 
735 7 6 0 5 4 1 
736 3 0 6 5 1 
737 7 5 6 4 
738 3 0 1 
739 4 7 5 
740 1 3 5 
741 1 3 5 2 6 4 
742 7 6 4 5 
743 2 3 0 5 
744 7 5 4 
745 7 2 3 1 4 
746 2 0 6 5 1 
747 0 5 4 
748 3 7 6 1 5 
749 7 4 6 5 
750 2 4 6 7 3 5 1 
751 4 6 7 3 
752 3 6 4 1 5 
753 0 6 7 2 5 4 
754 0 3 4 2 5 
755 4 2 3 5 
756 4 5 7 6 3 
757 4 1 5 
758 1 5 0 4 
759 4 6 3 7 5 1 
760 4 6 1 7 2 3 
761 2 3 4 0 5 
762 1 6 7 2 4 3 
763 3 0 4 7 1 
764 2 1 3 5 
765 4 5 7 6 3 
766 0 1 
767 7 6 4 5 
768 3 5 0 6 2 7 4 
769 7 3 6 0 
770 3 1 2 0 4 
771 4 2 0 1 3 
772 1 4 7 0 5 
773 1 0 6 7 4 
774 7 6 0 2 5 4 
775 2 3 0 5 
776 7 0 4 5 
777 7 5 0 6 2 4 3 
778 2 7 0 4 5 
779 0 6 7 4 3 
780 3 0 1 
781 7 3 0 2 1 
782 2 4 0 5 3 
783 4 6 5 0 1 
784 3 6 1 7 2 4 
785 0 5 3 2 4 
786 0 3 1 2 4 
787 4 6 5 0 1 
788 4 0 7 1 
789 4 3 2 1 5 
790 1 4 6 5 
791 4 5 1 2 6 3 
792 4 5 7 6 
793 2 1 5 6 3 
794 1 3 7 6 5 
795 3 7 5 4 
796 2 0 1 
797 4 6 5 0 1 
798 0 6 4 3 1 5 
799 7 2 4 3 5 
800 3 6 5 7 0 
801 7 6 0 2 5 4 
802 3 6 7 2 4 1 
803 4 6 0 7 5 1 
804 1 5 2 6 3 4 
805 1 0 3 2 5 4 
806 7 3 2 1 5 
807 2 6 5 0 1 
808 7 5 6 4 3 
809 7 6 5 0 4 1 
810 2 0 4 7 1 
811 0 1 5 6 3 
812 3 6 5 7 4 
813 7 6 0 5 1 
814 2 6 1 7 4 
815 4 3 5 2 6 1 
816 3 0 6 7 1 4 
817 0 3 6 
818 0 7 5 4 
819 4 5 0 1 
820 4 5 7 6 
821 4 7 5 
822 1 7 5 4 
823 4 5 6 1 
824 4 7 5 
825 2 6 3 7 4 1 
826 1 5 0 4 
827 3 1 5 
828 2 6 0 7 5 4 
829 4 3 6 0 
830 0 2 1 3 
831 7 6 0 5 1 
832 3 4 6 7 5 1 
833 7 2 0 1 3 
834 3 6 0 7 5 4 1 
835 4 1 5 3 7 6 0 
836 1 6 0 7 5 4 
837 1 5 6 4 
838 7 6 4 3 
839 2 6 0 7 5 4 1 
840 7 3 6 2 5 1 
841 7 0 1 
842 2 1 3 5 
843 0 1 5 3 7 6 
844 3 5 1 2 4 
845 7 3 6 0 
846 2 6 5 7 4 
847 4 1 5 
848 3 6 5 7 4 
849 0 5 4 1 
850 0 5 4 
851 4 5 1 2 3 
852 4 0 6 7 1 
853 4 5 
854 1 5 4 
855 4 0 2 5 3 
856 4 0 3 2 5 1 
857 1 5 4 
858 1 3 5 2 6 4 
859 1 3 2 5 
860 1 5 4 
861 4 6 0 7 2 5 
862 0 4 7 1 5 
863 7 5 6 4 1 
864 0 3 6 2 5 1 
865 7 4 1 0 5 
866 1 4 6 7 3 5 
867 4 2 3 1 
868 1 3 6 2 5 
869 1 5 6 4 
870 7 5 4 
871 1 3 4 2 0 5 
872 7 3 1 5 
873 7 5 0 6 2 4 3 
874 0 3 4 2 5 
875 0 2 1 3 
876 0 5 1 2 6 3 4 
877 7 6 0 5 4 1 
878 0 1 3 5 
879 4 6 3 1 5 
880 1 5 6 3 
881 0 4 7 1 5 
882 0 5 4 1 
883 4 6 7 5 
884 4 2 3 5 
885 4 5 6 1 
886 1 6 7 0 5 
887 4 2 3 5 
888 4 3 6 2 1 5 
889 0 1 3 2 6 5 
890 1 0 6 5 
891 0 7 6 1 5 
892 0 2 1 3 
893 4 6 5 0 1 
894 0 3 5 2 6 1 4 
895 7 2 0 1 3 
896 0 3 4 2 5 
897 7 5 3 2 4 0 
898 1 2 0 3 
899 4 3 2 0 5 
900 1 6 5 0 4 
901 1 4 3 6 2 5 
902 7 4 0 2 5 3 
903 1 2 3 4 
904 7 6 4 5 
905 7 0 3 2 5 4 1 
906 0 5 7 6 4 3 
907 0 1 3 2 6 5 
908 0 6 5 7 4 
909 7 4 1 0 5 
910 0 4 3 6 2 1 5 
911 4 6 3 7 5 1 
912 6 7 0 1 5 
913 7 0 6 1 5 
914 7 0 4 1 
915 4 6 0 7 5 1 
916 4 6 7 3 5 1 
917 4 0 2 5 3 
918 4 7 0 6 1 5 
919 4 3 2 1 5 
920 4 0 1 
921 7 5 6 4 
922 7 3 4 2 0 5 
923 6 3 1 2 0 4 
924 7 6 0 5 4 1 
925 4 5 3 2 0 
926 6 5 4 1 
927 7 6 5 3 0 
928 7 6 5 0 4 1 
929 7 0 4 1 
930 7 5 4 
931 4 7 5 
932 5 4 6 3 7 1 
933 4 3 1 5 
934 7 0 6 5 1 
935 7 4 3 6 2 1 5 
936 7 0 4 5 
937 7 5 1 2 4 3 
938 6 5 4 1 
939 7 5 0 6 2 4 3 
940 6 5 1 2 3 4 
941 7 6 5 3 0 
942 4 6 1 7 
943 4 6 3 7 5 1 
944 6 4 3 2 1 5 
945 7 5 6 4 
946 7 1 5 3 6 0 
947 4 0 1 
948 4 3 1 2 0 
949 4 6 3 7 5 1 
950 4 3 5 2 6 1 
951 7 6 4 3 
952 7 3 6 0 
953 7 3 5 2 6 1 4 
954 7 5 4 
955 6 3 2 5 1 
956 7 0 6 1 4 
957 4 3 2 0 5 
958 6 0 3 2 5 4 1 
959 7 4 6 3 5 1 
960 7 6 0 5 4 1 
961 7 6 4 5 
962 7 6 4 3 
963 6 3 2 0 5 
964 5 4 6 7 
965 4 3 7 6 1 5 
966 7 5 4 
967 7 1 5 6 3 
968 7 6 0 5 1 
969 7 4 6 5 
970 6 3 0 2 1 
971 7 4 0 2 5 3 
972 6 4 7 3 5 1 
973 7 0 3 2 5 4 1 
974 4 7 5 3 6 2 0 
975 7 6 0 5 4 1 
976 6 3 2 1 5 
977 7 4 6 3 5 1 
978 7 5 0 4 1 
979 4 2 3 5 
980 4 5 3 2 0 
981 7 0 6 1 4 
982 4 7 0 5 
983 4 5 7 6 
984 4 3 7 6 1 5 
985 7 6 3 2 4 1 
986 7 5 6 4 3 
987 6 0 1 
988 7 4 6 3 5 1 
989 4 0 7 1 
990 6 4 3 1 5 
991 7 6 5 3 0 
992 7 1 3 5 
993 7 4 3 6 2 1 5 
994 7 2 3 1 4 
995 6 5 4 
996 5 4 7 1 0 
997 4 5 3 2 0 
998 7 5 4 
999 7 1 5 3 6 0 
1000 7 3 4 2 0 5 
1001 7 6 0 2 5 4 
1002 6 4 7 1 0 5 
1003 7 1 5 3 6 0 
1004 6 2 3 1 4 
1005 7 3 1 5 
1006 4 6 5 0 1 
1007 4 3 7 6 1 5 
1008 6 3 2 1 5 
1009 7 3 4 2 0 5 
1010 7 0 3 2 5 4 1 
1011 4 0 6 5 1 
1012 4 5 0 1 
1013 4 6 3 7 2 1 
1014 4 1 3 5 
1015 7 6 4 3 1 5 
1016 7 0 3 2 5 4 1 
1017 7 0 3 2 5 4 1 
1018 7 2 3 1 4 
1019 6 3 2 1 5 
1020 7 6 4 3 1 5 
1021 4 3 0 2 1 
1022 6 7 5 3 2 0 
1023 7 0 6 1 4 
