0 1 2 3 0 4 
1 1 4 
2 3 2 1 0 4 
3 2 5 4 
4 4 6 7 
5 0 3 1 5 4 
6 7 3 2 4 
7 6 7 5 
8 2 3 1 0 4 
9 1 6 7 5 
10 7 6 4 
11 7 3 4 
12 6 2 1 4 
13 5 6 3 2 
14 6 5 4 
15 0 3 2 4 
16 0 3 2 7 4 
17 2 3 5 4 
18 2 5 4 
19 4 6 7 5 
20 5 4 
21 3 4 
22 1 2 5 4 
23 3 5 4 
24 6 2 1 4 
25 5 6 7 
26 4 3 
27 6 7 4 
28 4 3 1 5 
29 5 7 6 
30 5 1 2 0 4 
31 7 3 2 5 4 
32 6 2 3 5 
33 0 6 7 2 1 4 
34 7 3 1 5 4 
35 2 6 7 1 4 
36 3 6 7 4 
37 6 4 
38 7 1 2 0 5 4 
39 0 6 3 1 2 7 5 
40 6 4 
41 6 7 5 
42 6 2 1 4 
43 0 5 4 
44 4 3 2 1 0 6 
45 0 2 3 1 4 
46 0 5 4 
47 7 5 4 
48 4 6 
49 7 6 5 
50 1 6 3 2 0 7 5 
51 1 2 3 0 4 
52 2 7 6 4 
53 1 3 2 5 4 
54 3 6 7 5 
55 3 6 2 7 
56 1 3 4 
57 2 3 4 
58 3 5 4 
59 6 2 3 5 
60 2 3 1 0 4 
61 2 1 0 5 4 
62 7 6 1 3 0 4 
63 6 2 1 5 4 
64 1 2 4 
65 1 4 
66 3 1 2 0 5 4 
67 2 3 1 4 
68 4 7 6 5 
69 0 7 6 4 
70 7 3 1 4 
71 6 7 4 
72 2 3 5 4 
73 1 2 3 4 
74 6 7 5 
75 7 4 
76 6 3 2 5 4 
77 5 6 7 4 
78 6 4 
79 0 6 7 5 
80 1 7 6 5 
81 2 6 3 5 
82 2 4 
83 4 5 
84 5 6 7 1 3 0 4 
85 2 3 1 4 
86 1 3 5 4 
87 3 6 2 7 
88 6 7 1 3 0 4 
89 5 6 7 
90 4 2 3 1 0 
91 6 7 5 
92 4 7 6 
93 4 3 1 
94 4 5 
95 7 5 4 
96 6 3 1 5 4 
97 1 6 4 
98 7 6 5 
99 2 5 4 
100 3 2 4 
101 6 5 4 
102 7 2 1 5 4 
103 0 3 1 4 
104 6 5 4 
105 6 2 3 4 
106 6 2 3 7 
107 0 2 1 4 
108 4 5 
109 0 1 2 5 4 
110 1 3 4 
111 7 4 
112 6 3 2 1 0 4 
113 7 3 2 5 4 
114 1 3 2 0 6 4 
115 1 6 4 
116 2 3 4 
117 1 6 7 5 
118 0 4 
119 3 2 1 0 6 4 
120 1 6 7 5 
121 2 3 4 
122 3 2 1 5 4 
123 6 2 3 5 
124 2 3 4 
125 2 3 7 4 
126 7 6 3 1 2 0 5 
127 6 2 3 4 
128 1 6 7 5 
129 1 6 7 5 
130 3 2 1 4 
131 2 3 4 
132 4 1 2 0 5 
133 0 3 2 7 4 
134 7 6 5 
135 6 3 1 4 
136 2 3 4 
137 1 6 4 
138 7 6 1 3 0 4 
139 7 5 4 
140 7 5 4 
141 5 3 2 4 
142 6 7 2 1 4 
143 0 6 7 5 
144 1 3 5 4 
145 2 3 1 0 6 4 
146 3 6 7 5 
147 4 6 2 3 7 
148 5 3 2 4 
149 3 1 5 4 
150 2 5 4 
151 3 6 2 7 
152 6 3 2 5 
153 4 6 
154 4 6 
155 6 7 5 
156 4 6 7 2 1 
157 5 7 6 
158 5 6 7 
159 7 5 4 
160 6 2 3 1 0 4 
161 0 2 3 1 4 
162 7 3 2 4 
163 2 6 3 7 
164 3 5 4 
165 6 3 2 5 4 
166 7 2 3 1 0 4 
167 0 5 4 
168 6 5 4 
169 6 2 3 1 0 4 
170 7 3 1 5 4 
171 0 6 3 2 5 
172 4 6 7 5 
173 0 6 7 5 
174 3 2 1 5 4 
175 7 2 3 4 
176 7 6 5 
177 7 6 4 
178 1 6 3 2 5 
179 0 5 4 
180 2 6 7 5 
181 1 5 4 
182 2 1 5 4 
183 3 2 7 4 
184 1 6 7 2 4 
185 2 6 3 7 
186 3 6 7 1 0 4 
187 6 3 1 5 4 
188 2 5 4 
189 2 6 7 5 
190 7 6 5 
191 6 2 3 4 
192 1 2 5 4 
193 1 3 2 5 4 
194 3 4 
195 2 7 6 4 
196 4 6 
197 0 1 3 5 
198 6 4 
199 5 4 
200 2 1 0 5 4 
201 1 3 2 7 4 
202 7 3 1 4 
203 7 3 2 5 4 
204 6 2 3 1 0 4 
205 5 1 2 0 4 
206 6 3 2 5 4 
207 1 6 7 5 
208 1 6 3 2 5 
209 2 4 
210 2 7 6 5 
211 4 2 3 1 0 
212 4 5 
213 3 7 6 4 
214 1 6 7 5 
215 3 6 4 
216 6 1 2 0 5 4 
217 5 1 2 0 4 
218 4 1 3 0 5 
219 6 1 2 0 5 4 
220 4 7 6 5 
221 5 6 4 
222 5 3 2 7 4 
223 7 3 2 5 4 
224 6 7 5 
225 0 2 1 5 4 
226 7 6 5 
227 2 3 4 
228 3 2 5 4 
229 6 3 2 7 4 
230 7 3 2 1 0 6 4 
231 0 3 2 4 
232 6 3 1 5 4 
233 6 4 
234 6 1 2 0 5 4 
235 0 6 4 
236 4 1 3 0 5 
237 0 3 2 4 
238 3 2 5 
239 7 6 5 
240 6 7 5 
241 7 6 4 
242 1 3 2 7 4 
243 1 4 
244 3 2 1 4 
245 1 2 0 5 4 
246 3 7 6 5 
247 3 4 
248 0 3 4 
249 2 3 5 
250 2 7 6 5 
251 6 7 1 3 0 4 
252 2 6 4 
253 3 4 
254 7 6 2 1 4 
255 5 3 2 1 0 6 4 
256 1 4 
257 0 3 1 4 
258 3 6 7 5 
259 2 6 3 1 0 7 5 
260 4 7 6 
261 0 7 6 5 
262 7 2 1 5 4 
263 5 1 3 0 
264 2 3 1 4 
265 1 6 3 2 5 
266 5 6 7 4 
267 4 5 
268 6 2 3 7 
269 5 3 4 
270 6 7 5 
271 0 7 6 5 
272 1 7 6 5 
273 2 6 3 5 
274 2 6 3 1 0 7 5 
275 4 1 3 0 5 
276 5 1 3 0 
277 3 1 0 5 
278 1 6 2 3 7 
279 3 6 7 5 
280 4 6 7 
281 4 3 
282 4 5 
283 6 2 3 4 
284 4 5 
285 5 6 4 
286 5 4 
287 7 6 5 
288 5 6 7 
289 0 6 4 
290 7 2 3 4 
291 2 1 4 
292 3 6 4 
293 5 1 3 0 
294 7 2 3 5 
295 0 6 4 
296 4 6 7 1 3 0 
297 6 3 1 2 0 7 5 
298 4 6 7 1 3 0 
299 0 5 4 
300 4 6 
301 0 6 3 1 2 7 5 
302 1 5 4 
303 7 1 2 0 5 4 
304 4 2 3 1 0 
305 6 7 5 
306 2 3 1 0 6 4 
307 1 2 3 4 
308 2 3 1 0 6 4 
309 1 6 7 2 4 
310 3 4 
311 3 7 6 4 
312 1 3 4 
313 2 6 7 1 3 0 4 
314 3 6 7 2 1 4 
315 4 3 2 
316 2 3 1 0 6 4 
317 2 1 5 4 
318 7 6 4 
319 5 6 4 
320 1 6 7 2 4 
321 1 6 3 2 0 7 5 
322 3 4 
323 2 3 4 
324 4 1 3 0 5 
325 0 5 4 
326 7 5 4 
327 5 6 4 
328 2 3 1 0 4 
329 1 3 4 
330 5 6 7 
331 5 6 7 
332 6 3 2 4 
333 5 3 2 4 
334 6 7 5 
335 0 6 7 5 
336 2 6 7 1 4 
337 3 6 7 5 
338 2 6 4 
339 4 2 1 5 
340 5 6 3 2 
341 3 2 1 4 
342 0 2 3 5 
343 3 6 2 5 
345 5 3 4 
346 4 6 7 5 
347 6 4 
348 5 6 7 2 1 4 
349 5 4 
350 5 1 2 0 4 
351 7 6 1 3 0 4 
352 5 3 2 1 0 6 4 
353 0 3 1 4 
354 7 3 2 4 
355 2 6 7 4 
356 3 6 1 2 0 7 5 
357 4 6 7 2 1 
358 7 2 3 1 0 4 
359 0 3 2 4 
360 4 3 2 1 0 6 
361 6 1 3 0 5 
362 4 6 7 5 
363 0 2 3 4 
364 4 5 
365 0 6 3 1 2 7 5 
366 1 6 7 3 0 4 
367 7 2 3 1 0 4 
369 7 4 
370 6 7 4 
371 1 6 7 5 
372 2 6 4 
373 0 6 4 
374 3 6 2 7 
375 3 7 6 5 
376 1 3 0 5 
377 2 6 3 1 0 7 5 
378 3 2 5 
379 4 2 1 
380 6 3 1 5 4 
381 2 3 4 
382 7 5 4 
383 5 4 
384 1 2 3 5 
385 1 3 2 5 4 
386 3 6 7 5 
387 2 6 3 5 
388 4 6 7 5 
389 0 6 7 4 
390 7 4 
391 5 3 1 4 
392 2 4 
393 0 4 
394 5 6 7 
395 5 3 4 
396 6 3 1 4 
397 5 2 3 
398 6 7 4 
399 0 3 1 4 
400 1 6 4 
401 2 6 7 5 
402 2 1 3 0 5 
403 4 3 
404 5 4 
405 3 2 4 
406 1 2 3 0 4 
407 3 6 7 2 1 4 
408 4 3 1 5 
409 5 4 
410 5 3 4 
411 6 4 
412 4 1 3 0 5 
413 5 3 2 4 
414 5 2 3 
415 7 6 5 
416 5 3 2 4 
417 0 4 
418 7 3 4 
419 2 6 7 1 4 
420 3 2 5 4 
421 4 5 
422 7 6 4 
423 0 3 1 4 
424 4 6 7 
425 6 3 2 1 0 4 
426 4 6 3 1 2 0 7 5 
427 0 7 6 5 
428 4 3 1 5 
429 0 2 1 4 
430 1 2 3 5 
431 6 5 4 
432 4 3 
433 7 3 2 4 
434 1 6 7 5 
435 1 4 
436 2 6 7 5 
437 1 6 3 2 0 7 5 
438 3 1 4 
439 3 6 4 
440 1 5 4 
441 2 4 
442 3 6 7 4 
443 4 3 2 7 
444 2 6 3 1 0 7 5 
445 2 6 3 7 
446 7 6 1 3 0 4 
447 5 6 7 2 1 4 
448 1 2 3 5 
449 1 6 7 3 0 4 
450 3 5 4 
451 2 3 5 
452 4 3 2 7 
453 0 2 1 4 
454 7 2 1 4 
455 5 2 1 4 
456 2 6 4 
457 1 2 4 
458 5 3 2 4 
459 5 6 4 
460 6 7 1 3 0 4 
461 5 3 1 4 
462 6 2 3 1 0 4 
463 3 6 7 5 
464 1 6 2 3 7 
465 2 1 0 5 4 
466 2 3 5 
467 4 6 2 3 7 
468 5 3 2 7 4 
469 3 2 1 0 4 
470 1 3 2 7 4 
471 3 1 0 5 
472 4 3 2 
473 5 3 2 1 0 6 4 
474 4 3 
475 6 5 4 
476 4 1 2 0 5 
477 5 1 2 0 4 
478 5 3 2 7 4 
479 7 2 3 5 
480 5 2 3 4 
481 0 3 4 
482 7 4 
483 2 6 7 1 4 
484 3 6 7 5 
485 4 3 2 5 
486 7 6 2 1 4 
487 0 6 4 
488 4 2 1 
489 6 5 4 
490 4 2 3 5 
491 0 6 3 1 2 7 5 
492 4 2 3 5 
493 0 3 2 7 4 
494 1 2 5 4 
495 7 6 3 2 5 
496 4 6 3 2 5 
497 7 6 2 3 
498 0 4 
499 1 7 6 4 
500 2 6 3 5 
501 1 3 0 5 
502 3 2 5 4 
503 3 2 1 0 6 4 
504 1 7 6 4 
505 2 6 7 4 
506 3 5 4 
507 4 3 2 5 
508 2 4 
509 2 3 1 0 6 4 
510 7 3 2 5 4 
511 5 3 2 7 4 
512 1 3 2 4 
513 1 3 2 4 
514 3 1 2 0 5 4 
515 2 6 7 4 
516 4 3 2 1 0 6 
517 0 2 3 1 4 
518 7 6 3 1 2 0 5 
519 5 7 6 4 
520 2 3 5 
521 1 6 7 4 
522 5 4 
523 5 2 3 4 
524 6 3 2 4 
525 5 3 2 1 0 6 4 
526 6 3 2 1 0 4 
527 0 4 
528 1 6 7 5 
529 2 3 1 5 4 
530 2 6 3 1 0 7 5 
531 4 5 
532 5 3 2 4 
533 3 5 4 
534 1 2 5 4 
535 3 6 2 7 
536 4 2 1 
537 5 6 4 
538 4 6 7 5 
539 6 2 1 5 4 
540 4 3 1 5 
541 5 4 
542 5 6 7 4 
543 7 3 2 4 
544 5 4 
545 0 3 1 5 4 
546 7 6 4 
547 2 4 
548 3 1 5 4 
549 4 3 2 
550 7 1 2 0 5 4 
551 0 3 1 4 
552 4 3 2 7 
553 6 7 5 
554 4 3 2 7 
555 0 4 
556 4 2 1 
557 0 3 2 4 
558 0 4 
559 7 2 3 1 0 4 
560 4 2 3 5 
561 7 5 4 
562 1 6 4 
563 1 6 4 
564 2 1 0 5 4 
565 1 6 7 3 0 4 
566 3 2 7 4 
567 3 4 
568 1 7 6 4 
569 2 3 5 
570 1 6 2 3 7 
571 4 5 
572 2 6 7 5 
573 2 4 
574 7 3 2 4 
575 5 6 7 
576 1 6 7 3 0 4 
577 1 3 5 4 
578 3 6 7 5 
579 2 1 4 
580 4 6 
581 0 6 2 3 7 
582 7 5 4 
583 5 6 3 2 
584 2 7 6 4 
585 1 6 3 2 5 
586 5 1 3 0 
587 5 3 2 1 0 6 4 
588 6 7 2 1 4 
589 5 6 3 2 
590 6 4 
591 0 3 4 
592 1 3 4 
593 2 1 5 4 
594 2 5 4 
596 5 6 2 3 7 
597 3 4 
598 1 2 3 0 4 
599 3 6 7 1 0 4 
600 4 2 3 1 0 
601 5 3 1 4 
602 4 3 
603 6 7 4 
604 4 7 6 
605 5 6 4 
606 5 3 1 4 
607 7 6 3 2 5 
608 5 3 2 7 4 
609 0 6 4 
610 7 5 4 
611 2 1 4 
612 3 6 2 5 
613 4 6 7 1 3 0 
614 7 6 5 
615 0 1 3 5 
616 5 6 7 2 1 4 
617 6 3 2 5 4 
618 4 2 1 
619 0 7 6 4 
620 5 3 1 4 
621 0 4 
622 1 7 6 5 
623 7 5 4 
624 4 6 3 2 5 
625 7 5 4 
626 1 6 7 5 
627 1 6 3 2 5 
628 2 4 
629 1 2 4 
630 3 6 7 4 
631 3 4 
632 1 2 4 
633 2 6 7 4 
634 3 4 
635 4 2 1 
636 2 4 
637 2 6 7 4 
638 7 1 3 0 5 
639 5 2 1 4 
640 1 6 2 3 7 
641 1 2 5 4 
642 3 1 0 5 
643 2 6 7 4 
644 4 2 3 5 
645 0 6 7 5 
646 7 2 1 4 
647 5 7 6 4 
648 2 6 7 5 
649 1 2 0 5 4 
650 5 1 3 0 
651 5 4 
652 6 5 4 
653 5 6 3 1 2 0 7 
654 6 5 4 
655 3 6 4 
656 1 6 4 
657 2 3 4 
658 2 1 0 5 4 
659 4 6 7 5 
660 5 4 
661 3 1 0 5 
662 1 3 4 
663 3 2 4 
664 4 5 
665 5 6 7 2 1 4 
666 4 6 
667 6 3 2 5 
668 4 2 1 5 
669 5 3 2 1 0 6 4 
670 5 4 
671 7 6 1 3 0 4 
672 5 1 2 0 4 
673 0 5 4 
674 7 3 2 4 
675 3 6 2 7 
676 3 7 6 5 
677 5 3 2 4 
678 7 2 1 5 4 
679 3 7 6 4 
680 4 7 6 
681 6 7 5 
682 4 2 3 5 
683 0 5 4 
684 4 6 7 5 
685 0 2 1 5 4 
686 1 3 4 
687 7 1 3 0 5 
688 4 2 1 
689 7 5 4 
690 1 6 7 2 4 
691 1 6 7 3 0 4 
692 2 6 7 5 
693 1 3 2 7 4 
694 3 2 7 4 
695 3 6 7 5 
696 1 6 4 
697 2 3 1 4 
698 2 3 5 4 
699 5 2 3 
700 2 6 4 
701 2 3 1 0 4 
702 7 3 2 1 0 6 4 
703 5 6 7 
704 1 2 3 0 4 
705 1 4 
706 3 6 4 
707 2 6 4 
708 4 6 7 
709 0 1 3 5 
710 7 3 2 4 
711 5 4 
712 3 7 6 4 
713 1 5 4 
714 5 3 1 4 
715 5 1 3 0 
716 6 3 1 5 4 
717 5 3 2 4 
718 6 7 5 
719 0 6 7 1 3 4 
720 1 6 2 3 7 
721 2 1 3 0 5 
722 2 6 4 
723 4 3 
724 5 4 
725 2 1 4 
726 1 6 7 4 
727 3 5 4 
728 4 2 3 
729 5 4 
730 4 6 2 3 7 
731 6 4 
732 4 7 6 
733 5 4 
734 5 7 6 4 
735 6 7 5 
736 5 6 7 1 3 0 4 
737 0 5 4 
738 7 6 5 
739 2 6 7 1 4 
740 3 6 7 4 
741 4 3 1 5 
742 7 6 5 
743 0 5 4 
744 4 7 6 5 
745 6 5 4 
746 4 3 1 
747 0 6 7 2 1 4 
748 4 3 1 
749 0 5 4 
750 1 3 4 
751 7 6 2 1 4 
752 4 5 
753 7 5 4 
754 0 1 2 5 4 
755 1 3 2 0 6 4 
756 2 6 4 
757 1 5 4 
758 0 3 2 1 6 4 
759 3 6 7 1 0 4 
760 1 6 7 3 0 4 
761 2 3 4 
762 3 6 4 
763 4 3 1 
764 2 6 7 5 
765 3 1 5 4 
766 7 6 4 
767 5 2 3 4 
768 0 2 3 4 
769 1 7 6 4 
770 2 6 3 7 
771 2 6 7 5 
772 5 7 6 
773 0 3 1 4 
774 7 6 3 1 2 0 5 
775 5 6 7 2 1 4 
776 2 6 3 5 
777 1 6 7 4 
778 5 6 7 
779 5 6 7 1 3 0 4 
780 6 7 5 
781 5 6 7 
782 6 2 3 5 
783 0 2 3 5 
784 1 6 7 5 
785 3 6 4 
786 2 5 4 
787 4 3 2 5 
788 5 6 7 
789 3 6 4 
790 0 4 
791 3 2 1 5 4 
792 6 4 
793 5 6 2 3 7 
794 6 4 
795 6 4 
797 5 1 2 0 4 
798 7 6 4 
799 7 2 1 5 4 
800 7 6 5 
801 0 7 6 5 
802 7 3 2 4 
803 2 3 4 
804 3 7 6 4 
805 6 7 4 
806 6 7 5 
807 0 6 3 2 5 
808 6 2 3 4 
809 6 4 
810 6 1 3 0 5 
811 7 1 2 0 5 4 
812 4 2 3 5 
813 7 3 4 
814 1 4 
815 7 6 4 
816 6 2 1 4 
817 7 6 2 1 4 
818 2 3 1 0 6 4 
819 1 5 4 
820 2 3 4 
821 1 6 7 5 
822 3 2 5 
823 3 2 4 
824 0 2 3 1 4 
825 2 1 0 5 4 
826 3 1 5 4 
827 6 5 4 
828 0 6 7 5 
829 2 6 3 5 
830 7 6 5 
831 6 3 1 2 0 7 5 
832 1 6 3 2 5 
833 0 2 3 1 4 
834 3 6 7 4 
835 2 5 4 
836 4 2 1 5 
837 0 5 4 
838 7 1 2 0 5 4 
839 6 2 1 4 
840 7 3 2 4 
841 0 6 7 5 
842 7 1 3 0 5 
843 6 2 3 1 0 4 
844 7 3 2 4 
845 5 2 1 4 
846 6 7 5 
847 1 3 2 0 6 4 
848 1 6 3 2 0 7 5 
849 2 3 7 4 
850 2 6 4 
851 4 5 
852 5 3 2 4 
853 3 6 2 7 
854 2 3 5 
855 3 5 4 
856 6 7 5 
857 5 3 4 
858 4 3 1 5 
859 6 2 3 4 
860 4 6 3 2 5 
861 5 3 4 
862 4 6 3 1 2 0 7 5 
863 7 2 1 5 4 
864 6 3 2 1 0 4 
865 1 2 3 4 
866 6 4 
867 2 6 7 5 
868 3 1 4 
869 6 3 2 1 0 4 
870 7 2 3 1 0 4 
871 0 5 4 
872 6 4 
873 6 3 1 2 0 7 5 
874 7 6 4 
875 0 6 7 4 
876 4 6 2 3 7 
877 0 3 2 1 6 4 
878 1 2 5 4 
879 7 6 4 
880 6 7 5 
881 7 6 2 3 
882 1 6 3 2 0 7 5 
883 1 6 7 2 4 
884 2 5 4 
885 1 7 6 4 
886 2 5 4 
887 3 5 4 
888 0 3 2 4 
889 2 6 3 5 
890 3 2 5 4 
891 6 7 5 
892 2 6 7 5 
893 3 2 1 5 4 
894 7 6 1 3 0 4 
895 6 3 2 4 
896 0 2 1 5 4 
897 0 4 
898 3 6 4 
899 3 2 1 5 4 
900 4 2 3 
901 0 6 3 1 2 7 5 
902 7 6 3 1 2 0 5 
903 6 7 4 
904 3 2 1 0 6 4 
905 0 6 4 
906 7 6 5 
907 7 6 5 
908 6 4 
909 5 6 3 1 2 0 7 
910 6 2 1 5 4 
911 0 6 7 1 3 4 
912 2 4 
913 3 1 2 0 5 4 
914 3 7 6 5 
915 3 6 1 2 0 7 5 
916 4 3 1 5 
917 3 6 4 
918 7 2 3 4 
919 3 1 4 
920 5 3 1 4 
921 1 3 2 5 4 
922 1 2 3 5 
923 0 5 4 
924 0 6 7 2 1 4 
925 4 7 6 
926 7 3 4 
927 7 3 1 4 
928 4 3 1 5 
929 0 6 2 3 7 
930 7 3 2 5 4 
931 3 2 5 4 
932 3 6 2 7 
933 6 5 4 
934 0 6 7 1 3 4 
935 0 2 1 4 
936 7 3 2 1 0 6 4 
937 1 6 2 3 7 
938 1 3 2 5 4 
939 0 5 4 
940 0 6 7 5 
941 6 3 4 
942 6 3 2 5 4 
943 6 3 2 5 
944 7 2 1 5 4 
945 7 6 1 3 0 4 
946 7 6 5 
947 3 5 4 
948 3 6 7 5 
949 0 3 2 7 4 
950 6 4 
951 3 1 5 4 
952 7 3 2 4 
953 1 6 7 5 
954 5 6 7 4 
955 0 6 7 1 3 4 
956 7 3 1 5 4 
957 6 2 3 4 
958 7 6 3 1 2 0 5 
959 5 4 
960 0 3 2 7 4 
961 0 6 2 3 7 
962 3 6 2 5 
963 3 6 7 5 
964 4 5 
965 0 1 3 5 
966 7 2 1 5 4 
967 5 6 4 
968 3 6 1 2 0 7 5 
969 0 6 7 2 1 4 
970 1 6 4 
971 0 1 3 5 
972 0 1 3 5 
973 4 5 
974 6 7 5 
975 0 6 7 1 3 4 
976 0 5 4 
977 0 3 4 
978 3 2 7 4 
979 4 6 7 5 
980 5 2 3 4 
981 3 4 
982 0 2 3 1 4 
983 3 6 7 2 1 4 
984 4 6 3 1 2 0 7 5 
985 5 7 6 
986 4 7 6 
987 7 6 2 1 4 
988 4 1 2 0 5 
989 5 1 2 0 4 
990 5 6 7 
991 7 1 3 0 5 
992 5 6 3 2 
993 0 7 6 4 
994 2 6 3 5 
995 3 2 4 
996 3 4 
997 0 5 4 
998 0 1 3 5 
999 0 4 
1000 4 3 2 1 0 6 
1001 1 2 3 5 
1002 1 3 4 
1003 0 4 
1004 0 2 3 4 
1005 0 2 1 4 
1006 3 6 2 7 
1007 7 6 5 
1008 5 2 3 
1009 6 4 
1010 6 7 1 3 0 4 
1011 3 1 5 4 
1012 3 2 7 4 
1013 0 6 7 5 
1014 6 4 
1015 3 2 1 0 4 
1016 6 4 
1017 3 2 4 
1018 5 6 3 1 2 0 7 
1019 0 6 7 5 
1020 6 2 3 4 
1021 6 2 1 4 
1022 6 7 2 1 4 
1023 5 3 1 4 
