0 1 0 3 
1 5 2 4 3 
2 5 0 2 3 
3 3 0 1 
4 4 2 
5 6 4 5 
6 6 2 
7 6 4 5 
8 5 6 7 3 4 2 
9 6 4 5 3 
10 0 3 2 
11 4 2 3 
12 6 4 5 
13 5 3 2 
14 3 0 1 
15 0 2 3 
16 2 0 1 3 
17 0 2 
18 0 4 5 3 
19 5 0 1 2 
20 0 1 2 
21 5 6 7 3 4 2 
22 1 0 2 3 
23 2 5 4 3 
24 4 7 6 5 
25 1 2 3 
26 7 3 2 
27 6 5 4 3 
28 7 3 2 
29 2 0 
30 6 0 1 3 
31 1 3 2 
32 4 6 7 3 2 
33 5 2 4 3 
34 1 6 4 5 
35 3 5 2 4 
36 0 2 3 
37 3 2 
38 6 0 2 3 
39 1 3 2 
40 3 0 2 
41 3 5 2 4 
42 0 2 
43 7 0 3 2 
44 2 0 1 
45 5 4 3 
46 4 3 2 
47 7 2 5 4 3 
48 2 0 1 
49 3 0 2 
50 0 7 6 4 5 
51 3 0 2 
52 0 1 3 
53 2 4 5 
54 7 0 1 3 
55 5 2 
56 5 4 3 
57 2 0 
58 4 2 3 
59 2 5 4 3 
60 2 0 1 
61 7 4 2 5 3 
62 6 2 5 4 3 
63 6 5 4 
64 2 3 
65 5 0 1 3 
66 5 4 2 3 
67 3 6 7 4 2 
68 4 5 3 
69 6 4 5 
70 6 4 2 5 3 
71 6 2 
72 5 2 3 
73 6 5 4 3 
74 0 1 2 
75 4 5 3 
76 6 4 2 5 3 
77 5 2 3 
78 3 4 2 5 
79 0 2 5 4 3 
80 2 5 7 6 
81 0 2 3 
82 0 7 6 4 5 
83 5 7 6 4 
84 0 1 3 
85 5 0 2 3 
86 1 6 4 5 
87 2 0 3 
88 5 2 3 
89 1 2 5 4 3 
90 7 6 4 0 
91 6 7 3 4 2 
92 7 5 4 3 
93 2 4 5 
94 6 0 3 2 
95 1 3 2 
96 4 5 2 3 
97 4 2 5 3 
98 1 2 3 
99 3 4 2 5 
100 0 4 5 
101 3 5 7 6 2 
102 6 4 2 5 3 
103 1 2 5 4 3 
104 3 7 6 4 5 
105 3 4 6 2 
106 0 5 4 3 
107 7 6 4 5 
108 2 5 4 3 
109 4 2 5 3 
110 4 2 3 
111 7 5 6 2 
112 2 4 5 
113 3 6 5 4 
114 0 1 2 
115 3 0 1 2 
116 0 2 3 
117 2 6 4 7 0 
118 7 5 2 4 3 
119 5 0 1 3 
120 5 2 3 
121 2 3 
122 4 2 3 
123 2 4 5 3 
124 1 2 
125 7 0 3 2 
126 6 4 5 3 
127 6 0 1 3 
128 2 6 7 3 4 
129 5 4 3 
130 5 6 7 4 1 
131 3 5 4 
132 5 4 3 
133 6 0 1 3 
134 6 5 7 2 
135 6 4 5 
136 5 3 2 
137 6 4 2 5 3 
138 0 7 6 4 5 
139 4 6 5 
140 6 2 3 
141 5 2 3 
142 3 7 6 4 5 
143 0 1 2 
144 2 5 4 3 
145 0 1 2 
146 0 2 
147 4 2 
148 0 2 
149 5 2 
150 1 6 7 3 4 2 
151 2 4 5 
152 5 0 1 2 
153 1 6 7 3 4 2 
154 7 5 2 4 3 
155 6 7 4 5 
156 7 6 4 0 
157 2 5 4 3 
158 6 5 4 
159 1 4 5 
160 4 0 1 3 
161 5 2 3 
162 1 2 
163 3 2 
164 0 7 6 4 5 
165 3 4 5 
166 6 7 4 5 
167 1 2 3 
168 3 0 2 
169 2 4 5 
170 0 1 3 
171 7 2 3 
172 2 5 4 
173 5 0 1 2 
174 4 5 
175 7 5 4 3 
176 3 2 
177 3 2 
178 0 2 3 
179 3 2 
180 0 4 2 5 3 
181 2 6 7 4 1 
182 7 5 6 2 
183 5 4 2 3 
184 5 6 4 
185 2 5 4 3 
186 4 0 2 3 
187 2 4 6 
188 1 6 5 4 
189 7 6 4 0 
190 6 0 1 3 
191 6 3 2 
192 2 6 4 5 
193 5 6 4 7 0 
194 5 2 4 3 
195 3 0 2 
196 4 2 
197 6 5 4 
198 6 0 2 3 
199 6 7 4 5 
200 5 4 6 2 
201 7 4 5 3 
202 0 2 5 4 3 
203 4 7 6 5 
204 6 4 5 
205 5 0 2 3 
206 3 4 5 
207 0 1 2 
208 2 3 
209 0 4 5 3 
210 0 4 5 
211 5 0 1 3 
212 0 5 2 4 3 
213 5 0 2 
214 1 3 2 
215 2 4 5 3 
216 5 4 3 
217 1 2 
218 7 4 5 
219 6 3 2 
220 7 5 4 
221 3 0 1 
222 6 5 4 
223 1 5 2 4 3 
224 4 5 
225 5 0 1 3 
226 1 6 4 7 0 
227 3 5 7 6 2 
228 0 6 7 4 1 
229 3 6 7 4 2 
230 6 7 4 5 
231 1 6 5 4 
232 3 0 2 
233 3 0 1 2 
234 0 5 4 
235 7 0 2 
236 2 5 4 3 
237 5 2 3 
238 4 2 3 
239 7 0 1 3 
240 2 6 7 3 4 
241 3 4 5 
242 1 4 5 3 
243 3 2 
244 0 1 3 
245 1 0 2 
246 7 2 3 
247 5 4 
248 5 6 7 4 1 
249 2 0 
250 4 5 3 
251 2 3 
252 1 0 3 
253 7 2 
254 6 2 
255 6 2 
256 2 0 1 3 
257 4 5 3 
258 4 0 1 3 
259 1 2 5 4 3 
260 6 7 4 5 
261 6 5 4 3 
262 6 4 5 
263 6 4 5 3 
264 5 2 3 
265 6 0 2 
266 0 2 3 
267 4 7 6 5 
268 6 2 3 
269 5 2 4 3 
270 3 6 4 5 
271 0 2 
273 0 6 5 4 
274 0 1 2 
275 5 0 3 2 
276 0 2 
277 5 3 2 
278 1 2 
279 2 4 5 3 
280 5 6 4 
281 1 5 7 6 2 
282 7 4 5 
283 6 4 2 5 3 
284 7 0 2 
285 2 0 
286 6 2 3 
287 1 3 2 
288 4 3 2 
289 5 2 4 3 
290 1 4 5 
291 3 4 5 
292 0 1 3 
293 3 2 5 4 
294 6 5 4 
295 1 2 
296 3 2 5 4 
297 3 0 1 
298 0 6 4 5 
299 7 0 1 2 
300 2 5 4 
301 5 2 
302 4 5 
303 7 0 1 2 
305 3 6 5 4 
306 0 6 7 4 1 
307 3 2 
308 0 6 7 4 1 
309 3 0 1 
310 7 0 1 3 
311 5 0 1 3 
312 5 4 6 2 
313 0 2 3 
314 5 0 3 2 
315 1 6 4 7 0 
316 1 0 3 
317 7 6 4 1 
318 6 2 3 
319 6 5 7 2 
320 2 5 4 3 
321 6 4 2 5 3 
322 5 6 4 7 0 
323 2 4 5 
324 4 0 2 
325 7 3 2 
326 6 5 4 
327 4 2 3 
328 5 3 2 
329 6 0 1 3 
330 0 5 2 4 3 
331 4 0 1 3 
332 6 5 4 3 
333 5 0 1 3 
334 3 5 7 6 2 
335 0 2 
336 3 4 5 
337 0 2 
338 0 1 2 
339 5 0 3 2 
340 0 2 3 
341 5 2 3 
342 1 2 3 
343 2 6 5 4 
344 5 0 2 
345 1 4 5 
346 7 0 1 2 
347 6 0 2 3 
348 7 0 2 3 
349 2 5 4 
350 6 0 1 3 
351 1 0 2 
352 6 5 2 4 3 
353 5 0 2 3 
354 1 0 2 
355 0 6 7 4 1 
356 0 4 6 2 
357 3 7 6 4 5 
358 5 4 
359 1 6 5 4 
360 3 2 
361 2 5 7 6 
362 0 2 
363 7 2 3 
364 3 7 6 4 5 
365 5 4 3 
366 4 6 2 
367 4 2 3 
368 1 0 3 
369 1 6 5 4 
370 0 5 4 3 
371 3 4 5 
372 3 0 1 2 
373 2 0 3 
374 2 0 
375 5 4 2 3 
376 4 5 7 6 2 
377 2 3 
378 7 2 3 
379 2 6 4 7 0 
380 0 4 2 5 3 
381 1 2 3 
382 6 0 2 
383 6 0 2 3 
384 2 4 5 
385 5 0 1 3 
386 5 4 
387 3 0 1 
388 4 0 2 
389 6 4 5 
390 7 2 3 
391 6 7 3 4 2 
392 5 2 3 
393 4 0 3 2 
394 0 2 3 
395 4 2 3 
396 6 0 2 
397 5 0 1 3 
398 3 0 1 
399 0 1 3 
400 2 7 6 4 5 
401 0 1 3 
402 1 6 5 4 
403 6 4 5 
404 0 6 7 4 1 
405 4 6 5 
406 2 4 5 3 
407 2 0 3 
408 5 0 2 
409 1 6 7 4 
410 7 6 4 5 
411 7 6 4 5 
412 7 6 5 4 
413 2 6 7 4 1 
414 6 2 5 4 3 
415 1 5 4 
416 4 2 5 3 
417 5 0 1 2 
418 1 6 7 3 4 2 
419 3 6 4 7 0 
420 0 3 2 
421 3 6 4 5 
422 6 7 4 5 
423 1 6 7 4 
424 3 4 5 
425 3 6 7 4 2 
426 0 5 7 6 2 
427 7 0 3 2 
428 2 4 6 
429 5 0 3 2 
430 4 6 7 0 
431 4 6 2 
432 2 6 4 7 0 
433 3 0 2 
434 0 6 7 3 4 2 
435 3 6 7 4 1 
436 0 1 3 
437 2 6 4 5 
438 7 5 4 3 
439 5 0 2 3 
440 5 2 3 
441 3 7 6 4 5 
442 4 2 
443 2 0 
444 1 0 2 
445 7 2 
446 7 0 2 
447 6 5 4 3 
448 2 0 1 3 
449 5 0 1 3 
450 5 2 3 
451 3 7 6 4 5 
452 4 6 5 
453 6 0 2 
454 6 5 4 
455 6 5 7 2 
456 5 4 
457 6 5 4 
458 0 4 5 3 
459 4 6 7 0 
460 6 7 3 4 2 
461 4 2 
462 3 2 
463 0 1 3 
464 2 5 4 3 
465 0 2 
466 0 3 2 
467 5 0 3 2 
468 1 6 7 3 4 2 
469 5 2 4 3 
470 1 6 4 7 0 
471 2 6 5 4 
472 5 6 7 4 1 
473 1 2 
474 7 5 6 2 
475 6 4 2 
476 7 2 3 
477 2 3 
478 6 2 3 
479 1 5 4 3 
480 4 6 5 
481 5 6 4 
482 1 4 5 3 
483 3 2 
484 0 6 4 5 
485 3 0 1 2 
486 6 7 4 1 
487 1 0 3 
488 3 6 7 4 2 
489 3 0 1 
490 0 2 3 
491 7 5 4 
493 5 0 1 2 
494 4 0 1 2 
495 7 2 3 
496 2 0 
497 3 6 4 7 0 
498 0 1 3 
499 3 4 5 
500 0 6 5 4 
501 2 0 3 
502 7 0 1 2 
503 5 6 4 
504 5 6 4 7 0 
505 2 4 5 
506 4 2 3 
507 3 0 2 
508 1 0 2 
509 7 2 3 
510 6 0 1 2 
511 6 5 4 
512 2 6 7 3 4 
513 5 4 2 3 
514 5 6 4 7 0 
515 3 2 
516 4 2 3 
517 6 4 5 
518 6 7 4 5 
519 6 0 2 
520 5 2 4 3 
521 6 5 4 3 
522 1 0 2 
523 4 2 5 3 
524 6 0 2 
525 5 0 1 2 
526 3 5 2 4 
527 0 5 4 
528 2 0 3 
529 0 4 6 2 
530 0 7 6 4 5 
531 5 0 2 
532 0 6 4 5 
533 5 2 
534 1 2 5 4 3 
535 2 0 1 
536 5 0 1 3 
537 1 0 2 
538 7 4 5 
539 6 4 2 
540 4 5 
541 2 5 4 3 
542 6 7 4 1 
543 1 0 3 
544 4 6 2 
545 5 0 1 3 
546 1 3 2 
547 3 4 2 5 
548 0 6 5 4 
549 3 0 1 
550 6 5 4 
551 1 7 6 4 5 
552 3 5 4 
553 3 0 2 
554 0 4 6 2 
555 7 2 
556 2 0 1 
557 5 2 4 3 
558 4 2 
559 7 5 4 3 
560 2 0 1 
561 3 6 7 4 1 
562 0 2 3 
563 3 2 5 4 
564 0 3 2 
565 2 0 3 
566 7 0 1 3 
567 5 4 6 2 
568 5 0 2 3 
569 2 0 
570 4 5 
571 2 4 5 
572 2 7 6 4 5 
573 7 0 2 
574 6 0 1 2 
575 7 0 2 3 
576 2 7 6 4 5 
577 5 4 
578 5 0 3 2 
579 3 6 7 4 2 
580 4 0 1 3 
581 6 4 2 
582 6 5 4 
583 6 5 4 3 
584 5 6 7 3 4 2 
585 6 0 1 2 
586 0 2 
587 4 5 
588 6 0 1 3 
589 5 0 1 2 
590 3 0 1 
591 0 1 3 
592 2 3 
593 0 4 5 
594 0 2 
595 5 2 4 3 
596 0 5 4 3 
597 5 7 6 4 
598 1 0 2 
599 2 4 5 3 
600 5 4 
601 1 4 5 3 
602 7 3 2 
603 6 5 7 2 
604 7 2 
605 2 7 6 4 5 
606 6 5 4 
607 1 0 3 
608 4 0 1 3 
609 5 6 4 
610 1 0 2 
611 3 6 7 4 2 
612 0 2 
613 3 2 
614 6 7 4 5 
615 1 0 2 
616 2 4 5 
617 3 0 2 
618 0 6 4 7 
619 7 0 1 3 
620 2 4 6 
621 5 4 
622 4 0 1 2 
623 7 6 3 4 2 
624 2 4 5 
625 3 5 4 
626 0 1 2 
627 3 5 4 
628 0 4 5 
630 7 0 1 3 
631 5 2 4 3 
632 5 7 6 2 
633 2 4 5 
634 4 2 3 
635 2 4 6 
636 1 5 4 3 
637 7 6 4 5 
638 6 2 
639 6 7 4 5 
640 2 5 4 3 
641 5 0 1 2 
642 5 0 2 3 
643 3 0 1 
644 5 4 3 
645 6 7 4 1 
646 6 7 4 5 
647 6 4 2 
648 5 0 1 2 
649 6 2 3 
650 0 5 4 
651 4 6 2 
652 6 4 5 
653 5 2 4 3 
654 3 7 6 4 5 
655 0 2 3 
656 2 5 4 
657 0 2 3 
658 0 5 7 6 2 
659 5 4 
660 0 6 4 5 
661 5 6 4 7 0 
662 1 0 2 
663 2 6 4 5 
664 5 4 6 2 
665 1 2 5 4 3 
666 7 4 5 
667 6 0 2 
668 4 6 2 
669 2 3 
670 6 7 4 1 
671 1 2 
672 4 0 3 2 
673 5 0 1 3 
674 1 4 5 
675 3 4 5 
676 0 4 5 
677 3 0 1 2 
678 6 7 4 5 
679 1 0 2 
680 3 6 4 5 
681 3 2 
682 0 1 3 
683 7 0 1 3 
684 2 0 3 
685 5 3 2 
686 4 6 5 
687 7 4 2 5 3 
688 2 7 6 4 5 
689 3 0 2 
690 0 4 6 2 
691 3 0 1 
692 0 6 4 5 
693 2 6 4 5 
694 7 6 4 5 
695 4 6 7 0 
696 5 4 
697 2 5 7 6 
698 5 0 1 3 
699 3 0 1 
700 1 3 2 
701 7 0 2 3 
702 6 2 
703 6 7 4 1 
704 2 7 6 4 5 
705 5 0 1 2 
706 5 0 1 3 
707 2 6 7 3 4 
708 4 5 3 
709 6 5 4 
710 6 5 4 3 
711 7 5 6 2 
712 5 0 3 2 
713 4 5 2 3 
714 0 4 2 5 3 
715 4 2 
716 6 4 5 3 
717 5 7 6 4 
718 3 4 6 2 
719 0 1 3 
720 2 5 7 6 
721 0 2 
722 0 5 7 6 2 
723 5 4 
724 0 4 2 5 3 
725 5 4 
726 1 2 5 4 3 
727 2 7 6 4 5 
728 5 2 
729 1 0 3 
730 7 4 6 2 
731 6 0 1 3 
732 7 0 1 3 
733 2 4 5 
734 5 0 1 3 
735 1 0 2 
736 6 0 2 
737 4 2 5 3 
738 1 0 3 
739 3 6 5 4 
740 0 3 2 
741 3 4 2 5 
742 6 4 7 0 
743 1 0 2 3 
744 3 2 
745 3 5 2 4 
746 0 1 2 
747 7 2 3 
748 2 6 7 4 1 
749 4 0 1 2 
750 4 0 1 2 
751 7 4 5 
752 2 7 6 4 5 
753 3 2 
754 0 2 3 
755 3 6 7 4 2 
756 1 0 3 
758 7 0 1 2 
759 4 6 5 
760 4 7 6 5 
761 2 6 4 5 
762 4 6 2 
763 1 0 2 
764 1 0 3 2 
765 7 2 
766 7 4 6 2 
767 6 5 2 4 3 
768 2 5 4 3 
769 4 0 2 
770 4 5 3 
771 3 0 1 
772 4 5 2 3 
773 5 7 6 4 
774 6 2 3 
775 6 5 2 4 3 
776 4 2 
777 6 4 5 3 
778 1 6 5 4 
779 4 7 6 5 
780 6 2 
781 4 5 7 6 2 
782 3 2 
783 0 4 2 5 3 
784 2 0 1 
785 0 5 4 
786 0 2 3 
787 4 6 7 3 2 
788 0 2 3 
789 4 2 3 
790 1 2 
791 2 4 5 3 
792 4 2 3 
793 1 0 3 2 
794 7 4 5 
795 6 0 2 
796 7 0 1 3 
797 2 0 
798 6 7 4 5 
799 1 5 4 
800 4 5 
801 4 7 6 5 
802 1 0 2 3 
803 3 0 2 
804 0 1 2 
805 3 0 1 2 
806 7 6 4 5 
807 1 0 2 
808 3 6 5 4 
809 3 2 
810 0 2 
811 7 4 5 3 
812 2 5 4 
813 4 7 6 5 
814 4 5 
815 7 6 4 5 
816 3 6 4 5 
817 3 2 
818 0 2 3 
819 3 5 2 4 
820 0 3 2 
821 2 6 5 4 
822 7 6 4 5 
823 4 6 7 0 
824 4 7 6 5 
825 2 0 3 
826 7 6 4 5 
827 2 3 
828 0 2 3 
829 7 5 6 2 
830 7 0 1 3 
831 7 6 5 4 
832 2 7 6 4 5 
833 4 6 2 
834 4 5 3 
835 7 2 
836 4 5 
837 7 0 2 
838 7 6 4 0 
839 7 0 1 3 
840 2 7 6 4 5 
841 7 3 2 
842 0 2 
843 7 0 3 2 
844 7 6 4 5 
845 4 2 
846 3 5 4 
847 0 2 
848 2 0 3 
849 0 7 6 4 5 
850 0 2 3 
851 4 2 
852 0 5 2 4 3 
853 4 0 1 2 
854 2 6 7 3 4 
856 4 6 7 3 2 
857 1 7 6 4 5 
858 4 0 2 3 
859 7 6 4 1 
860 7 5 6 2 
861 2 6 4 7 0 
862 6 4 5 3 
863 1 4 6 2 
864 6 4 5 
865 4 6 7 1 
866 1 6 4 5 
867 3 0 2 
868 1 5 7 6 2 
869 3 6 4 7 0 
870 7 0 1 2 
871 1 6 7 4 
872 3 4 5 
873 3 6 7 4 2 
874 0 2 
875 7 4 6 2 
876 3 2 
877 4 2 3 
878 7 0 1 3 
879 7 0 1 2 
880 2 0 
881 3 5 7 6 2 
882 0 4 5 3 
883 3 2 
884 0 5 2 4 3 
886 2 0 3 
887 4 6 7 0 
888 0 3 2 
889 0 4 5 
890 7 6 4 5 
891 2 3 
892 1 2 3 
893 7 6 4 5 
894 7 0 1 3 
895 7 4 5 
896 2 0 1 3 
897 6 2 3 
898 4 6 7 0 
899 3 4 5 
900 6 4 7 0 
901 7 2 
902 7 6 3 4 2 
903 7 3 2 
904 7 6 4 5 
905 7 5 2 4 3 
906 0 2 3 
907 7 6 4 5 
908 7 6 4 1 
909 4 5 2 3 
910 3 6 7 4 1 
911 0 2 
912 3 0 1 
913 1 7 6 4 5 
914 7 0 1 3 
915 6 4 7 0 
916 1 2 5 4 3 
917 4 2 
918 7 0 1 2 
919 3 4 2 5 
921 4 5 2 3 
922 7 6 3 4 2 
923 7 2 5 4 3 
924 7 0 3 2 
925 4 0 2 3 
926 6 0 2 
927 1 0 2 
928 6 0 1 3 
929 4 6 2 
930 7 5 4 
931 6 0 2 
932 1 5 7 6 2 
933 1 4 6 2 
934 1 6 7 4 
935 1 4 5 
936 4 5 2 3 
937 4 6 7 3 2 
938 7 0 1 3 
939 4 6 5 
940 7 6 4 5 
941 1 6 7 4 
942 7 6 4 5 
943 2 3 
944 1 6 7 4 
945 1 6 7 4 
946 4 2 
947 7 0 3 2 
948 3 2 
949 5 4 2 3 
950 3 6 4 5 
951 4 5 
952 2 0 
953 4 2 3 
954 1 0 3 
955 4 6 7 1 
956 7 6 4 0 
957 1 4 5 
958 7 0 2 
959 2 5 7 6 
960 1 6 4 5 
961 4 5 3 
962 4 5 
963 1 0 2 
964 4 5 
965 5 2 4 3 
966 7 4 2 5 3 
967 4 0 1 3 
968 7 2 
969 4 5 2 3 
970 1 5 7 6 2 
971 7 5 4 3 
972 7 2 3 
973 4 0 1 3 
974 3 0 2 
975 1 2 
976 1 2 3 
977 1 4 5 3 
978 1 0 3 
979 6 5 4 3 
980 1 2 3 
981 4 0 1 2 
982 3 0 2 
983 1 0 2 
984 4 2 3 
985 1 0 2 3 
986 4 5 
987 4 2 
988 4 6 2 
989 3 6 7 4 2 
990 5 0 1 2 
991 1 0 2 
992 6 2 3 
993 1 2 
994 1 0 3 
995 0 2 3 
996 1 5 2 4 3 
997 5 4 3 
998 5 6 4 7 0 
999 1 2 3 
1000 3 5 7 6 2 
1001 1 0 3 
1002 1 0 3 
1003 4 6 5 
1004 1 0 3 
1005 4 5 7 6 2 
1006 4 0 1 3 
1007 2 5 7 6 
1008 1 4 5 3 
1009 1 2 3 
1010 1 7 6 4 5 
1011 3 0 1 2 
1012 3 4 2 5 
1013 3 0 1 
1014 3 2 
1015 4 5 3 
1016 0 6 4 7 
1017 4 6 7 1 
1018 1 2 3 
1019 7 4 5 
1020 7 4 2 5 3 
1021 1 0 2 
1022 7 2 3 
1023 2 5 4 
