0 0 1 2 3 6 
1 1 0 2 3 7 
2 7 2 0 3 1 
3 2 3 5 4 
4 7 3 4 2 5 
5 0 2 1 3 6 
6 5 7 4 1 0 
7 7 2 1 3 0 
8 3 5 4 7 2 
9 6 2 0 1 3 
10 0 1 7 3 2 4 
11 7 4 1 
12 6 0 
13 0 4 7 6 5 
14 6 1 7 0 
15 3 0 5 1 4 
16 3 0 5 1 4 
17 0 3 7 4 2 5 
18 1 3 7 0 5 2 4 
19 5 3 2 
20 4 2 7 5 0 
21 2 7 0 3 6 1 
22 1 3 7 5 2 4 
23 5 0 3 4 2 
24 2 3 7 1 0 5 4 
25 1 3 7 2 4 0 
26 0 6 3 5 4 
27 6 2 0 7 
28 1 7 0 6 
29 2 7 4 1 5 0 
30 4 0 3 2 5 
31 3 7 0 5 1 4 
32 0 2 1 3 7 
33 1 4 0 7 
34 7 4 3 5 0 
35 2 0 6 7 1 
36 7 0 3 2 1 
37 0 7 5 6 4 
38 5 6 7 4 
39 7 4 0 2 3 5 1 
40 3 2 0 
41 6 4 0 5 1 
42 0 3 4 2 7 
43 7 0 2 1 3 
44 6 7 2 0 3 1 
45 0 1 6 5 4 3 
46 6 4 0 7 2 3 5 1 
47 3 0 1 6 5 4 
48 3 5 4 2 0 
49 0 2 1 3 6 
50 1 2 3 0 7 
51 5 0 1 6 2 7 
52 4 0 3 7 
53 2 4 5 0 6 7 1 
54 1 7 0 6 
55 5 4 3 7 0 
56 2 0 6 7 1 
57 1 0 3 
58 0 4 5 7 1 
59 6 0 4 5 7 
60 1 5 4 2 0 3 
61 2 3 7 1 0 5 4 
62 4 3 0 2 7 
63 3 2 0 7 1 
64 0 2 3 7 1 
65 1 0 4 6 5 7 
66 7 0 3 
67 2 1 0 3 7 
68 7 4 5 0 6 1 
69 0 3 2 
70 5 6 7 4 
71 7 3 1 5 2 4 
72 3 4 0 5 6 1 
73 6 3 2 
74 0 7 6 1 
75 7 0 3 
76 6 7 5 4 
77 0 4 7 2 3 5 1 
78 6 0 1 2 7 
79 3 7 0 5 1 4 
80 3 6 1 7 0 
81 0 6 7 5 4 
82 1 5 6 2 4 
83 5 4 3 7 0 
84 4 6 7 5 
85 2 1 6 7 0 
86 1 7 2 0 3 6 
87 5 6 4 7 0 
88 2 3 7 1 0 5 4 
89 1 4 3 2 0 5 
90 0 1 2 3 7 
91 6 3 2 
92 1 4 3 5 7 0 
93 2 4 7 5 0 
94 4 7 0 6 1 
95 3 7 2 0 6 1 
96 1 6 4 5 7 
97 1 0 6 5 4 3 
98 7 4 3 5 0 
99 2 1 4 0 7 
100 7 0 4 6 5 
101 0 6 7 1 
102 5 2 4 7 0 
103 7 3 1 2 4 0 
104 2 7 0 6 1 
105 6 7 0 1 
106 0 7 4 1 
107 7 0 6 1 
108 6 7 0 1 
109 0 2 4 7 5 
110 6 7 1 4 5 2 
111 3 5 2 4 
112 3 4 7 6 5 
113 0 6 
114 1 3 5 2 4 
115 5 6 3 2 0 
116 4 7 1 6 0 5 
117 2 4 5 0 7 1 
118 1 3 7 5 2 4 
119 5 0 3 7 
120 2 0 6 7 1 
121 1 7 4 5 0 
122 0 2 4 7 5 
123 6 0 7 1 
124 1 2 0 3 7 
125 2 4 5 0 7 1 
126 4 0 5 6 1 
127 3 7 6 4 5 
128 0 6 2 3 7 
129 1 0 6 2 7 
130 7 6 4 5 
131 2 3 7 1 0 5 4 
132 7 4 6 5 
133 0 3 7 
134 5 6 7 4 
135 7 6 0 3 5 4 
136 3 1 0 2 7 
137 6 2 0 7 
138 0 7 6 5 4 
139 7 4 1 
140 6 1 7 3 2 4 0 
141 0 3 4 2 7 
142 6 3 2 0 
143 3 6 4 5 7 
144 3 0 2 1 7 
145 0 1 2 3 6 
146 1 2 0 3 6 
147 5 7 0 6 1 
148 4 5 2 0 3 
149 2 0 7 
150 1 6 5 4 7 
151 5 4 7 2 
152 2 4 5 0 7 1 
153 1 0 5 3 4 
154 0 4 5 6 1 
155 6 0 1 5 4 3 
156 1 4 0 5 6 
157 2 7 4 1 
158 4 0 1 3 
159 3 1 4 0 7 
160 0 2 1 3 7 
161 1 0 5 3 4 
162 7 3 2 0 
163 2 3 7 1 5 4 
164 7 3 1 2 4 0 
165 0 6 4 7 
166 5 7 6 4 
167 7 0 5 1 4 
168 3 7 6 4 5 
169 6 2 1 3 0 7 
170 0 2 7 
171 7 6 0 3 5 4 
172 6 5 1 2 4 
173 0 3 7 1 5 2 4 
174 6 2 0 7 
175 3 0 1 6 5 4 
176 3 0 4 6 5 7 
177 0 4 6 7 5 1 
178 1 5 4 7 2 
179 5 6 0 3 4 
180 4 0 6 7 1 
181 2 6 0 3 7 
182 1 2 0 7 
183 5 1 6 2 4 
184 3 6 0 
185 1 4 7 6 5 
186 0 4 7 6 5 
187 6 5 4 7 
188 1 2 3 0 7 
189 2 0 6 7 1 
190 4 7 1 5 2 
191 3 2 0 
192 2 7 0 3 6 1 
193 1 7 4 5 2 
194 7 2 1 3 0 
195 2 6 1 7 0 
196 7 2 0 3 6 1 
197 0 4 3 5 7 
198 5 1 6 2 4 
199 7 6 4 0 
200 3 4 0 7 2 5 1 
201 6 0 7 1 
202 2 5 4 0 3 
203 7 0 5 1 4 
204 6 0 1 3 
205 0 1 2 3 7 
206 6 2 0 1 3 
207 3 4 5 6 0 1 
208 3 2 0 1 6 
209 0 6 4 5 7 
210 1 3 2 0 
211 5 4 3 7 0 
212 4 2 1 3 0 7 
213 2 3 7 4 0 
214 1 3 7 4 2 5 
215 5 7 1 6 0 
216 2 0 1 3 7 
217 1 0 2 3 6 
218 0 7 6 5 4 
219 6 2 0 3 7 
220 1 0 5 3 4 
221 2 4 5 6 0 1 
222 4 6 7 5 
223 3 0 4 6 5 7 
224 0 6 7 5 4 
225 1 3 7 0 5 2 4 
226 7 0 3 
227 2 4 7 5 0 
228 7 4 3 2 0 5 
229 0 2 4 7 5 
230 5 3 7 1 2 4 
231 7 6 0 
232 3 2 
233 6 0 3 5 4 
234 0 3 2 
235 7 3 4 2 0 
236 6 3 2 0 
237 0 3 7 1 5 2 4 
238 6 4 5 0 7 1 
239 3 0 4 2 5 
240 3 4 2 0 5 
241 0 6 3 2 
242 2 4 3 0 5 
243 5 3 7 1 2 4 
244 4 6 0 
245 2 6 7 5 4 
246 1 4 7 6 5 
247 5 0 3 4 2 
248 2 4 5 0 7 1 
249 1 7 5 6 4 
250 0 4 5 6 1 
251 6 1 4 0 7 
252 1 0 3 2 7 
253 2 0 3 7 1 
254 4 1 0 2 3 6 
255 3 7 4 1 0 
256 0 7 4 1 
257 1 5 4 2 0 3 
258 7 0 3 
259 2 0 1 6 7 
260 7 3 0 4 2 
261 0 2 1 3 7 
262 5 4 2 0 3 
263 7 3 1 0 5 2 4 
264 3 7 4 2 0 
265 6 0 1 2 7 
266 0 2 1 3 7 
267 7 4 0 5 6 1 
268 6 1 2 7 0 
269 0 6 1 7 
270 6 7 5 4 
271 3 4 5 0 6 7 1 
272 3 0 2 1 7 
273 0 1 6 2 7 
274 1 4 3 5 7 0 
275 5 0 6 7 1 
276 4 3 5 2 
277 2 4 7 5 0 
278 1 4 5 0 7 
279 5 7 0 1 4 
280 2 6 1 7 0 
281 1 6 7 5 4 
282 0 4 5 6 1 
283 6 3 7 1 5 2 4 
284 1 7 3 2 4 0 
285 2 7 1 6 0 5 
286 4 6 5 7 
287 3 0 6 7 1 
288 0 7 6 1 
289 1 7 6 5 4 
290 6 4 3 5 7 0 
291 2 6 7 5 4 
292 7 6 4 5 
293 0 5 4 2 3 
294 5 6 4 7 
295 7 6 0 3 5 4 
296 3 7 6 5 4 
297 6 7 0 1 
298 0 7 6 5 4 
299 7 0 1 3 
300 6 7 0 5 1 4 
301 1 6 0 3 5 4 
302 6 7 4 1 5 0 
303 3 0 2 1 7 
304 3 4 5 0 7 1 
305 0 7 5 6 4 
306 1 0 6 7 
307 4 6 5 7 
308 4 7 0 5 1 
309 3 4 0 7 2 5 1 
310 1 0 6 5 4 3 
311 5 1 6 2 4 
312 2 7 6 4 5 
313 1 0 6 7 
314 3 7 0 6 1 
315 6 3 7 1 0 5 2 4 
316 1 6 4 5 7 
317 2 0 6 7 1 
318 4 7 1 0 
319 3 7 4 1 5 0 
320 0 4 5 6 1 
321 1 4 0 7 
322 7 6 1 0 
323 3 4 0 7 2 5 1 
324 7 4 5 6 0 1 
325 0 4 6 5 7 
326 5 0 1 6 4 3 
327 7 1 0 2 3 6 
328 3 0 1 6 5 4 
329 6 7 2 0 3 1 
330 1 0 6 2 7 
331 6 5 1 2 4 
332 6 0 2 1 3 7 
333 0 3 7 4 2 
334 6 7 5 4 
335 3 0 2 1 7 
336 3 0 5 1 4 
337 0 5 1 6 2 4 
338 1 0 2 3 6 
339 5 0 3 1 4 
340 4 1 2 6 7 0 
341 2 3 7 4 5 
342 2 3 0 4 7 
343 5 4 6 7 0 1 
344 2 0 1 3 
345 1 0 6 2 7 
346 0 7 6 5 4 
347 6 7 4 5 
348 1 0 3 2 7 
349 2 6 0 3 7 
350 4 7 0 6 1 
351 3 6 2 0 7 
352 0 7 6 4 5 
353 1 4 0 7 2 3 5 
354 7 3 4 2 5 
355 2 6 0 3 7 
356 7 2 0 3 1 
357 3 0 1 
358 5 1 2 6 7 0 
359 6 2 0 3 7 1 
360 3 6 0 
361 6 7 1 0 5 
362 0 7 5 6 4 
363 7 5 4 2 
364 7 4 3 5 0 
365 2 3 7 4 5 
366 7 1 4 0 
367 3 0 2 1 7 
368 3 4 6 5 7 
369 3 4 5 0 6 7 1 
370 1 4 5 0 6 7 
371 5 2 0 1 3 6 
372 4 6 3 2 0 
373 2 7 6 4 5 
374 1 0 3 7 
375 5 0 1 3 
376 2 0 3 4 5 
377 3 0 4 2 5 
378 1 4 5 0 6 7 
379 6 0 7 1 
380 2 7 4 1 0 
381 3 7 1 4 5 2 
382 4 6 0 
383 2 4 6 5 7 
384 0 4 3 2 5 
385 5 7 1 4 2 
386 7 4 1 
387 2 7 0 6 1 
388 6 1 2 7 0 
389 0 3 4 2 7 
390 5 2 0 7 
391 7 4 0 2 3 5 1 
392 3 5 4 7 2 
393 6 4 7 5 0 1 
394 0 3 4 2 7 
395 7 2 0 3 1 
396 6 0 4 5 7 
397 0 6 7 1 
398 6 4 5 7 
399 3 1 4 0 7 
400 3 5 4 7 2 
401 0 6 7 1 
402 1 2 0 3 6 
403 5 7 4 1 
404 4 2 0 7 
405 2 4 5 6 0 1 
406 1 0 3 2 7 
407 5 4 6 0 1 
408 2 3 5 4 
409 1 2 0 3 7 
410 0 6 4 5 7 
411 6 4 5 7 
412 1 2 0 3 7 
413 2 6 3 0 
414 4 3 7 1 5 2 
415 3 1 4 0 7 
416 0 3 7 4 2 
417 1 7 4 
418 7 6 5 4 
419 2 3 5 4 
420 7 5 4 2 
421 1 7 0 5 4 
422 5 7 6 4 
423 7 6 5 4 
424 3 1 7 2 4 0 
425 6 3 7 4 2 0 
426 0 3 5 2 4 
427 7 4 5 0 1 
428 6 3 7 4 2 0 
429 0 4 6 5 7 
430 6 2 4 7 5 0 
431 3 7 4 2 0 
432 3 0 1 
433 0 3 2 1 7 
434 1 0 6 7 
435 5 6 0 3 4 
436 4 3 2 0 5 
437 2 1 7 3 4 0 
438 1 6 4 7 0 
439 4 0 5 3 1 
440 2 0 1 3 6 
441 1 6 7 0 
442 0 6 4 7 
443 6 4 5 7 
444 1 4 7 6 5 
445 2 3 0 
446 4 0 6 5 7 
447 3 1 0 2 6 
448 0 7 5 6 4 
449 1 7 3 2 4 0 
450 7 0 1 6 2 
451 2 0 6 7 1 
452 7 3 1 2 4 0 
453 0 6 1 7 
454 5 7 1 4 2 
455 7 6 2 0 3 
456 3 0 4 6 5 7 
457 6 7 4 5 
458 0 3 2 
459 7 5 4 2 0 3 
460 6 1 4 0 7 
461 0 1 7 3 2 4 
462 6 0 
463 3 2 1 0 7 
464 3 7 1 6 0 5 
465 0 4 6 7 5 1 
466 1 3 7 2 4 0 
467 5 0 4 6 7 
468 4 1 7 3 2 0 
469 2 4 6 7 5 0 1 
470 1 7 6 5 4 
471 5 4 3 7 0 
472 2 4 6 5 7 
473 1 7 6 4 5 
474 0 1 2 6 7 
475 6 2 0 3 7 1 
476 1 4 5 6 0 
477 2 6 5 4 7 
478 4 0 3 2 1 7 
479 3 6 2 0 7 
480 0 6 1 7 
481 1 4 0 7 2 3 5 
482 7 4 0 5 6 1 
483 2 3 5 4 
484 7 0 1 6 5 4 3 
485 0 4 7 2 3 5 1 
486 5 0 3 1 4 
487 7 6 1 0 
488 3 6 2 0 7 
489 6 3 2 0 
490 0 6 3 2 
491 7 0 5 1 4 
492 6 4 0 7 2 3 5 1 
493 0 2 1 3 7 
494 6 0 1 5 4 3 
495 3 6 0 5 4 
496 3 5 4 7 2 
497 0 7 4 1 5 
498 1 7 6 4 5 
499 5 6 4 7 
500 4 0 6 5 7 
501 2 7 6 5 4 
502 1 3 7 2 4 0 
503 5 1 2 6 7 0 
504 2 3 7 1 4 0 
505 1 6 4 7 0 
506 0 1 2 6 7 
507 6 0 1 5 4 3 
508 1 4 0 5 6 
509 2 0 3 7 
510 4 3 5 2 
511 3 0 5 1 4 
512 0 3 7 4 2 
513 3 0 5 1 4 
514 7 5 6 4 
515 2 3 0 4 7 
516 7 4 6 5 
517 0 6 7 5 4 
518 5 7 6 4 
519 7 6 0 3 5 4 
520 3 0 7 
521 6 7 0 1 
522 0 7 1 6 5 
523 5 6 4 7 0 
524 6 4 7 5 0 1 
525 0 3 7 1 2 4 
526 6 3 2 0 
527 3 7 1 2 4 0 
528 2 3 0 
529 0 3 7 
530 1 0 6 2 7 
531 5 4 6 7 
532 4 0 6 5 7 
533 2 6 0 
534 1 2 0 3 7 
535 5 0 6 7 1 
536 2 0 3 7 
537 1 4 7 6 5 
538 0 7 6 5 4 
539 6 7 4 1 5 0 
540 1 3 2 
541 2 0 6 7 1 
542 4 7 2 0 3 6 1 
543 3 6 2 0 7 
544 0 6 5 4 7 
545 1 7 0 5 4 
546 7 4 1 
547 2 0 7 
548 7 1 6 0 5 
549 0 7 1 6 5 
550 5 0 1 6 4 3 
551 7 0 1 6 2 
552 3 7 6 5 4 
553 6 0 1 3 
554 0 2 7 
555 7 1 4 5 2 
556 6 0 3 4 2 5 
557 0 1 2 3 6 
558 6 2 0 7 
559 3 5 4 2 0 
560 3 5 1 6 2 4 
561 0 1 4 7 
562 1 4 7 6 5 
563 5 7 1 4 2 
564 4 0 7 2 3 5 1 
565 2 4 5 6 0 1 
566 1 4 6 7 5 0 
567 5 7 2 0 3 6 1 
568 2 4 3 0 5 
569 1 2 6 7 0 
570 0 6 
571 6 5 4 2 0 3 
572 1 7 4 5 0 
573 2 3 7 1 5 4 
574 4 2 0 1 3 6 
575 3 4 5 6 0 1 
576 0 7 5 1 4 
577 1 5 4 2 0 3 
578 7 0 3 4 2 5 
579 2 7 4 1 0 
580 7 0 2 1 3 
581 0 4 3 5 7 
582 5 1 2 6 7 0 
583 7 4 6 5 0 1 
584 3 6 4 7 0 
585 6 7 5 4 
586 0 7 4 1 
587 7 3 2 
588 6 7 0 1 
589 0 3 7 1 2 4 
590 6 1 7 3 2 4 0 
591 3 2 0 1 6 
592 3 2 0 
593 1 4 0 5 6 
594 1 0 4 6 5 7 
595 5 3 2 
596 4 3 5 7 0 
597 2 7 0 6 1 
598 1 0 3 2 7 
599 5 6 0 
600 2 6 4 5 7 
601 1 0 6 7 
602 0 2 1 3 7 
603 6 3 0 4 2 7 
604 1 6 4 5 7 
605 2 5 1 6 4 
606 4 3 7 1 5 2 
607 3 2 4 7 5 0 
608 0 7 1 6 5 
609 1 3 7 4 2 5 
610 7 4 6 5 
611 2 4 3 0 5 
612 7 3 4 2 0 
613 0 6 7 5 4 
614 5 6 7 4 
615 7 1 4 5 2 
616 3 5 4 7 2 
617 6 3 7 4 2 0 
618 0 3 4 2 5 
619 7 0 1 3 
620 6 0 1 3 
621 0 2 7 
622 6 3 7 1 5 2 4 
623 3 1 7 2 4 0 
624 3 6 2 0 
625 0 2 1 3 7 
626 1 7 6 4 5 
627 5 6 0 
628 4 7 0 6 1 
629 2 0 3 4 5 
630 1 2 0 3 7 
631 5 0 6 7 1 
632 2 7 0 3 6 1 
633 1 6 7 0 
634 0 1 2 3 6 
635 6 0 3 7 
636 1 7 4 5 0 
637 2 1 0 3 6 
638 4 0 2 1 3 7 
639 3 7 0 6 1 
640 0 7 6 5 4 
641 1 3 2 0 
642 7 0 6 1 
643 2 7 0 3 6 1 
644 7 0 1 3 
645 0 3 7 4 2 5 
646 5 2 1 3 0 7 
647 7 4 5 6 0 1 
648 3 6 5 4 7 
649 6 7 0 1 
650 0 1 4 7 
651 7 4 1 5 0 
652 6 4 5 7 
653 0 6 2 3 7 
654 6 3 0 4 2 7 
655 3 1 0 2 6 
656 3 1 0 2 6 
657 0 7 4 1 5 
658 1 3 2 
659 5 7 6 4 
660 4 3 2 0 5 
661 2 7 6 4 5 
662 1 0 2 3 7 
663 5 7 6 4 
664 2 6 0 3 7 
665 1 0 3 
666 0 3 7 1 2 4 
667 6 1 4 0 7 
668 1 5 4 7 2 
669 2 3 7 4 5 
670 4 5 0 7 1 
671 3 0 1 6 5 4 
672 0 1 7 3 2 4 
673 1 3 7 2 4 0 
674 7 2 0 
675 2 7 6 5 4 
676 7 3 0 4 2 
677 0 7 1 6 5 
678 5 6 4 7 0 
679 7 4 1 0 
680 3 7 1 0 5 2 4 
681 6 3 0 4 2 7 
682 0 3 7 4 2 
683 7 4 3 2 0 5 
684 6 4 5 0 7 1 
685 0 4 3 2 5 
686 6 3 7 1 2 4 0 
687 3 7 4 1 5 0 
688 3 0 1 6 5 4 
689 0 1 2 3 7 
690 1 3 7 5 2 4 
691 5 4 0 6 1 
692 4 2 0 1 3 6 
693 2 4 5 0 7 1 
694 1 2 4 7 5 0 
695 5 6 1 7 0 
696 2 3 
697 1 7 4 
698 0 6 5 4 7 
699 6 2 4 7 5 0 
700 1 7 2 0 3 6 
701 2 6 0 
702 4 5 6 0 1 
703 3 1 0 2 7 
704 0 3 7 1 5 2 4 
705 1 4 3 5 7 0 
706 7 4 0 2 3 5 1 
707 2 0 6 7 1 
708 7 4 6 5 0 1 
709 0 4 3 2 5 
710 5 4 0 6 1 
711 7 0 6 1 
712 3 6 0 5 4 
713 6 4 5 0 1 
714 0 7 6 1 
715 7 3 2 
716 6 5 1 2 4 
717 0 1 2 3 7 
718 6 4 5 7 
719 3 7 4 2 5 
720 3 4 6 5 7 
721 0 1 2 3 7 
722 1 0 5 3 4 
723 5 4 0 6 7 1 
724 4 7 0 6 1 
725 2 0 1 6 7 
726 1 3 7 4 2 5 
727 5 6 4 7 
728 2 4 0 7 3 5 1 
729 1 4 5 0 6 7 
730 0 4 6 5 7 
731 6 7 1 4 5 2 
732 1 6 3 2 0 
733 2 0 1 3 7 
734 4 7 0 6 1 
735 3 4 5 7 0 
736 0 1 2 6 7 
737 1 4 6 5 7 
738 7 4 5 0 6 1 
739 2 3 0 4 7 
740 7 0 6 1 
741 0 1 2 6 7 
742 5 6 4 7 0 
743 7 3 0 4 2 
744 3 7 1 6 0 5 
745 6 7 0 1 
746 1 7 4 
747 7 0 5 1 4 
748 6 2 0 3 7 1 
749 1 0 3 4 2 5 
750 6 7 2 0 3 1 
751 3 5 2 4 
752 3 6 1 7 0 
753 1 2 0 3 6 
754 1 0 6 7 
755 5 1 0 2 3 6 
756 4 6 7 5 0 1 
757 2 7 4 1 
758 1 7 5 6 4 
759 5 0 3 4 2 
760 2 3 7 1 5 4 
761 1 7 6 5 4 
762 1 4 7 6 5 
763 6 1 7 0 
764 1 4 6 7 5 0 
765 2 7 1 4 5 
766 4 3 2 
767 3 4 6 5 7 
768 1 0 6 7 
769 1 4 5 0 7 
770 7 3 0 4 2 
771 2 7 1 6 0 5 
772 7 4 3 2 0 5 
773 1 0 3 2 7 
774 5 7 6 4 
775 7 5 4 2 
776 3 0 2 1 7 
777 6 7 0 1 
778 1 0 2 3 7 
779 7 6 4 0 
780 6 0 2 1 3 7 
781 2 0 7 
782 6 0 3 4 2 5 
783 3 4 6 7 5 0 1 
784 3 4 5 0 7 1 
785 3 2 
786 2 4 7 5 0 
787 5 3 2 4 
788 4 5 1 6 2 
789 2 0 7 
790 2 7 4 1 5 0 
791 5 7 1 4 2 
792 2 0 3 1 7 
793 3 7 6 5 4 
794 2 4 0 5 6 1 
795 6 1 7 0 
796 2 3 0 4 7 
797 2 1 4 0 7 
798 4 0 1 6 5 3 
799 3 7 4 1 
800 2 0 1 6 7 
801 3 4 5 0 6 7 1 
802 7 6 3 2 0 
803 2 6 4 7 0 
804 7 6 2 0 3 
805 3 4 7 6 5 
806 5 3 2 0 
807 7 1 0 2 3 
808 3 2 
809 6 7 1 0 5 
810 3 4 5 0 6 7 1 
811 7 3 1 0 5 2 4 
812 6 7 0 1 
813 2 5 1 6 4 
814 6 2 0 1 3 
815 3 0 4 6 5 7 
816 3 4 6 7 5 0 1 
817 3 7 2 0 6 1 
818 2 1 6 7 0 
819 5 0 1 6 2 7 
820 4 7 1 0 
821 2 3 7 4 0 
822 2 3 7 4 5 
823 5 4 0 7 1 
824 2 0 1 3 7 
825 3 7 0 5 1 4 
826 3 1 0 2 6 
827 6 4 5 0 7 1 
828 2 6 4 7 0 
829 2 4 0 5 6 1 
830 4 0 6 7 1 
831 3 0 4 2 5 
832 3 2 0 1 6 
833 3 4 2 0 5 
834 7 5 4 2 
835 2 1 7 3 4 0 
836 7 0 3 
837 3 2 0 1 6 
838 5 1 6 2 4 
839 7 4 5 0 1 
840 3 7 5 6 4 
841 6 4 0 5 1 
842 2 6 0 
843 7 6 3 2 0 
844 6 2 1 3 0 7 
845 2 0 4 6 5 7 
846 6 7 4 1 0 
847 3 1 7 2 4 0 
848 3 7 1 4 5 2 
849 3 0 1 
850 2 0 3 4 5 
851 5 1 7 3 2 4 0 
852 4 5 7 2 
853 2 3 0 
854 2 7 4 1 
855 5 0 3 1 4 
856 2 6 5 4 7 
857 3 7 1 0 5 2 4 
858 3 6 2 0 7 
859 6 3 2 0 
860 2 3 7 4 5 
861 2 3 7 1 0 5 4 
862 4 3 7 1 2 0 
863 3 7 4 1 5 0 
864 6 0 3 5 4 
865 5 0 1 6 2 7 
866 7 3 2 0 
867 7 5 6 4 
868 7 6 5 4 
869 5 6 1 7 0 
870 5 4 0 6 1 
871 7 1 6 0 5 
872 7 5 4 2 0 3 
873 6 1 2 7 0 
874 6 1 4 0 7 
875 7 3 2 0 
876 6 0 1 2 7 
877 4 5 2 0 3 
878 6 3 7 4 2 0 
879 4 3 5 2 
880 4 6 5 7 
881 7 1 0 2 3 
882 4 6 3 2 0 
883 5 6 2 0 3 7 
884 4 6 5 7 
885 5 7 0 6 1 
886 7 0 3 
887 5 0 6 7 1 
888 6 1 4 0 7 
889 4 6 5 7 
890 4 5 2 0 3 
891 6 4 3 5 7 0 
892 4 5 6 0 1 
893 4 6 0 3 5 
894 4 0 6 7 1 
895 5 2 4 7 0 
896 7 3 1 0 5 2 4 
897 5 2 4 7 0 
898 7 3 1 0 5 2 4 
899 7 4 1 0 
900 7 5 4 2 
901 5 6 0 3 4 
902 5 2 1 3 0 7 
903 7 0 6 1 
904 6 4 5 0 7 1 
905 6 3 7 1 2 4 0 
906 6 2 0 3 7 
907 7 6 4 0 
908 6 7 5 4 
909 5 3 2 4 
910 6 4 5 0 1 
911 4 0 5 3 1 
912 4 5 6 0 1 
913 6 1 4 0 7 
914 4 3 2 
915 5 1 0 2 3 7 
916 4 0 3 2 1 7 
917 4 7 1 0 
918 6 2 4 7 5 0 
919 5 4 6 7 0 1 
920 6 4 5 7 
921 4 2 0 3 7 1 
922 4 0 3 2 1 7 
923 6 4 7 0 
924 5 3 2 4 
925 4 3 7 2 5 
926 4 7 1 5 2 
927 5 7 6 4 
928 7 0 6 1 
929 5 6 4 7 0 
930 7 3 1 5 2 4 
931 7 6 5 4 
932 7 1 2 6 0 
933 5 6 4 7 
934 5 4 2 0 3 
935 7 2 1 3 0 
936 7 3 4 2 5 
937 6 1 0 2 3 
938 6 0 
939 7 0 5 1 4 
940 5 4 0 7 2 3 1 
941 5 0 3 4 2 
942 4 3 7 1 5 2 
943 4 5 1 6 2 
944 4 2 0 7 
945 4 1 2 6 7 0 
946 4 0 6 7 1 
947 5 1 0 2 3 7 
948 4 0 1 6 5 3 
949 5 4 0 6 7 1 
950 4 7 0 5 1 
951 5 3 7 4 2 
952 5 6 4 7 
953 4 7 1 5 0 
954 4 0 2 1 3 7 
955 4 7 1 0 
956 5 6 3 2 0 
957 4 1 7 3 2 0 
958 4 0 3 2 1 7 
959 5 7 4 1 
960 5 3 2 4 
961 4 7 5 6 
962 5 0 3 7 
963 4 0 6 7 1 
964 4 7 0 6 1 
965 5 6 4 7 
966 4 1 0 2 3 6 
967 5 3 7 4 2 0 
968 7 4 3 2 0 5 
969 4 3 2 
970 4 6 0 3 5 
971 5 6 0 
972 5 7 4 1 0 
973 5 4 0 6 7 1 
974 4 1 0 2 3 7 
975 4 6 0 3 5 
976 4 5 7 2 
977 4 2 1 3 0 7 
978 4 5 0 7 1 
979 5 6 4 7 
980 4 0 3 2 1 7 
981 5 0 1 3 
982 4 7 1 6 0 5 
983 5 1 7 3 2 4 0 
984 5 7 1 4 2 
985 4 7 1 6 0 5 
986 4 7 6 5 
987 4 6 3 2 0 
988 5 7 6 4 
989 4 7 1 
990 4 0 6 5 7 
991 5 4 6 7 0 1 
992 5 0 1 3 
993 4 7 0 5 1 
994 5 7 1 4 2 
995 4 0 5 3 1 
996 4 7 2 0 3 6 1 
997 5 3 2 4 
998 4 2 0 3 7 1 
999 5 3 2 
1000 7 4 6 5 
1001 4 7 2 0 3 6 1 
1002 4 3 7 1 2 0 
1003 5 4 7 6 
1004 5 3 7 4 2 0 
1005 4 0 5 3 1 
1006 4 7 0 6 1 
1007 4 2 1 3 0 7 
1008 4 7 1 
1009 4 7 1 0 
1010 4 5 7 2 
1011 4 6 7 5 0 1 
1012 4 5 1 6 2 
1013 4 0 7 2 3 5 1 
1014 4 6 5 7 
1015 4 7 1 0 
1016 5 4 2 0 3 
1017 4 7 6 5 
1018 4 7 6 5 
1019 4 5 1 6 2 
1020 4 7 1 
1021 4 6 5 7 
1022 4 7 1 5 0 
1023 5 4 3 2 0 
