0 6 3 2 
1 1 6 7 3 
2 0 3 
3 3 2 
4 1 0 3 
5 0 4 5 6 
6 0 7 6 
7 5 6 3 2 
8 5 6 3 2 
9 1 0 3 
10 2 1 0 3 
11 4 3 2 
12 2 6 
13 2 1 0 3 
14 6 5 4 3 
15 0 4 5 6 
16 6 7 2 
17 1 3 
18 6 3 
19 5 7 6 2 
20 4 3 2 
21 1 4 5 7 3 
22 7 6 4 2 
23 0 1 2 
24 7 6 
25 5 3 
26 7 6 4 2 
27 3 6 2 
28 3 4 5 6 2 
29 4 1 3 2 
30 2 3 
31 5 3 
32 6 4 5 
33 7 4 
34 1 3 
35 7 5 4 3 
36 5 1 0 3 
37 2 1 3 
38 2 4 5 6 
39 1 7 6 
40 1 0 3 2 
41 7 1 3 2 
42 2 6 3 
43 5 3 
44 4 3 2 
45 5 3 
46 3 1 0 2 
47 6 1 0 3 2 
48 3 2 
49 4 5 7 3 
50 2 1 0 3 
51 4 5 3 6 2 
52 6 5 4 3 
53 4 1 0 3 
54 6 4 2 
55 3 5 4 
57 3 7 6 
58 7 1 2 
59 1 4 5 7 3 
60 1 4 5 7 3 
61 6 4 5 3 2 
62 3 6 7 
63 5 3 
64 6 7 
65 2 7 6 
66 0 3 
67 3 7 6 
68 1 6 4 2 
69 0 1 3 
70 0 7 6 
71 5 1 3 
72 5 7 6 
73 1 3 2 
74 2 4 5 7 3 
75 5 3 
76 2 3 
77 3 4 5 7 
78 6 1 0 3 2 
79 0 3 
80 6 1 3 
81 1 0 2 
82 7 1 2 
83 5 4 
85 1 7 6 
86 7 3 2 
87 0 3 
88 7 4 5 6 
89 5 6 2 
90 7 4 5 6 
91 3 6 2 
92 3 5 4 
93 4 7 6 
94 2 5 4 3 
95 4 6 7 3 
96 6 3 
97 7 3 
98 1 6 4 2 
99 7 6 3 2 
100 5 6 2 
101 2 7 6 
102 2 1 0 
103 1 0 3 2 
104 1 2 
105 7 6 
106 3 1 0 
107 5 7 6 
108 4 3 
109 5 3 2 
110 3 2 
111 6 1 3 
112 3 6 2 
113 4 1 0 3 
114 2 1 0 3 
115 4 3 
116 6 3 
117 4 1 3 2 
118 6 1 0 3 2 
119 3 6 7 
120 2 4 5 3 6 
121 3 2 
122 6 1 0 2 3 
123 1 3 
124 1 0 3 
125 6 1 2 
126 3 1 0 
127 5 6 2 
128 6 1 0 2 3 
129 2 3 
130 0 7 6 
132 1 7 6 
133 0 4 5 6 2 
134 0 4 5 7 3 
135 5 3 2 
136 5 4 3 
137 1 7 6 2 
138 0 3 
139 5 1 0 3 
140 2 1 0 3 
141 3 1 2 
142 6 1 3 2 
143 0 6 3 2 
144 6 1 0 3 
145 1 6 3 2 
146 7 6 2 
147 5 4 6 
148 7 4 3 
149 0 1 3 2 
150 7 1 0 2 
151 0 3 2 
152 7 1 0 3 
153 5 6 4 2 
154 4 5 3 6 2 
155 3 7 6 2 
156 3 5 4 
157 4 1 0 3 2 
158 2 7 6 
159 5 4 6 
160 6 2 
161 7 6 
162 1 6 2 
163 7 1 2 
164 5 4 7 3 
165 2 1 0 3 
166 2 1 
167 1 3 2 
168 1 4 
169 7 6 3 2 
170 3 1 0 2 
171 5 4 6 2 
172 4 1 0 3 
173 5 4 3 
174 3 1 2 
175 6 1 3 2 
176 3 4 5 6 2 
177 4 1 0 2 3 
178 2 7 6 
179 4 7 6 
180 6 3 
181 4 6 2 
182 6 4 2 
183 3 4 5 6 
184 3 2 
185 3 7 6 
186 7 3 2 
187 1 2 
188 0 4 
189 6 7 
190 3 7 6 2 
191 5 4 
192 6 1 2 
193 2 7 6 
194 0 5 4 3 
195 3 4 5 7 
196 0 3 2 
197 0 4 5 6 
198 0 1 3 
199 5 1 3 
200 5 1 0 2 3 
201 1 5 4 3 
202 2 4 5 6 
203 5 1 0 3 2 
204 2 6 3 
205 3 4 5 6 
206 6 4 5 2 
207 0 1 3 
208 6 3 
209 1 7 6 
210 7 3 2 
211 5 7 6 2 
212 4 6 3 2 
213 1 2 
214 7 1 0 3 
215 0 6 7 3 
216 6 3 
217 5 7 6 
218 6 7 
219 3 2 
220 3 1 
221 4 5 6 
222 2 4 5 7 3 
223 5 6 3 2 
224 6 4 5 
225 6 3 2 
226 1 4 5 6 2 
227 7 1 3 
228 5 7 6 
229 2 4 5 3 6 
230 2 1 0 3 
231 1 0 2 3 
232 1 4 5 6 
233 7 1 2 
234 3 5 4 
235 5 6 4 2 
236 4 1 0 3 2 
237 5 4 6 2 
238 2 1 3 
239 6 3 
240 3 6 4 2 
241 7 6 2 
242 2 6 7 3 
243 4 7 6 
244 6 5 4 3 
245 4 1 3 
246 6 1 2 
247 2 4 5 6 
248 3 2 
249 3 6 2 
250 6 1 2 
251 1 6 7 3 
252 1 3 2 
253 6 1 0 2 3 
255 4 1 0 3 2 
256 6 3 2 
257 2 1 0 3 
258 0 4 
259 3 1 2 
260 1 2 
261 0 1 2 
262 1 0 3 
263 5 3 
264 5 4 6 
265 1 3 2 
266 2 1 0 
267 5 4 6 
268 2 4 5 6 
269 3 1 0 2 
270 6 5 4 3 
271 0 1 3 
272 6 4 5 3 2 
273 0 1 3 
274 7 6 2 
275 4 5 3 6 2 
276 4 3 2 
277 1 4 5 6 2 
278 7 4 3 
279 0 7 6 
280 7 3 
281 5 4 6 
282 7 4 5 6 
283 1 3 
284 3 1 0 2 
285 4 6 3 2 
286 2 7 6 
287 5 1 0 2 3 
288 6 7 
289 7 6 2 
290 1 3 2 
291 6 1 0 2 
292 7 5 4 3 
293 2 7 6 
294 2 7 6 
295 1 0 2 3 
296 1 6 2 
297 7 1 3 2 
298 3 4 
299 5 1 0 3 
300 4 1 0 2 
301 4 6 3 2 
302 3 1 0 2 
303 6 3 2 
304 3 2 
305 4 3 2 
306 2 3 
307 4 6 3 2 
308 6 4 5 
309 4 5 6 2 
310 6 4 5 7 3 
311 0 7 6 
312 1 2 
313 2 7 6 
314 7 6 4 2 
315 1 2 
316 0 4 5 6 
317 6 3 
318 3 4 
319 5 1 2 
320 6 2 
321 2 4 5 6 
322 0 7 6 
323 3 4 5 6 2 
324 1 3 2 
325 0 1 3 
326 0 3 
327 5 1 2 
328 5 4 3 
329 0 3 
330 3 1 0 2 
331 5 1 0 2 
332 2 1 0 3 
334 5 3 
335 0 3 
336 6 1 3 2 
337 1 2 
338 7 5 4 3 
339 5 3 
341 1 6 3 2 
342 7 1 3 
343 0 6 2 
344 7 6 4 2 
345 4 1 3 
346 7 1 0 2 
347 3 1 2 
348 2 1 0 3 
349 4 6 2 
350 0 1 3 
351 5 7 6 2 
352 6 3 
353 7 6 4 2 
354 1 6 3 2 
355 7 6 3 
356 5 4 3 
357 2 4 3 
358 0 6 7 3 
359 1 6 7 3 
360 1 3 2 
361 6 3 
362 3 7 6 
363 5 4 6 
364 4 3 
365 5 7 6 2 
367 2 3 
368 3 7 6 2 
369 4 5 6 
370 0 6 7 3 
371 4 1 2 
372 6 4 5 
373 4 3 
374 6 3 2 
375 3 2 
376 3 4 
377 3 4 5 6 
378 7 1 2 
379 1 3 2 
380 1 4 
381 6 4 2 
382 1 3 
383 5 1 0 2 
384 6 4 5 7 3 
385 2 1 0 3 
386 0 1 3 
387 3 4 5 6 2 
388 1 4 3 
389 0 6 2 
390 0 4 
391 4 6 7 3 
392 5 1 3 2 
393 1 4 
394 2 7 6 
395 5 6 3 2 
396 2 7 6 
397 3 7 6 
398 6 1 3 
399 3 1 0 2 
400 6 3 2 
401 1 3 2 
402 7 4 
403 5 1 0 2 3 
404 4 7 6 2 
405 1 2 
406 7 5 4 3 
407 0 1 3 
408 5 6 2 
409 5 3 
410 7 1 3 2 
411 3 1 0 2 
412 3 7 6 
413 4 1 3 2 
414 2 7 6 
415 5 1 0 2 3 
416 6 4 5 
417 7 4 3 
418 1 3 
419 5 7 6 
420 5 4 
421 2 1 
422 2 1 0 3 
423 1 3 
424 1 0 2 3 
425 7 4 3 
426 2 4 5 6 
427 5 3 
428 7 6 
429 5 3 
430 3 1 0 
431 7 6 2 
432 3 7 6 
433 7 4 
434 2 4 5 6 
435 4 6 3 2 
436 6 3 
437 4 6 3 2 
438 6 3 2 
439 3 5 4 
440 3 1 0 2 
441 3 2 
442 7 1 2 
443 1 0 2 3 
444 1 7 6 
445 6 4 5 
446 3 4 
447 5 6 3 2 
448 6 2 
449 2 1 0 
450 0 6 2 
451 3 1 0 2 
452 1 6 7 3 
453 0 4 5 6 2 
454 0 4 3 
455 5 3 
456 5 7 6 
457 1 3 2 
458 2 1 0 3 
459 7 3 
460 2 4 5 6 
461 1 3 
462 6 1 3 
463 0 6 7 3 
464 6 3 2 
465 1 2 
466 7 1 0 2 3 
467 5 1 0 3 
468 7 6 
469 1 3 2 
470 7 1 0 2 3 
471 0 4 5 6 
472 7 1 2 
473 5 6 7 3 
474 7 4 5 6 
475 3 1 2 
477 4 6 7 3 
478 2 6 3 
479 5 4 6 2 
480 6 3 2 
481 7 3 2 
482 1 3 
483 7 1 2 
484 7 6 3 2 
485 2 6 7 3 
486 2 4 
487 1 4 5 6 2 
488 1 3 
489 7 4 3 
490 3 4 5 7 
491 5 3 2 
492 7 4 5 3 
493 5 3 2 
494 3 6 7 
495 6 1 2 
496 3 5 4 
497 7 1 3 
498 2 3 
500 6 3 
501 4 1 0 2 
502 6 4 5 2 
503 3 6 7 
504 3 1 0 
505 3 1 0 2 
506 7 1 0 3 
507 1 7 6 
508 1 3 2 
509 6 4 2 
510 3 4 5 6 2 
511 5 7 6 
512 6 3 
513 2 4 5 6 
514 0 3 2 
515 3 1 
516 1 2 
517 0 3 
518 0 4 5 6 
519 5 4 3 
520 5 1 2 
521 1 3 
522 2 1 
523 6 4 
524 2 3 
525 3 5 4 
526 6 3 2 
527 0 3 2 
528 6 3 
529 1 3 
530 6 7 2 
531 5 1 0 2 3 
532 7 1 0 2 
533 1 6 3 2 
534 7 6 2 
535 0 6 7 3 
536 7 6 
537 5 1 3 2 
538 7 3 2 
539 3 4 
540 3 2 
541 4 1 2 
542 2 1 3 
543 5 1 3 
544 6 1 0 3 2 
545 7 1 0 3 
546 1 6 7 3 
547 7 3 
548 7 4 5 6 
549 2 1 0 3 
550 2 3 
551 1 6 3 2 
552 1 4 5 6 2 
553 7 6 3 2 
554 3 2 
555 5 3 2 
556 7 6 4 2 
557 5 6 3 2 
558 3 2 
559 7 1 0 2 
561 7 4 5 3 
562 2 4 
563 4 5 6 
564 6 4 2 
565 4 5 6 2 
566 6 4 5 3 2 
567 3 4 5 6 2 
569 3 7 6 
570 7 4 5 6 
571 0 7 6 
572 1 6 7 3 
573 6 1 0 3 2 
574 3 1 0 2 
575 5 4 7 3 
576 6 2 
577 2 4 5 3 6 
578 0 1 3 
579 3 4 5 6 2 
580 1 2 
581 0 1 3 
582 0 4 
583 5 6 3 2 
584 5 1 3 
585 1 3 2 
586 2 7 6 
587 7 1 2 
588 2 6 3 
590 6 4 2 
591 0 6 3 2 
592 6 4 5 3 2 
593 1 3 
594 7 1 0 3 
595 5 4 3 
596 7 6 2 
597 1 4 5 6 2 
598 7 4 3 
599 0 6 4 2 
600 7 3 
601 5 1 3 
602 7 1 3 2 
603 3 4 
604 3 4 5 6 
605 4 7 6 
606 2 3 
607 5 1 0 3 
608 6 1 0 2 3 
609 7 3 
610 1 6 7 3 
611 5 7 6 
612 7 4 5 6 
613 2 4 3 
614 2 3 
615 1 4 5 6 
616 1 2 
617 7 3 2 
619 5 4 7 3 
620 7 4 5 3 6 2 
621 5 1 0 3 
623 5 1 3 2 
624 3 2 
625 7 1 0 2 3 
626 2 1 
627 4 1 3 2 
628 6 1 3 
629 4 7 6 
630 6 3 2 
631 3 4 5 7 
632 3 4 
634 5 4 6 
635 1 6 3 2 
636 1 7 6 
637 6 1 0 3 
638 3 6 7 
639 5 1 0 3 
640 5 1 0 2 3 
641 2 7 6 
642 0 1 3 
644 1 3 2 
645 0 3 2 
646 0 1 2 3 
647 5 4 3 
648 5 1 0 3 
649 1 2 
650 2 7 6 
651 7 3 2 
652 2 4 5 3 6 
653 3 4 5 7 
654 5 1 0 3 
655 0 1 2 
656 6 1 0 3 
657 1 7 6 
658 7 6 3 2 
659 5 4 7 3 
660 7 5 4 3 
661 1 0 3 
662 7 6 
663 0 3 
664 4 3 2 
665 5 1 0 3 
666 4 7 6 
667 2 1 
669 4 1 0 2 
670 2 1 0 3 
671 5 7 6 
672 6 5 4 3 
673 7 6 2 
674 1 7 6 
675 5 6 7 3 
676 7 1 3 2 
677 2 3 
678 2 4 
679 1 3 2 
680 1 6 3 2 
681 7 6 
682 3 4 5 6 2 
683 5 3 
684 6 3 
685 5 4 3 6 2 
686 3 7 6 2 
687 5 4 6 
688 3 5 4 
689 7 6 
690 2 7 6 
691 4 1 0 2 
692 6 2 
693 4 3 
694 6 4 5 7 3 
695 3 1 0 2 
696 3 1 0 2 
697 3 5 4 
698 5 4 6 2 
699 1 7 6 
700 1 6 3 2 
701 6 1 0 3 2 
702 3 4 
703 5 7 6 2 
704 5 6 4 2 
705 2 1 3 
706 0 3 
707 3 4 5 6 
708 1 3 
709 0 4 5 6 
710 0 4 5 6 
711 5 4 
712 5 3 
713 1 4 3 
714 2 1 0 3 
715 6 7 
716 2 6 
717 3 6 2 
718 4 6 7 3 
719 0 6 3 2 
720 6 4 5 
721 1 7 6 
722 7 1 0 3 2 
723 5 4 6 2 
724 6 7 3 
725 1 7 6 2 
726 7 1 0 3 2 
727 0 1 3 2 
728 5 4 3 
729 5 4 6 
730 4 1 3 2 
731 3 4 5 6 2 
733 4 6 2 
734 2 1 
735 5 1 2 
736 6 1 0 2 3 
737 7 1 2 
738 1 0 3 
739 5 4 3 
740 7 4 5 6 2 
741 2 1 0 3 
742 2 4 5 6 
743 1 7 6 2 
744 1 4 5 3 6 2 
745 7 3 
746 3 2 
747 5 1 0 3 
748 7 6 
749 5 1 2 
750 3 1 0 
751 5 4 6 
752 3 1 0 2 
753 7 1 0 3 2 
754 2 6 3 
755 4 3 
756 6 3 2 
757 4 7 6 
758 6 3 2 
759 2 6 7 3 
760 3 6 2 
761 3 7 6 
762 5 1 0 3 
763 1 3 2 
764 1 3 2 
765 6 4 5 
766 3 1 2 
767 4 3 2 
768 5 6 7 3 
769 2 3 
770 0 1 3 2 
771 2 1 3 
772 1 7 6 
773 0 1 2 
774 1 2 
775 4 6 3 2 
776 5 1 0 2 
777 1 4 3 
778 3 6 2 
779 4 3 2 
780 2 7 6 
781 1 6 2 
782 4 1 3 
783 0 3 2 
784 6 4 5 
785 1 7 6 
786 7 5 4 3 
788 7 6 
789 1 7 6 
790 7 3 2 
791 0 4 5 3 6 2 
792 4 1 2 
793 4 5 7 3 
794 4 7 6 
795 3 4 
796 3 2 
797 4 1 0 2 
798 2 1 0 
799 4 1 2 
800 6 3 2 
801 7 6 3 2 
802 1 2 
803 4 7 6 2 
804 7 6 3 2 
805 2 4 5 6 
806 2 7 6 
807 1 3 2 
808 0 1 2 
809 6 1 0 3 
810 3 1 0 
811 4 3 2 
812 0 7 6 
813 4 1 2 
814 3 2 
815 2 4 
816 2 7 6 
817 7 4 
818 2 3 
819 4 3 2 
820 6 1 0 3 
821 0 1 3 2 
822 0 3 2 
823 3 4 5 6 2 
824 2 3 
825 0 1 2 3 
826 0 3 2 
827 1 4 5 6 
828 4 6 3 2 
829 6 4 5 
830 3 1 2 
831 4 1 3 
832 5 4 3 6 2 
833 2 1 0 3 
834 6 1 0 3 2 
835 4 7 6 2 
836 7 4 5 3 
837 0 1 2 
838 6 1 3 2 
839 4 7 6 
840 5 1 0 3 2 
841 1 0 3 
842 7 6 
843 7 4 3 
844 4 6 2 
845 6 4 5 
846 6 4 5 3 2 
847 3 7 6 
848 6 4 5 
849 1 2 
850 7 4 5 6 2 
851 4 3 2 
852 7 6 3 
853 1 6 4 2 
854 7 1 0 3 
855 0 1 3 
856 4 5 3 6 2 
857 4 6 2 
858 4 6 2 
859 2 6 3 
860 2 1 3 
861 4 5 7 3 
862 2 3 
863 4 5 6 
864 6 3 2 
865 7 4 5 3 
866 1 6 2 
867 4 6 7 3 
868 6 4 2 
869 2 1 3 
870 2 6 4 
871 1 2 
872 1 6 2 
873 7 6 2 
874 2 1 
875 4 5 6 2 
876 4 7 6 2 
877 4 5 7 3 
878 2 3 
879 4 1 2 
880 2 4 5 6 
881 7 4 5 6 
882 2 1 0 3 
883 4 5 7 3 
884 6 3 2 
885 4 3 
886 6 7 
887 2 1 0 3 
888 2 4 5 3 6 
889 2 1 0 
890 5 1 2 
891 1 4 5 3 6 2 
892 0 1 3 
893 6 1 3 2 
894 3 4 5 7 
895 4 3 
896 5 4 
897 2 3 
898 0 1 3 2 
899 2 4 3 
900 0 7 6 
901 0 6 4 2 
902 0 4 
903 4 3 
904 5 7 6 2 
905 0 4 5 6 
906 2 6 3 
907 7 3 2 
908 2 4 
909 2 3 
910 4 1 2 
911 0 1 2 
912 6 4 5 2 
913 0 1 3 
914 0 4 5 3 6 2 
915 4 3 2 
916 7 6 2 
917 0 3 
918 6 3 2 
919 0 1 3 
920 6 1 2 
921 0 3 2 
922 0 4 5 6 
923 1 3 
924 0 1 3 2 
925 4 1 3 2 
926 0 7 6 
927 0 7 6 
928 6 4 5 3 2 
929 7 1 2 
930 6 7 3 
931 4 6 2 
932 5 6 3 2 
933 0 4 5 6 2 
934 0 3 2 
935 0 4 5 3 6 2 
936 0 7 6 
937 0 4 3 
938 7 3 
939 4 7 6 
940 0 1 2 3 
941 4 1 0 3 2 
942 0 3 2 
943 0 7 6 
944 2 4 5 3 6 
945 4 3 2 
946 6 3 2 
947 4 1 3 2 
948 6 4 2 
949 0 4 5 3 6 2 
950 0 3 
951 0 1 3 
952 1 2 
953 0 6 3 2 
954 0 7 6 
955 4 5 7 3 
956 4 6 3 2 
957 6 4 5 7 3 
958 1 6 3 2 
959 4 5 6 
960 5 3 
961 1 6 3 2 
962 5 4 7 3 
963 2 1 0 
964 0 4 
965 0 1 2 
966 0 1 3 
967 4 5 6 
968 5 1 2 
969 0 3 2 
970 2 5 4 3 
971 7 3 
972 2 4 
973 2 7 6 
974 4 5 6 
975 0 7 6 2 
976 6 7 
977 0 6 2 
978 7 4 5 6 
979 4 3 
980 7 1 0 2 
981 0 1 3 
982 7 3 
983 0 4 3 
984 4 6 2 
985 4 5 3 
986 4 5 6 2 
987 4 5 3 6 2 
989 4 3 2 
990 2 3 
991 4 3 2 
992 6 1 0 3 
993 7 5 4 3 
994 0 4 5 6 
995 4 7 6 
996 7 6 4 2 
997 2 6 3 
998 6 5 4 3 
999 0 7 6 2 
1000 0 6 2 
1001 7 6 
1002 0 3 2 
1004 4 3 2 
1005 4 7 6 
1006 2 7 6 
1007 2 1 3 
1008 6 2 
1009 4 7 6 
1010 6 4 2 
1011 4 7 6 
1012 6 4 5 
1013 0 6 3 2 
1014 0 7 6 
1015 0 1 3 
1016 2 3 
1017 2 6 3 
1018 0 3 
1019 4 5 7 3 
1020 4 6 2 
1021 6 3 2 
1022 1 3 2 
1023 0 1 2 
