0 4 6 1 3 7 0 2 5 
1 4 3 1 2 5 
2 0 6 1 7 4 5 
3 1 6 7 4 5 
4 5 2 4 
5 5 1 0 2 3 
6 4 1 0 2 3 
7 0 1 3 4 2 
8 5 7 6 4 1 0 
9 4 5 3 6 7 2 0 
10 1 0 3 2 
11 1 7 6 5 0 
12 4 6 7 5 
13 5 1 6 7 0 2 
14 2 6 7 5 4 
15 0 5 4 6 1 
16 5 6 7 4 
17 2 6 7 4 5 
18 4 2 3 1 
19 4 7 0 1 3 6 5 2 
20 7 5 6 4 1 0 
21 1 6 7 5 4 
22 3 0 1 2 
23 2 6 1 5 
24 4 1 3 0 
25 2 6 7 5 4 
26 5 1 3 0 
27 3 6 1 7 0 5 4 
28 1 6 7 4 2 
29 3 6 7 5 4 
30 2 7 6 5 0 1 
31 0 1 4 5 2 
32 1 3 2 5 
33 4 6 7 0 5 
34 0 6 1 7 4 5 
35 6 1 7 0 5 4 
36 0 6 1 7 5 4 
37 3 6 1 4 7 0 2 5 
38 6 0 5 4 3 2 1 
39 1 7 4 6 
40 6 0 1 
41 7 6 5 4 
42 2 1 5 
43 1 6 7 5 4 
44 6 1 5 
45 4 1 6 7 2 
46 5 3 1 2 
47 7 3 1 6 4 2 
48 3 5 6 1 4 7 2 
49 6 7 4 
50 3 1 2 
51 7 1 3 0 4 2 
52 2 5 4 
53 5 3 2 0 1 
54 1 0 
55 2 4 0 1 5 
56 0 1 
57 5 1 0 
58 6 0 3 2 5 
59 6 7 1 2 5 
60 1 0 6 4 7 5 
61 4 7 6 
62 3 4 7 1 5 0 
63 3 0 1 2 
64 4 5 7 6 1 
65 4 1 7 0 6 5 2 
66 0 6 7 4 1 5 
67 1 6 7 0 5 4 
68 5 0 1 
69 5 3 1 2 
70 4 7 6 1 0 5 
71 0 3 1 2 
72 5 3 1 2 
73 4 7 0 1 3 6 5 2 
74 1 6 3 2 5 7 
75 1 6 7 4 5 
76 5 6 1 7 4 0 
77 5 1 6 0 
78 2 3 1 5 
79 0 6 1 4 3 7 2 5 
80 5 1 0 
81 2 4 0 1 5 
82 4 6 7 0 5 
83 5 1 7 6 2 
84 7 0 5 4 3 2 1 
85 1 3 0 2 
86 3 6 1 7 0 5 4 
87 2 3 1 
88 4 7 6 1 5 
89 3 0 1 2 
90 5 3 2 0 1 
91 3 6 1 7 0 5 4 
92 1 5 4 6 7 
93 3 6 7 4 5 
94 2 6 7 1 0 5 
95 0 1 7 6 5 2 
96 1 3 2 
97 4 3 1 6 7 2 
98 0 5 3 1 2 
99 6 2 3 1 
100 0 7 1 5 4 
101 3 0 2 5 
102 6 7 5 4 
103 1 3 0 
104 6 7 4 1 5 
105 7 5 4 6 1 
106 2 5 7 6 4 
107 1 6 3 2 5 7 
108 6 0 4 7 1 5 
109 4 7 5 1 0 
110 5 1 6 7 0 2 
111 7 6 0 4 3 1 2 5 
112 3 1 6 7 4 2 
113 7 1 5 4 
114 3 1 2 5 
115 7 2 5 4 
116 2 3 1 
117 5 1 7 6 2 
118 1 3 0 4 2 
119 2 5 7 6 1 3 4 
120 0 5 4 3 2 1 
121 5 3 1 2 
122 6 5 3 4 7 2 0 
123 6 3 0 1 2 
124 1 4 0 2 5 
125 4 7 6 
126 3 4 0 1 2 5 
127 3 6 7 5 4 
128 4 0 1 
129 4 0 1 2 5 
130 0 7 4 6 1 5 
131 1 4 0 2 5 
132 5 1 0 3 2 
133 5 4 6 7 1 
134 4 5 7 6 1 
135 0 5 4 3 2 1 
136 5 1 6 0 
137 4 6 1 7 0 5 
138 1 5 3 2 
139 1 7 6 5 4 
140 4 6 7 5 
141 5 6 7 4 
142 2 1 0 3 
143 0 5 7 6 1 3 2 4 
144 5 1 0 2 3 
145 2 0 1 3 
146 4 1 7 0 6 5 2 
147 4 1 0 
148 7 5 1 4 0 
149 1 3 2 
150 3 0 1 
151 2 1 0 4 5 
152 4 6 1 7 0 5 
153 2 1 3 0 4 
154 5 0 3 1 2 
155 3 1 0 4 2 
156 0 3 1 2 
157 3 1 7 0 6 5 2 
158 2 1 3 0 4 
159 0 7 6 5 4 
160 1 2 5 
161 4 1 6 0 3 7 2 
162 0 1 6 7 4 2 
163 6 1 7 4 0 5 
164 0 7 5 1 4 
165 3 0 1 2 
166 6 1 5 0 
167 1 0 3 2 5 
168 6 7 1 0 5 
169 7 6 4 5 
170 2 6 3 5 7 1 
171 1 7 6 
172 6 0 1 
173 4 1 6 0 3 7 2 
174 5 1 7 0 6 2 
175 7 1 0 3 2 
176 3 1 5 2 
177 6 7 5 0 1 
178 3 7 1 5 4 
179 7 1 2 5 
180 2 6 7 4 1 5 
181 5 2 4 
182 1 0 
183 2 5 6 1 4 7 3 
184 0 3 1 2 5 
185 5 1 7 6 2 
186 6 7 1 0 5 
187 6 5 7 4 
188 1 7 4 6 
189 5 3 6 4 7 2 0 
190 3 7 6 1 
191 1 7 4 6 5 
192 4 1 7 6 5 2 
193 4 6 7 5 
194 0 5 3 1 2 
195 0 5 4 6 1 
196 5 4 0 1 2 
197 5 7 6 4 
198 4 7 1 5 0 
199 0 1 6 3 7 4 2 
200 5 7 6 0 1 
201 4 7 1 5 
202 1 6 7 0 5 4 
203 1 7 6 
204 4 7 6 5 0 1 
205 5 7 6 1 2 
206 2 6 1 7 0 5 4 
207 0 6 1 4 3 7 2 5 
208 5 6 7 4 
209 2 7 4 6 
210 4 6 7 1 0 5 
211 4 6 3 2 5 7 1 
212 6 1 0 
213 1 7 6 2 5 
214 3 0 6 4 7 1 5 
215 2 6 1 4 3 7 0 5 
216 4 6 1 3 7 0 2 5 
217 2 3 1 
218 5 7 6 4 1 0 
219 3 6 7 4 5 
220 1 6 0 3 7 4 2 
221 3 6 1 4 7 0 2 5 
222 2 5 7 6 4 
223 0 7 6 5 1 
224 1 7 6 
225 4 7 6 5 0 1 
226 0 7 1 3 6 4 5 2 
227 6 1 7 0 2 5 
228 0 6 1 7 4 5 
229 2 3 1 
230 7 5 6 1 4 3 2 
231 0 6 1 4 3 7 2 5 
232 6 3 1 2 
233 7 3 1 2 5 
234 2 7 6 1 5 
235 1 3 0 4 2 
236 6 1 7 0 2 5 
237 4 0 1 2 5 
238 5 1 0 2 3 
239 7 0 1 
240 3 0 1 2 
241 6 0 3 2 5 
242 3 2 1 
243 7 6 4 0 5 
244 3 5 7 6 4 
245 5 0 1 
246 1 7 5 4 
247 2 6 7 4 5 
248 2 5 6 4 7 1 0 
249 5 0 4 3 2 1 
250 6 7 1 
251 6 5 3 4 7 2 0 
252 1 0 3 2 
253 4 6 1 3 7 0 2 5 
254 3 4 7 1 5 0 
255 3 5 6 1 4 7 2 
256 4 3 2 0 1 
257 4 5 6 7 1 0 
258 0 1 3 
259 1 2 5 
260 5 1 0 4 2 
261 5 6 1 7 0 4 
262 4 7 5 1 0 
263 0 3 2 1 
264 5 6 1 4 3 7 0 2 
265 4 5 6 1 7 3 2 
266 1 0 3 2 
267 1 5 7 6 4 
268 4 5 7 6 
269 5 4 7 1 0 
270 3 7 1 5 4 
271 0 1 6 5 
272 5 4 7 6 1 
273 0 5 6 4 7 1 
274 4 7 6 1 5 
275 4 0 3 1 2 
276 7 5 1 4 0 
277 1 5 4 7 6 
278 3 6 7 5 4 
279 2 5 6 4 7 1 0 
280 4 1 3 0 2 
281 2 1 6 5 0 
282 5 3 6 4 7 2 0 
283 3 1 7 0 6 5 2 
284 1 6 7 4 2 
285 3 1 2 5 
286 2 5 4 6 1 0 
287 0 6 3 2 5 7 1 
288 2 7 6 5 0 1 
289 4 3 1 6 7 2 
290 1 0 6 4 7 5 
291 6 1 0 4 5 2 
292 0 1 5 2 
293 3 5 4 6 1 0 
294 6 0 3 1 2 
295 1 3 0 
296 6 3 2 0 1 
297 7 6 0 4 3 1 2 5 
298 2 7 5 1 4 0 
299 1 6 7 0 5 4 
300 6 5 4 7 1 
301 4 3 1 2 
302 5 6 1 4 3 7 0 2 
303 7 6 5 0 1 
304 3 5 4 6 1 0 
305 6 7 4 1 5 
306 3 5 7 6 1 2 4 
307 7 0 1 3 2 
308 0 3 1 6 7 4 2 
309 5 7 4 6 
310 1 0 3 2 
311 2 6 1 7 4 0 5 
312 1 6 7 0 5 
313 5 1 6 0 3 7 4 2 
314 6 1 0 7 4 2 
315 6 7 5 0 1 
316 0 5 3 1 2 
317 4 5 7 6 1 3 2 
318 3 6 1 5 
319 3 5 6 4 7 2 0 
320 4 1 7 0 6 5 2 
321 4 7 6 1 0 5 
322 0 7 1 3 6 4 5 2 
323 3 2 0 1 
324 5 6 7 4 1 
325 5 1 0 
326 4 3 2 0 1 
327 0 3 1 2 
328 5 6 7 4 
329 4 1 5 2 
330 1 5 6 4 7 0 
331 1 3 0 2 
332 4 3 1 6 7 2 
333 5 7 1 4 
334 2 6 7 5 4 
335 0 5 6 1 4 7 3 2 
336 5 6 7 1 0 
337 2 3 1 
338 4 1 6 7 0 2 5 
339 7 6 1 0 5 4 
340 7 6 4 5 
341 1 5 7 6 4 
342 3 2 1 
343 2 1 6 7 0 5 
344 4 0 3 1 2 
345 2 3 0 1 
346 5 0 3 2 
347 3 5 1 2 
348 1 3 2 0 
349 3 7 6 1 
350 3 0 1 2 
351 0 7 6 1 2 5 
352 1 6 7 4 0 5 
353 4 7 6 1 5 
354 0 3 2 5 
355 6 2 5 4 
356 0 3 1 2 5 
357 3 1 6 7 4 2 
358 6 2 5 4 
359 1 0 6 4 7 5 
360 7 6 1 0 5 
361 7 0 1 3 2 
362 2 3 1 5 
363 0 6 1 7 5 4 
364 7 1 6 0 3 4 2 
365 4 7 6 1 2 5 
366 5 3 1 0 2 
367 7 6 1 5 
368 3 6 7 1 0 5 
369 6 0 7 4 3 1 2 5 
370 0 6 7 5 4 
371 7 0 1 
372 2 6 7 4 1 5 
373 5 4 7 6 1 
374 2 6 1 7 0 5 4 
375 2 1 3 0 4 
376 0 6 7 5 4 
377 5 1 7 6 2 
378 6 7 0 1 3 4 5 2 
379 6 7 5 4 
380 1 5 4 6 0 
381 4 6 1 5 
382 3 0 1 2 
383 3 6 7 5 4 
384 5 6 7 4 
385 4 6 7 0 5 
386 0 7 6 5 4 
387 1 7 6 5 4 
388 5 2 3 1 
389 5 3 1 2 
390 4 6 7 1 5 
391 0 6 7 5 4 
392 5 6 7 1 0 
393 4 1 5 2 
394 0 1 6 7 2 5 
395 1 7 0 3 6 4 5 2 
396 4 0 3 2 5 
397 5 1 6 0 
398 2 3 0 1 
399 0 6 1 7 5 4 
400 5 4 7 6 1 
401 2 7 0 1 3 6 4 5 
402 4 7 1 5 0 
403 4 1 3 0 2 
404 7 1 0 
405 1 7 0 3 6 4 5 2 
406 3 6 7 4 5 
407 2 3 0 1 
408 4 5 3 1 2 
409 2 0 1 
410 5 0 6 4 7 1 
411 3 5 4 7 6 1 
412 2 7 1 5 4 
413 3 1 6 5 0 
414 2 0 6 4 7 1 5 
415 0 1 3 2 
416 0 6 7 1 5 
417 4 1 6 0 3 7 2 
418 0 1 6 7 4 2 
419 6 5 3 4 7 2 0 
420 0 1 
421 3 1 6 7 4 2 
422 6 7 5 0 1 
423 1 6 7 4 2 
424 6 7 1 
425 7 2 3 1 
426 2 3 1 6 7 4 
427 1 3 0 2 
428 6 2 3 1 
429 4 5 6 7 1 
430 4 3 1 6 7 2 
431 7 1 5 2 
432 3 1 0 4 5 2 
433 6 2 3 1 
434 3 5 7 6 1 2 4 
435 7 1 0 6 4 2 
436 0 6 7 4 1 5 
437 5 2 4 
438 1 7 4 6 
439 2 1 5 
440 0 6 7 4 1 5 
441 5 7 4 6 1 
442 6 1 0 4 5 2 
443 7 5 3 1 2 
444 1 4 0 2 5 
445 4 6 7 5 
446 3 6 1 4 7 0 2 5 
447 3 6 4 7 0 5 
448 4 1 7 0 6 5 2 
449 4 1 6 0 3 7 2 
450 0 7 6 5 1 
451 1 6 7 5 4 
452 5 7 0 1 3 6 4 2 
453 5 7 6 4 
454 4 5 6 1 0 
455 0 1 2 5 
456 5 7 6 4 
457 5 6 4 7 1 0 
458 1 5 3 2 
459 1 0 3 2 5 
460 4 0 1 2 5 
461 5 1 7 0 6 2 
462 2 1 0 3 
463 0 3 1 2 
464 5 6 3 2 7 1 
465 2 3 1 0 
466 5 3 6 4 7 2 0 
467 4 1 7 6 5 2 
468 7 5 6 4 
469 3 1 2 
470 3 2 5 4 
471 2 5 3 6 4 7 0 
472 5 2 3 1 
473 2 5 4 6 7 1 
474 5 6 4 7 0 
475 3 5 6 1 4 7 2 
476 1 3 0 
477 3 6 2 5 7 1 
478 2 1 5 
479 1 6 0 7 4 3 2 5 
480 1 7 5 4 
481 4 7 1 5 0 
482 0 3 1 2 5 
483 6 7 5 0 1 
484 0 3 2 5 
485 3 1 6 5 0 
486 6 4 7 1 5 0 
487 1 5 6 4 7 0 
488 6 7 1 
489 7 6 1 2 5 
490 2 0 3 1 
491 1 7 6 5 4 
492 6 1 0 3 7 4 2 
493 4 7 1 5 
494 5 7 6 1 2 
495 7 0 1 3 6 4 5 2 
496 3 1 6 0 7 4 2 
497 6 7 5 4 
498 3 6 1 7 4 0 5 
499 7 0 5 4 3 2 1 
500 2 3 1 6 7 4 
501 5 1 2 
502 0 1 
503 2 5 4 6 7 1 
504 0 3 1 2 
505 5 0 1 3 2 
506 6 5 4 7 1 
507 6 5 4 7 1 
508 1 6 0 7 4 3 2 5 
509 7 6 4 0 5 
510 3 7 4 6 
511 3 2 1 
512 4 6 7 0 5 
513 4 7 6 1 5 
514 0 6 1 5 
515 1 3 6 7 4 2 
516 5 6 7 4 
517 5 3 1 2 
518 4 1 6 5 0 
519 0 6 1 4 3 7 2 5 
520 5 3 1 0 2 
521 4 0 6 7 1 5 
522 1 5 4 6 0 
523 1 2 5 
524 4 1 6 7 2 
525 5 0 1 
526 2 1 0 3 
527 0 1 4 5 2 
528 5 6 4 7 1 0 
529 3 0 1 2 
530 4 0 1 2 5 
531 4 6 7 5 
532 7 3 0 1 2 
533 1 0 4 5 2 
534 3 2 1 
535 2 6 1 7 0 5 4 
536 4 1 6 0 3 7 2 
537 2 6 1 7 0 5 4 
538 5 6 7 4 
539 1 7 5 4 
540 1 6 0 3 7 4 2 
541 3 0 1 2 
542 2 6 3 5 7 1 
543 0 5 7 6 4 
544 1 6 7 5 4 
545 4 2 3 1 
546 0 4 7 1 5 
547 6 7 5 4 
548 0 1 2 3 
549 3 1 0 4 5 2 
550 6 0 1 
551 1 7 6 2 5 
552 6 1 7 0 5 2 
553 7 1 5 4 
554 2 1 7 0 6 5 
555 1 5 4 6 0 
556 6 4 7 0 5 
557 5 7 1 4 0 
558 5 1 0 
559 7 6 5 4 
560 3 1 6 7 4 2 
561 6 5 7 4 
562 0 3 1 2 
563 7 6 4 1 0 5 
564 0 1 3 4 2 
565 5 1 0 
566 1 5 4 7 6 
567 1 5 4 7 6 
568 0 5 7 6 1 3 2 4 
569 5 0 1 3 2 
570 6 7 5 4 
571 6 7 5 4 
572 1 0 3 2 5 
573 4 2 5 
574 3 0 2 5 
575 0 7 5 1 4 
576 4 1 6 7 2 
577 4 0 1 
578 0 1 3 2 
579 1 6 7 5 4 
580 5 6 7 4 
581 5 1 2 
582 4 7 1 5 0 
583 0 4 7 1 5 
584 5 6 1 7 0 4 
585 4 7 5 1 0 
586 1 3 2 0 
587 1 7 4 6 5 
588 4 2 5 
589 5 0 1 3 2 
590 2 1 0 3 
591 0 1 6 3 7 4 2 
592 5 1 2 
593 0 1 4 5 2 
594 4 7 5 1 0 
595 4 5 6 1 0 
596 6 1 5 2 
597 0 3 1 2 
598 3 1 0 
599 2 3 1 0 
600 4 5 3 6 7 2 0 
601 2 6 1 4 3 7 0 5 
602 5 3 0 1 2 
603 0 6 7 4 5 
604 1 4 7 5 0 
605 3 7 6 4 1 0 5 
606 2 3 1 
607 0 5 4 6 7 1 
608 1 0 6 7 4 2 
609 4 6 0 7 3 1 2 5 
610 0 5 3 1 2 
611 7 3 1 2 5 
612 0 3 2 5 
613 3 5 4 7 6 1 
614 6 0 4 7 1 5 
615 1 3 0 
616 6 7 5 4 
617 7 6 4 1 5 
618 3 1 7 0 6 5 2 
619 1 5 7 6 4 
620 6 1 7 4 2 
621 4 6 7 5 
622 5 7 1 4 
623 7 6 5 4 
624 3 1 0 6 7 4 2 
625 6 1 7 0 5 4 
626 0 6 7 4 3 1 2 5 
627 7 6 0 4 3 1 2 5 
628 0 1 2 3 
629 5 1 7 6 2 
630 2 1 0 3 
631 1 6 7 0 5 4 
632 3 7 6 4 1 0 5 
633 5 1 0 3 2 
634 6 0 3 2 5 
635 6 5 7 1 3 2 4 
636 1 6 5 
637 4 5 7 6 1 3 2 
638 3 5 4 7 6 1 
639 1 7 0 3 6 4 5 2 
640 4 1 0 2 3 
641 5 1 2 
642 0 3 1 2 
643 3 1 0 
644 5 7 6 0 1 
645 5 7 6 1 3 2 4 
646 4 0 1 2 5 
647 0 7 4 6 1 5 
648 5 6 1 7 0 4 
649 5 1 6 7 4 2 
650 1 7 6 
651 1 7 6 
652 4 1 6 5 0 
653 5 6 7 4 1 
654 2 4 0 1 5 
655 0 5 4 3 2 1 
656 5 4 6 1 0 
657 0 1 3 4 2 
658 4 0 5 3 2 1 
659 7 5 3 1 2 
660 7 6 1 5 
661 2 0 3 5 
662 3 7 0 1 6 4 5 2 
663 2 6 3 5 7 1 
664 4 1 0 6 7 2 
665 2 6 1 5 
666 6 1 7 0 5 4 
667 1 0 5 4 3 2 
668 2 6 7 5 4 
669 3 0 1 2 
670 2 1 6 7 4 
671 2 5 7 6 4 
672 2 1 5 
673 6 7 1 0 5 
674 0 1 6 7 4 2 
675 6 5 3 4 7 2 0 
676 0 1 3 
677 3 1 7 0 6 5 2 
678 6 7 1 2 5 
679 3 1 0 2 
680 6 4 7 1 5 0 
681 7 1 0 6 4 2 
682 2 5 4 6 1 0 
683 1 6 5 
684 6 2 5 4 
685 7 5 4 6 1 
686 6 7 1 
687 7 4 6 
688 3 5 6 4 7 2 0 
689 6 7 1 0 5 
690 1 5 4 6 0 
691 7 5 1 4 0 
692 0 1 2 3 
693 7 4 6 1 5 
694 3 5 4 6 7 1 
695 1 5 6 4 7 3 2 
696 3 1 7 6 5 2 
697 6 1 7 4 2 
698 6 1 7 0 5 2 
699 6 5 7 4 
700 1 7 6 4 0 5 
701 7 2 5 4 
702 2 6 1 5 
703 1 7 6 
704 6 7 4 1 5 
705 7 6 1 4 3 0 2 5 
706 0 3 1 6 7 4 2 
707 3 1 6 0 7 4 2 
708 5 1 2 
709 5 1 0 3 2 
710 7 4 6 1 5 
711 0 1 6 5 
712 6 1 0 3 2 
713 4 6 7 5 
714 1 5 2 
715 1 7 6 4 0 5 
716 6 0 3 1 2 
717 7 6 1 5 
718 2 3 0 1 
719 0 7 6 5 4 
720 6 5 4 7 1 
721 0 5 3 6 4 7 2 
722 6 1 7 0 2 5 
723 7 6 1 2 5 
724 7 1 2 5 
725 2 5 7 6 4 
726 3 5 6 4 7 1 0 
727 2 6 1 7 4 0 5 
728 4 7 1 5 
729 2 5 6 1 4 7 3 
730 7 5 6 1 4 3 2 
731 1 6 3 2 5 7 
732 2 0 5 4 3 1 
733 3 7 4 6 1 5 
734 2 3 0 1 
735 2 7 1 5 4 
736 2 7 5 1 4 0 
737 6 7 4 1 0 5 
738 0 1 3 4 2 
739 6 1 0 3 7 4 2 
740 0 7 6 4 1 5 
741 3 1 2 5 
742 6 7 4 1 0 5 
743 3 1 0 2 
744 6 7 5 1 4 0 
745 7 0 1 3 2 
746 2 0 3 5 
747 1 6 5 
748 6 5 4 7 1 0 
749 7 5 1 4 0 
750 6 7 4 
751 7 1 6 4 2 
752 3 1 0 4 5 2 
753 6 1 0 2 3 
754 0 1 6 7 2 5 
755 7 6 5 4 
756 0 4 1 2 5 
757 7 6 3 2 5 1 
758 2 1 3 0 4 
759 1 3 0 4 2 
760 3 6 7 1 0 5 
761 6 1 7 5 2 
762 6 5 4 7 1 0 
763 6 5 3 1 2 
764 1 6 7 0 2 5 
765 7 1 0 2 3 
766 3 5 6 4 7 2 0 
767 1 7 6 5 2 
768 4 0 1 3 2 
769 6 3 0 1 2 
770 0 7 6 4 1 5 
771 3 5 4 6 1 0 
772 5 1 7 6 2 
773 5 0 6 4 7 1 
774 7 6 5 4 
775 0 1 6 5 
776 6 0 7 4 3 1 2 5 
777 7 0 6 4 1 5 
778 1 0 
779 1 0 5 4 3 2 
780 6 7 0 1 3 4 5 2 
781 7 6 1 0 5 4 
782 2 1 0 6 7 4 
783 0 1 6 7 4 2 
784 6 1 7 0 5 4 
785 0 6 7 4 3 1 2 5 
786 6 1 7 0 2 5 
787 7 6 4 0 5 
788 7 1 0 3 2 
789 2 0 1 3 
790 3 6 7 5 4 
791 2 7 6 1 
792 4 6 7 0 5 
793 2 6 3 5 7 1 
794 6 0 3 1 2 
795 1 3 2 5 
796 2 1 7 6 5 
797 3 1 0 
798 2 1 5 
799 2 6 7 5 4 
800 2 6 4 7 0 5 
801 6 2 5 4 
802 0 1 6 7 4 2 
803 6 1 0 4 5 2 
804 0 1 7 6 5 2 
805 3 1 0 2 
806 6 5 7 1 3 2 4 
807 2 1 7 0 6 5 
808 6 5 7 1 3 2 4 
809 7 3 2 0 1 
810 2 7 1 5 4 
811 1 5 6 4 7 0 
812 6 0 4 7 1 5 
813 7 1 0 2 3 
814 6 7 5 4 
815 7 3 1 2 
816 3 1 0 
817 6 7 4 
818 0 6 7 5 4 
819 7 5 4 6 1 
820 0 6 1 7 5 4 
821 7 5 1 4 0 
822 2 6 3 5 7 1 
823 1 6 7 4 2 
824 3 1 2 
825 6 0 1 
826 6 7 5 0 1 
827 6 3 2 0 1 
828 1 6 7 4 5 
829 7 6 5 0 1 
830 3 5 6 1 4 7 2 
831 1 0 6 4 7 5 
832 6 0 4 7 1 5 
833 7 1 0 6 4 2 
834 0 1 5 2 
835 3 1 5 2 
836 5 7 6 4 
837 5 1 0 
838 7 1 0 
839 7 5 6 1 4 3 2 
840 7 4 6 
841 7 6 1 4 0 5 
842 1 3 0 2 
843 1 3 0 2 
844 6 0 5 4 3 2 1 
845 7 1 0 3 2 
846 2 4 7 1 5 0 
847 0 1 6 5 
848 6 1 5 
849 0 3 1 6 7 4 2 
850 7 5 4 6 1 
851 7 5 6 1 3 2 4 
852 7 1 0 4 5 2 
853 2 5 4 6 7 1 
854 3 1 0 2 
855 2 1 0 6 7 4 
856 4 5 3 6 7 2 0 
857 2 1 7 0 6 5 
858 6 7 5 4 
859 1 0 5 4 3 2 
860 2 1 6 7 0 5 
861 3 6 1 7 0 5 4 
862 2 3 0 1 
863 2 7 0 1 3 6 4 5 
864 2 1 7 6 5 
865 7 1 0 4 5 2 
866 0 4 7 1 5 
867 6 7 4 5 
868 0 1 3 
869 3 6 7 4 1 5 
870 6 5 4 7 1 
871 3 7 4 6 1 5 
872 6 2 5 4 
873 7 4 0 1 2 5 
874 2 1 6 7 0 5 
875 1 6 0 3 7 4 2 
876 6 1 7 4 0 5 
877 7 1 6 0 2 5 
878 6 5 7 1 3 2 4 
879 7 3 1 6 4 2 
880 3 5 4 7 6 1 
881 6 1 0 2 3 
882 0 3 1 2 
883 7 5 6 1 3 2 4 
884 0 5 4 6 7 1 
885 7 4 1 5 0 
886 2 6 1 7 0 5 4 
887 1 6 7 0 5 4 
888 3 6 7 1 0 5 
889 6 7 4 
890 6 7 4 1 5 
891 6 1 7 4 0 5 
892 1 7 5 4 0 
893 7 6 1 2 5 
894 3 0 1 2 
895 1 6 7 4 5 
896 6 1 7 0 5 4 
897 7 0 3 1 2 
898 0 6 4 7 5 
899 1 7 6 5 4 
900 5 1 7 6 2 
901 5 1 0 4 2 
902 4 6 7 5 
903 5 7 6 4 1 0 
904 0 6 7 1 5 
905 1 3 0 2 
906 6 1 7 0 5 4 
907 6 0 7 4 3 1 2 5 
908 4 7 0 1 3 6 5 2 
909 5 1 3 0 
910 7 6 4 1 5 
911 7 1 2 5 
912 4 3 1 6 7 2 
913 4 1 3 0 
914 0 1 6 7 4 2 
915 0 1 2 3 
916 2 6 4 7 0 5 
917 7 3 1 6 4 2 
918 7 6 5 4 
919 2 1 5 
920 4 1 2 5 
921 5 0 4 3 2 1 
922 3 0 1 2 
923 3 5 1 2 
924 4 7 6 1 0 5 
925 6 5 4 1 0 
926 2 1 6 5 0 
927 5 7 6 4 
928 4 1 6 5 0 
929 4 6 1 7 0 5 
930 7 5 6 1 3 2 4 
931 7 6 1 0 5 
932 7 6 1 2 5 
933 7 1 3 0 
934 2 5 4 6 1 0 
935 7 2 3 1 
936 2 0 3 1 
937 2 1 3 0 4 
938 2 0 5 4 3 1 
939 7 6 5 4 
940 7 4 6 1 5 
941 4 0 1 3 2 
942 5 6 4 7 1 0 
943 3 7 6 1 2 5 
944 7 6 1 4 0 5 
945 0 6 1 5 
946 7 5 6 1 3 2 4 
947 2 1 5 
948 7 3 1 2 5 
949 5 7 6 1 2 
950 2 6 7 5 4 
951 7 6 5 4 
952 3 5 6 1 4 7 2 
953 5 1 0 
954 7 6 5 4 
955 7 2 5 4 
956 1 5 2 
957 3 6 0 7 4 1 2 5 
958 3 6 4 7 0 5 
959 3 1 2 5 
960 4 0 3 1 2 
961 4 6 7 0 5 
962 0 5 3 1 2 
963 3 7 6 1 
964 5 6 7 4 
965 5 6 3 2 7 1 
966 4 6 7 5 
967 5 6 1 4 7 3 2 
968 0 1 5 2 
969 0 6 4 7 1 5 
970 6 1 4 3 7 0 2 5 
971 6 0 7 4 3 1 2 5 
972 4 6 3 2 5 7 1 
973 5 0 4 3 2 1 
974 7 3 2 0 1 
975 7 1 2 5 
976 0 3 1 2 
977 4 7 6 
978 0 1 3 2 
979 0 7 6 4 1 5 
980 0 1 
981 7 6 0 4 3 1 2 5 
982 7 6 1 4 0 5 
983 3 1 6 5 0 
984 3 1 0 2 
985 5 0 3 2 
986 3 5 6 1 4 7 2 
987 2 3 0 1 
988 4 7 6 1 2 5 
989 6 1 0 7 4 2 
990 2 1 7 6 5 
991 5 6 4 7 1 0 
992 4 1 0 6 7 2 
993 1 6 7 0 2 5 
994 7 5 6 4 1 0 
995 1 3 2 
996 7 6 1 
997 7 5 6 1 4 3 2 
998 2 1 0 4 5 
999 7 6 3 2 5 1 
1000 2 5 3 6 4 7 0 
1001 2 1 6 7 0 5 
1002 2 4 0 1 5 
1003 7 2 5 4 
1004 7 6 1 0 5 4 
1005 4 0 6 7 1 5 
1006 5 6 7 4 
1007 3 5 4 6 7 1 
1008 7 6 5 4 
1009 1 3 0 2 
1010 7 6 0 4 3 1 2 5 
1011 3 7 6 1 
1012 7 5 4 6 1 
1013 5 6 1 7 4 0 
1014 7 6 4 5 
1015 7 1 3 0 
1016 3 4 7 1 5 0 
1017 5 6 1 
1018 7 4 6 
1019 7 6 0 4 3 1 2 5 
1020 0 1 6 7 4 2 
1021 3 7 4 6 1 5 
1022 3 7 0 1 6 4 5 2 
1023 3 2 1 
