0 6 2 4 
1 1 7 2 4 6 
2 2 6 4 
3 1 0 7 2 6 
4 2 1 7 6 
5 1 6 4 
6 7 0 2 1 6 
7 4 2 7 3 
8 6 7 5 4 
9 4 6 
10 3 6 4 5 7 
11 6 2 0 1 3 7 
12 4 2 3 0 7 6 
13 3 0 1 2 6 5 
14 1 3 0 4 5 2 
15 5 7 2 4 1 6 
16 4 0 1 3 7 6 
17 7 0 6 
18 4 7 3 0 2 5 
19 0 7 6 
20 2 3 4 7 0 5 
21 6 2 3 5 4 
22 1 3 2 4 0 
23 7 4 2 3 6 5 
24 3 0 1 6 7 
25 5 0 6 1 7 4 
26 2 7 3 6 
27 5 0 6 1 2 7 
28 2 0 
29 1 0 2 3 6 
30 1 2 4 
31 6 1 4 0 
32 0 4 5 7 
33 3 0 4 5 2 
34 5 0 7 3 6 1 
35 2 3 0 
36 6 2 7 3 4 
37 3 0 6 1 2 5 7 
38 7 5 6 4 
39 2 1 0 7 6 
40 4 0 6 1 7 
41 7 0 2 1 3 
42 0 2 3 7 6 
43 4 0 1 3 2 6 5 
44 1 5 6 0 7 4 
45 0 6 7 4 5 
46 4 3 7 6 2 
47 5 3 1 0 2 
48 7 3 5 6 2 4 
49 7 2 3 4 
50 0 6 4 5 7 
51 6 4 2 3 5 
52 3 2 4 
53 2 4 3 6 5 
54 4 0 1 7 2 6 
55 1 3 0 2 
56 5 7 4 
57 1 6 7 4 
58 5 1 2 7 6 
59 2 7 6 4 
60 5 0 1 3 7 6 
61 7 6 4 5 
62 2 6 7 4 
63 1 4 6 5 7 
64 6 5 0 7 4 
65 2 0 3 1 6 
66 2 6 7 4 5 
67 1 0 7 2 6 
68 2 7 4 1 6 
69 1 3 0 2 
70 7 0 1 3 6 
71 4 6 5 7 
72 6 0 1 3 2 5 
73 4 7 2 1 6 
74 3 0 1 2 6 5 
75 6 2 4 
76 4 2 3 0 7 5 1 
77 3 2 7 4 
78 1 7 2 6 4 
79 5 4 0 7 
80 4 0 1 7 2 6 
81 7 2 3 0 6 
82 4 0 7 2 1 6 
83 0 4 3 2 5 
84 2 0 3 1 6 
85 6 7 2 4 
86 1 0 3 2 6 5 
87 7 3 0 2 
88 3 6 2 4 
89 5 0 7 3 6 1 
90 2 0 7 6 
91 5 0 7 6 
92 2 3 5 6 4 7 
93 1 0 4 2 5 6 
94 1 4 6 5 7 
95 6 0 2 3 1 
96 0 7 3 4 2 5 
97 3 0 1 6 7 4 
98 5 6 7 4 
99 2 7 3 6 
100 6 7 4 5 
101 3 2 5 4 
102 7 0 2 1 3 
103 2 5 6 7 4 
104 5 2 0 1 3 6 7 
105 7 2 1 0 6 
106 0 2 3 7 6 
107 4 6 
108 1 2 0 3 6 7 
109 0 2 6 7 
110 4 0 1 3 2 6 5 
111 5 0 2 1 7 6 
112 7 6 4 5 
113 7 2 4 
114 0 7 6 
115 6 0 7 
116 3 6 4 5 7 
117 2 0 6 1 5 7 
118 4 0 2 1 3 7 
119 3 6 7 4 
120 5 0 1 3 7 6 
121 1 0 6 2 5 7 
122 5 4 6 7 
123 2 0 7 3 6 1 
124 5 3 6 2 4 
125 7 3 1 0 2 
126 2 0 7 6 
127 1 6 2 7 
128 6 4 2 3 5 
129 2 7 4 6 
130 2 7 3 6 
131 1 3 2 4 0 
132 2 3 0 4 5 
133 1 3 2 4 0 
134 7 0 6 
135 4 6 
136 6 2 0 1 3 7 
137 4 0 1 6 3 7 
138 3 2 7 4 
139 6 2 3 0 1 4 5 
140 4 0 1 6 3 7 
141 3 2 7 4 
142 1 4 2 3 6 5 
143 5 4 6 7 
144 4 0 7 6 
145 7 5 6 0 4 
146 4 7 2 
147 0 1 6 4 
148 2 0 1 6 3 7 4 
149 6 2 3 0 7 5 1 
150 1 0 2 7 6 
151 7 3 0 4 2 5 
152 3 0 1 7 6 
153 5 7 3 0 4 2 
154 2 0 1 6 3 7 4 
155 5 6 4 7 
156 2 0 1 7 6 
157 1 0 3 7 6 
158 1 7 4 5 
159 6 2 1 0 7 
160 0 6 7 4 5 
161 3 7 0 4 2 5 
162 5 0 4 2 1 6 
163 2 3 5 4 
164 6 3 4 2 7 0 5 
165 3 2 0 7 5 1 
166 7 0 1 6 
167 2 1 0 7 6 
168 4 2 3 6 5 
169 7 5 4 6 
170 0 6 7 4 5 
171 4 7 5 6 
172 1 0 4 2 5 6 
173 0 7 4 5 
174 4 7 0 5 2 
175 5 4 7 2 
176 7 0 6 1 2 5 
177 7 0 4 2 1 5 6 
178 0 3 4 2 7 5 
179 6 7 4 
180 3 4 0 5 7 
181 2 0 1 6 7 
182 4 7 5 
183 3 7 2 4 6 
184 4 2 6 
185 1 3 4 2 7 0 5 
186 5 0 2 
187 2 3 7 4 6 
188 5 2 7 3 4 
189 7 6 
190 2 7 3 0 4 5 
191 1 2 0 3 6 7 
192 6 3 2 4 0 
193 2 0 1 3 7 6 
194 3 1 6 4 0 
195 1 2 0 7 6 
196 2 4 0 5 7 
197 0 7 3 6 1 
198 7 4 6 5 
199 5 2 0 1 3 6 7 
200 7 0 2 3 1 6 
201 4 0 1 6 7 
202 3 6 4 5 7 
203 6 0 4 2 1 5 
204 4 0 1 6 3 7 
205 3 6 2 7 
206 1 0 2 3 6 
207 6 1 2 7 
208 4 6 7 
209 7 0 3 6 1 
210 4 6 5 7 
211 0 1 3 2 6 5 
212 2 7 4 1 6 
213 6 0 7 2 1 
214 1 0 2 
215 7 0 1 6 
216 3 2 0 1 6 7 
217 5 4 2 3 6 
218 2 3 5 4 
219 4 6 5 7 
220 2 3 1 0 
221 1 2 4 
222 1 2 0 6 7 
223 6 7 4 5 
224 0 2 3 7 4 
225 3 1 0 2 4 
226 5 7 2 4 6 
227 2 3 7 4 
228 6 4 5 7 
229 3 2 0 6 7 
230 6 7 2 4 
231 3 7 2 6 
232 4 7 5 
233 7 1 3 0 2 4 
234 0 7 2 6 4 
235 5 0 1 6 3 7 4 
236 1 0 7 2 6 
237 0 6 4 7 
238 4 3 0 5 2 
239 5 2 3 0 7 1 
240 5 6 7 4 
241 6 0 1 3 2 5 
242 0 3 5 6 2 4 7 
243 6 2 3 7 4 
244 3 5 6 2 4 7 
245 2 0 6 7 
246 4 6 7 
247 3 6 4 5 7 
248 5 6 4 
249 1 3 2 4 0 
250 5 4 3 2 
251 2 7 0 4 5 
252 5 6 4 7 
253 7 2 4 
254 3 2 4 
255 1 6 4 0 
256 6 1 3 0 2 4 
257 1 3 7 4 6 2 
258 2 4 
259 1 7 0 4 5 2 
260 2 3 7 4 
261 1 2 7 3 4 
262 7 2 4 1 6 
263 4 6 5 7 
264 6 3 2 0 1 7 
265 4 3 7 6 2 
266 3 0 2 
267 6 3 4 2 7 0 5 
268 4 0 7 6 
269 3 2 0 1 6 7 
270 1 3 0 2 
271 4 5 6 0 7 
272 4 3 5 6 2 7 
273 6 0 7 2 1 
274 5 6 0 7 4 
275 0 2 
276 2 1 0 4 7 5 
277 6 0 1 3 7 
278 0 5 6 7 4 
279 7 2 3 5 4 
280 3 4 6 5 7 
281 5 0 1 6 7 
282 3 2 0 1 6 7 
283 5 3 1 0 2 
284 2 3 6 4 
285 1 6 4 7 
286 1 0 4 7 5 
287 6 5 0 7 4 
288 0 1 6 7 
289 3 4 6 5 7 
290 5 0 7 2 1 6 
291 1 7 2 4 6 
292 7 2 3 0 6 
293 0 7 2 6 4 
294 7 0 6 1 2 5 
295 2 1 3 0 4 
296 6 3 4 2 7 0 5 
297 7 2 0 6 
298 2 3 4 7 0 5 
299 4 2 3 7 
300 1 3 6 2 4 
301 0 2 1 7 6 
302 4 6 5 7 
303 4 6 
304 7 3 4 2 0 5 
305 7 3 0 4 2 5 
306 0 3 2 
307 6 2 7 3 4 
308 3 7 4 5 
309 2 0 1 7 6 
310 4 3 2 5 
311 3 5 6 7 4 
312 5 6 7 4 
313 1 3 0 2 
314 5 2 3 0 1 4 
315 2 3 0 4 5 
316 5 2 4 6 
317 7 5 6 4 
318 2 0 1 7 6 
319 1 6 4 7 
320 6 2 7 
321 2 3 1 0 
322 2 0 1 3 7 
323 0 4 6 5 7 
324 1 0 4 2 5 6 
325 1 7 3 2 6 
326 7 0 4 5 2 
327 4 0 1 6 3 7 
328 6 3 4 2 7 0 5 
329 4 6 5 7 
330 3 5 6 7 4 
331 5 1 0 4 7 
332 4 6 
333 3 0 2 1 6 
334 1 2 3 7 4 
335 5 2 3 4 
336 4 2 3 0 7 5 1 
337 7 2 1 0 6 
338 4 0 1 6 7 
339 0 6 1 2 5 7 
340 2 3 0 
341 7 2 4 6 
342 1 0 7 6 
343 7 0 2 1 6 
344 1 6 4 5 7 
345 5 1 6 4 0 
346 0 2 3 7 6 
347 5 2 4 
348 2 1 3 0 4 
349 1 3 5 6 2 4 7 
350 0 2 1 3 7 
351 6 1 3 0 2 4 
352 0 6 4 7 
353 3 6 2 7 
354 5 2 3 0 7 6 
355 2 3 1 0 
356 6 0 2 3 1 
357 3 2 0 1 4 5 
358 7 1 0 4 5 
359 1 7 2 4 
360 4 1 0 7 5 
361 7 3 0 4 2 5 
362 0 3 2 1 6 7 
363 6 7 5 4 
364 1 4 0 5 7 
365 0 6 4 
366 4 7 5 
367 5 2 0 1 3 6 7 
368 7 0 2 
369 7 1 3 0 2 4 
370 0 2 
371 7 0 6 1 2 5 
372 1 4 6 5 7 
373 2 7 4 1 6 
374 4 0 2 1 5 6 
375 3 4 6 5 7 
376 5 6 7 4 
377 1 6 2 7 
378 5 4 6 7 
379 2 3 0 7 5 1 
380 5 4 3 2 
381 7 0 2 1 6 
382 0 4 7 5 2 
383 1 0 2 3 7 
384 6 7 4 5 
385 2 5 6 7 4 
386 2 1 7 6 
387 1 7 2 6 4 
388 2 4 6 
389 1 3 0 2 
390 7 4 0 5 
391 4 6 5 7 
392 6 3 0 2 
393 4 6 7 
394 3 4 0 5 7 
395 6 0 1 3 7 
396 4 0 2 1 3 7 
397 3 7 0 4 2 5 
398 0 2 4 6 
399 5 3 1 0 2 
400 4 7 5 2 
401 7 6 4 
402 4 3 2 7 0 5 
403 0 2 
404 2 4 6 5 7 
405 6 4 3 2 5 
406 1 0 2 3 6 
407 7 1 2 6 
408 3 4 7 5 2 
409 5 0 1 6 7 
410 2 6 7 4 5 
411 5 7 4 6 
412 2 7 5 4 6 
413 1 4 7 5 2 
414 1 2 0 6 7 
415 5 7 2 4 1 6 
416 0 2 3 1 4 5 
417 3 7 2 4 6 
418 5 0 4 2 1 6 
419 2 3 6 4 
420 6 0 2 1 3 7 
421 3 6 7 4 
422 7 2 1 0 6 
423 2 3 4 0 
424 4 0 2 1 7 6 
425 6 4 3 2 5 
426 0 7 6 
427 4 3 5 6 2 7 
428 1 0 2 3 6 
429 0 6 7 
430 5 7 2 6 4 
431 5 7 2 4 6 
432 7 2 4 6 
433 7 3 2 6 
434 0 7 3 4 2 5 
435 6 4 
436 3 0 2 1 6 
437 2 7 4 6 
438 4 0 6 1 7 
439 3 2 7 4 
440 5 3 2 0 1 6 7 
441 1 6 4 0 
442 5 6 7 
443 1 0 4 7 5 
444 5 2 4 6 
445 6 7 3 0 4 2 5 
446 2 7 4 
447 1 0 6 7 4 
448 6 4 7 5 2 
449 2 4 3 6 5 
450 2 0 1 3 7 6 
451 1 6 4 0 
452 2 0 7 1 6 
453 1 3 7 4 6 2 
454 7 3 5 6 2 4 
455 4 7 2 6 
456 6 0 1 7 4 
457 4 7 5 2 
458 3 0 2 
459 6 3 1 0 2 
460 4 1 6 0 
461 3 6 4 
462 1 0 3 2 6 5 
463 5 6 4 7 
464 4 0 1 7 2 6 
465 7 0 2 1 3 
466 4 1 3 0 2 
467 0 2 1 3 6 7 
468 3 0 6 1 2 5 7 
469 6 1 0 4 7 5 
470 1 2 3 5 4 
471 7 5 4 6 
472 3 6 4 7 
473 5 0 1 6 7 
474 2 6 4 7 
475 5 3 1 0 2 
476 2 4 7 5 
477 0 7 2 4 6 
478 1 4 6 5 7 
479 6 3 7 4 2 
480 0 1 4 7 5 
481 3 0 2 
482 5 7 4 6 
483 3 6 4 5 7 
484 6 0 7 3 1 
485 3 6 7 
486 7 1 2 6 
487 2 6 7 4 
488 4 6 7 
489 7 2 3 0 5 1 
490 0 4 7 5 2 
491 4 0 7 3 6 1 
492 1 2 0 3 6 7 
493 0 2 1 3 7 
494 4 2 0 1 3 6 7 
495 5 7 3 2 6 
496 7 3 4 6 2 
497 7 2 1 0 6 
498 0 7 3 2 6 
499 6 0 7 2 1 
500 3 0 7 6 1 
501 2 0 6 7 
502 4 0 5 7 
503 3 5 6 0 7 4 
504 5 2 7 3 4 
505 1 3 6 2 4 
506 5 4 0 7 
507 2 3 0 7 6 
508 5 7 2 4 
509 7 3 6 2 4 
510 2 0 1 7 6 
511 1 4 0 5 7 
512 6 4 3 2 5 
513 2 3 0 1 6 7 
514 2 3 0 4 5 
515 1 0 2 
516 2 7 0 4 5 
517 1 3 0 2 4 
518 7 4 2 3 6 5 
519 4 1 6 0 
520 6 7 4 
521 4 0 1 7 2 6 
522 3 1 0 4 7 5 
523 6 1 2 7 
524 4 1 2 7 6 
525 3 4 7 5 2 
526 1 3 2 4 0 
527 5 7 2 4 
528 4 7 0 5 2 
529 7 6 4 
530 4 2 3 5 
531 0 3 7 4 6 2 
532 2 5 6 7 4 
533 6 1 4 0 
534 1 3 0 2 
535 7 2 6 4 
536 3 0 2 1 7 
537 5 7 2 4 
538 2 4 
539 5 0 1 6 3 7 4 
540 2 0 6 1 5 7 
541 1 0 6 7 
542 1 0 2 3 7 
543 6 3 0 2 
544 0 3 2 1 6 7 
545 3 2 0 1 4 5 
546 6 0 1 7 4 
547 2 4 6 
548 6 5 7 4 
549 3 6 2 7 
550 7 0 2 
551 2 0 4 1 5 6 
552 4 7 2 6 
553 7 4 5 2 
554 0 2 6 7 
555 4 0 6 1 7 
556 1 0 6 7 
557 0 2 3 7 6 
558 4 7 2 1 6 
559 5 7 4 
560 7 2 3 4 
561 7 2 3 5 4 
562 0 6 4 7 
563 6 3 0 4 5 2 
564 3 0 7 6 1 
565 2 4 7 5 
566 4 2 7 3 
567 3 2 0 1 4 5 
568 5 0 6 1 7 4 
569 1 0 6 3 7 4 
570 5 0 2 1 7 6 
571 2 3 7 4 6 
572 5 7 2 6 4 
573 7 2 4 1 6 
574 2 4 3 5 
575 1 2 3 0 4 5 
576 6 0 1 7 2 
577 2 0 7 1 6 
578 2 4 6 5 7 
579 1 2 0 3 6 7 
580 3 0 4 5 2 
581 1 2 3 7 4 
582 7 2 3 0 5 1 
583 5 0 7 3 6 1 
584 6 0 1 7 
585 4 3 0 2 
586 3 4 6 5 7 
587 6 0 2 1 3 7 
588 4 2 0 6 7 
589 3 4 7 5 2 
590 1 3 0 2 4 
591 5 6 4 
592 4 7 5 2 
593 7 2 4 
594 4 0 7 6 
595 0 1 6 4 
596 2 4 6 
597 6 3 0 4 5 2 
598 1 6 2 7 
599 7 2 3 0 1 4 5 
600 3 1 0 4 7 5 
601 5 2 3 7 4 
602 2 3 1 0 
603 5 6 7 4 
604 3 5 6 7 4 
605 1 0 7 2 6 
606 1 0 4 2 5 6 
607 6 0 2 
608 0 6 7 4 5 
609 3 4 2 6 5 
610 6 3 2 0 1 7 
611 2 0 6 1 5 7 
612 6 7 4 5 
613 3 7 5 4 6 
614 7 6 4 5 
615 2 7 0 4 5 
616 4 5 6 0 7 
617 7 0 2 1 3 
618 0 1 3 7 6 
619 4 0 2 3 1 6 
620 1 2 7 6 
621 0 7 4 5 2 
622 6 2 3 0 7 
623 5 7 2 4 1 6 
624 7 3 2 0 1 6 
625 7 6 4 
626 0 6 7 
627 6 7 2 4 
628 3 7 0 4 5 2 
629 3 0 2 
630 4 7 2 
631 3 7 0 4 2 5 
632 5 0 2 
633 1 4 6 5 7 
634 5 4 2 3 6 
635 2 3 0 7 6 
636 5 6 2 7 
637 7 6 2 
638 2 7 4 1 6 
639 1 0 7 3 6 
640 6 2 3 0 1 4 5 
641 2 5 6 7 4 
642 2 5 6 7 4 
643 1 2 4 6 
644 2 7 3 6 
645 1 0 6 3 7 4 
646 7 3 5 6 2 4 
647 4 3 2 0 
648 7 0 3 6 1 
649 5 7 4 
650 3 4 2 5 
651 6 4 5 7 
652 4 3 2 0 1 6 7 
653 3 2 4 6 
654 1 3 0 2 
655 5 4 2 3 6 
656 4 3 2 0 1 6 7 
657 7 3 1 0 2 
658 4 7 2 1 6 
659 0 1 2 7 6 
660 3 2 0 1 4 5 
661 6 2 0 7 
662 1 0 4 2 5 6 
663 7 4 2 3 6 5 
664 3 6 2 7 
665 5 2 3 0 1 4 
666 2 4 6 5 7 
667 5 4 7 2 
668 2 0 6 1 5 7 
669 1 7 2 6 4 
670 1 6 7 
671 6 3 4 2 7 0 5 
672 0 2 3 7 5 1 
673 3 7 2 4 
674 5 6 7 4 
675 3 0 2 1 7 
676 6 7 5 4 
677 3 0 7 6 
678 7 3 6 2 4 
679 2 6 4 
680 4 7 0 5 2 
681 7 1 0 4 5 
682 2 3 7 4 6 
683 5 2 3 0 1 4 
684 1 2 0 7 6 
685 0 7 2 1 6 
686 4 6 7 
687 7 1 2 6 
688 5 3 2 4 0 
689 7 1 2 6 
690 0 1 6 4 
691 6 7 2 4 1 
692 3 7 4 6 2 
693 1 3 0 2 
694 4 2 1 0 7 6 
695 1 0 6 7 4 
696 5 0 2 1 7 6 
697 0 3 2 4 
698 5 1 0 4 7 
699 3 7 2 4 
700 5 7 2 6 4 
701 7 0 1 2 6 
702 3 4 6 5 7 
703 1 2 3 0 7 5 
704 6 4 3 2 5 
705 3 7 2 6 4 
706 2 0 1 7 6 
707 1 3 2 0 6 7 
708 2 6 7 
709 1 3 5 6 2 4 7 
710 7 0 6 1 2 5 
711 7 4 5 
712 6 0 1 7 4 
713 4 6 2 7 
714 3 1 2 7 6 
715 6 0 2 
716 4 2 
717 3 4 2 6 5 
718 1 3 2 0 6 7 
719 5 3 4 2 7 0 
720 4 0 1 6 7 
721 7 2 3 0 6 
722 4 3 1 0 2 
723 0 2 1 7 6 
724 2 4 3 5 
725 6 7 2 4 1 
726 1 6 4 7 
727 7 4 0 5 
728 3 4 2 7 0 5 
729 5 2 7 3 4 
730 2 7 6 4 
731 5 0 4 2 1 6 
732 2 0 1 3 6 7 
733 1 6 7 
734 1 0 7 2 6 
735 6 7 5 4 
736 0 3 1 2 
737 3 4 2 5 
738 5 0 7 6 
739 2 0 1 3 6 5 
740 6 7 3 2 
741 3 0 7 2 1 6 
742 7 0 6 1 2 5 
743 2 3 0 4 5 
744 4 2 3 5 
745 7 6 4 5 
746 0 7 5 4 6 
747 4 5 6 7 
748 1 3 6 2 4 
749 0 2 3 7 6 
750 4 0 1 3 2 6 5 
751 5 7 4 
752 7 2 3 0 1 4 5 
753 7 3 5 6 2 4 
754 0 2 
755 6 0 1 3 7 4 
756 3 2 4 0 
757 2 7 4 5 
758 4 3 2 5 
759 3 0 1 7 2 6 
760 5 7 4 
761 1 0 6 7 4 
762 5 4 6 7 
763 2 7 4 
764 5 2 1 0 7 6 
765 7 2 4 6 
766 2 0 7 3 6 1 
767 1 0 6 7 4 
768 6 0 7 3 1 
769 2 3 4 7 0 5 
770 2 6 4 5 7 
771 0 6 1 2 5 7 
772 2 6 7 
773 0 7 2 1 6 
774 7 3 4 6 2 
775 4 3 2 7 0 5 
776 6 2 3 5 4 
777 4 3 6 2 
778 3 0 2 
779 6 1 0 4 7 5 
780 4 2 3 7 
781 3 5 6 7 4 
782 0 6 7 4 
783 5 2 4 6 
784 4 2 
785 7 2 0 1 3 6 
786 4 3 6 2 
787 0 7 4 5 2 
788 2 7 3 6 
789 6 3 2 4 
790 0 4 2 3 6 5 
791 7 2 3 4 
792 3 0 6 1 7 4 
793 5 2 3 7 4 
794 2 3 0 
795 5 7 3 0 4 2 
796 2 0 7 6 
797 0 7 5 4 6 
798 0 3 2 
799 6 7 2 4 
800 0 6 7 4 
801 3 0 2 
802 5 0 2 
803 2 3 5 4 
804 6 3 2 4 
805 3 2 4 6 
806 7 6 4 5 
807 2 3 5 6 4 7 
808 4 0 5 7 
809 7 3 0 4 5 2 
810 0 3 1 2 
811 4 6 7 
812 0 2 1 7 6 
813 0 4 5 7 
814 4 1 0 7 5 
815 5 2 3 0 7 1 
816 6 1 2 7 
817 7 4 6 5 
818 0 6 7 4 5 
819 6 4 
820 3 5 6 7 4 
821 2 7 3 6 
822 4 1 6 0 
823 3 5 6 0 7 4 
824 5 6 0 7 4 
825 0 2 3 7 5 1 
826 5 3 6 2 4 7 
827 2 0 6 7 
828 5 3 1 0 2 
829 7 1 3 0 2 4 
830 2 0 1 6 3 7 4 
831 0 6 7 
832 6 0 1 3 7 
833 2 1 3 0 4 
834 2 0 1 3 6 5 
835 0 7 2 1 6 
836 2 4 6 5 7 
837 0 7 5 4 6 
838 7 2 3 5 4 
839 4 3 6 2 
840 6 7 2 4 
841 4 2 1 0 7 6 
842 3 0 7 2 1 6 
843 6 2 3 7 4 
844 4 2 7 3 
845 3 0 2 1 6 
846 0 3 4 5 2 
847 5 7 2 4 6 
848 4 2 3 7 
849 7 6 2 
850 4 0 6 1 7 
851 0 2 1 7 6 
852 2 7 4 5 
853 6 3 0 2 
854 0 3 7 4 6 2 
855 7 3 0 4 5 2 
856 3 1 0 2 
857 5 0 6 1 7 4 
858 3 2 5 4 
859 5 1 6 4 0 
860 3 0 4 2 1 5 6 
861 0 7 5 4 6 
862 0 7 2 4 6 
863 6 2 0 7 
864 0 3 1 2 
865 3 2 7 4 
866 5 6 4 7 
867 3 4 2 5 
868 6 4 5 7 
869 3 4 2 5 
870 7 0 1 3 6 
871 3 1 0 2 4 
872 4 0 1 7 2 6 
873 7 3 4 2 0 5 
874 0 1 4 7 5 
875 4 0 2 1 5 6 
876 0 5 6 7 4 
877 0 1 6 3 7 4 
878 4 3 2 0 
879 5 7 3 0 4 2 
880 7 4 0 5 
881 7 3 2 0 1 6 
882 0 2 4 
883 6 4 2 3 5 
884 3 5 6 0 7 4 
885 3 7 4 6 2 
886 4 3 1 0 2 
887 3 0 2 1 7 6 
888 5 2 3 0 7 1 
889 0 1 3 2 4 
890 5 3 0 4 2 
891 3 2 0 1 6 7 
892 5 0 4 2 1 6 
893 7 6 4 
894 3 6 7 4 
895 0 6 2 7 
896 6 2 3 0 1 4 5 
897 7 0 6 1 2 5 
898 6 1 4 0 
899 3 2 0 7 6 
900 3 2 0 1 6 7 
901 6 2 0 7 
902 0 2 3 5 4 
903 1 6 7 
904 1 6 4 5 7 
905 1 7 2 4 6 
906 5 6 2 7 
907 3 2 0 7 6 
908 3 7 0 4 5 2 
909 6 2 3 0 1 4 5 
910 6 3 0 2 
911 5 0 2 3 1 6 
912 6 0 1 7 2 
913 7 2 0 6 
914 0 4 6 5 7 
915 6 0 2 1 7 
916 3 0 7 6 1 
917 6 4 
918 7 3 2 4 0 
919 1 0 2 3 7 
920 6 0 2 1 7 
921 5 0 2 1 7 6 
922 3 6 4 7 
923 0 3 6 2 4 
924 3 5 6 2 4 7 
925 0 4 6 5 7 
926 0 7 2 6 4 
927 5 7 2 6 4 
928 0 4 5 7 
929 3 6 7 
930 1 0 6 7 
931 3 7 2 6 
932 0 1 3 2 4 
933 7 4 5 
934 3 0 2 1 6 
935 6 1 4 0 
936 1 2 4 
937 1 0 2 7 6 
938 6 0 1 7 4 
939 4 3 2 0 
940 0 6 4 7 
941 0 3 4 5 2 
942 4 3 1 0 2 
943 7 3 5 6 2 4 
944 0 3 2 1 6 7 
945 0 3 5 6 2 4 7 
946 0 1 7 2 6 
947 6 7 3 0 4 2 5 
948 6 3 1 0 2 
949 7 2 4 1 6 
950 4 2 7 3 
951 5 4 6 7 
952 5 6 4 
953 4 7 2 
954 6 2 4 
955 4 0 2 1 7 6 
956 5 0 1 3 7 6 
957 7 1 2 6 
958 7 3 2 0 1 6 
959 7 0 1 6 3 4 
960 0 2 3 5 4 
961 7 0 1 3 6 
962 6 2 1 0 7 
963 0 7 2 6 4 
964 3 0 1 2 6 5 
965 6 0 1 3 2 5 
966 0 4 6 5 7 
967 1 2 4 6 
968 1 7 2 4 6 
969 1 0 2 3 6 
970 5 0 1 3 2 6 
971 3 7 2 4 6 
972 3 2 0 7 5 1 
973 6 0 1 3 7 4 
974 6 0 4 2 1 5 
975 5 3 1 0 2 
976 4 6 7 
977 7 0 4 5 2 
978 0 7 3 2 6 
979 6 3 2 4 
980 0 7 4 5 2 
981 0 3 2 4 
982 7 2 0 6 
983 1 2 0 6 7 
984 6 3 0 4 5 2 
985 4 7 5 6 
986 4 5 6 0 7 
987 0 2 3 1 4 5 
988 0 1 6 7 
989 0 2 7 3 4 
990 0 3 7 4 6 2 
991 0 7 3 2 6 
992 0 7 3 4 2 5 
993 3 4 7 5 2 
994 1 4 0 5 7 
995 6 3 7 4 2 
996 0 5 6 7 4 
997 7 2 3 4 
998 0 2 3 7 5 1 
999 6 3 1 0 2 
1000 1 0 7 3 6 
1001 1 6 7 
1002 6 0 7 2 1 
1003 6 4 7 
1004 0 6 7 
1005 0 2 3 7 6 
1006 2 0 1 3 6 5 
1007 2 7 0 4 5 
1008 0 3 2 4 
1009 0 4 3 2 5 
1010 0 1 3 2 4 
1011 1 2 3 0 7 5 
1012 7 1 0 4 5 
1013 7 1 2 6 
1014 5 6 4 7 
1015 5 0 1 3 7 6 
1016 0 7 4 5 2 
1017 4 3 1 0 2 
1018 1 7 3 2 6 
1019 4 2 
1020 5 6 0 7 4 
1021 7 2 4 
1022 6 3 1 0 2 
1023 7 3 1 0 2 
