0 0 1 6 4 7 2 3 
1 0 2 5 1 3 
2 6 3 7 0 
3 4 6 5 7 3 
4 1 6 2 7 3 
5 4 2 5 3 
6 2 6 7 3 0 
7 2 6 5 3 
8 1 3 7 0 
9 3 7 5 6 2 4 
10 5 6 4 1 0 
11 5 0 6 4 1 3 
12 3 7 4 5 
13 3 1 6 0 
14 0 6 5 7 4 3 
15 1 6 7 3 0 2 
16 5 7 4 3 
17 6 5 4 2 3 
18 5 6 7 4 3 
19 1 7 5 6 2 4 3 
20 4 7 2 6 3 
21 6 1 0 
22 0 2 5 3 
23 1 6 5 7 4 3 
24 5 7 4 3 
25 3 6 5 
26 4 0 6 5 1 3 
27 3 2 5 4 1 
28 2 7 6 3 
29 2 1 0 
30 4 5 3 
31 2 5 4 3 
32 0 4 3 1 7 2 
33 7 2 6 4 5 3 
34 4 7 2 6 3 
35 6 2 4 5 7 3 
36 3 5 6 4 1 0 
37 3 5 2 
38 0 5 3 
39 6 7 3 
40 4 5 0 3 1 2 
41 5 1 0 
42 2 5 6 7 4 3 
43 7 6 5 1 
44 4 2 0 1 3 
45 0 1 6 4 7 2 3 
46 0 6 7 2 
47 1 4 7 2 6 3 
48 5 2 1 0 
49 5 6 3 
50 5 1 0 2 
51 3 7 0 
52 5 4 3 
53 0 5 4 2 3 
54 6 7 5 2 4 3 
55 7 6 1 2 
56 4 0 6 5 1 3 
57 0 6 5 7 3 
58 1 4 7 2 6 3 
59 3 4 0 1 7 2 
60 5 3 7 0 
61 6 5 3 
62 0 3 
63 4 3 6 1 
64 0 7 4 5 3 
65 0 6 2 1 5 7 3 
66 7 4 5 3 
67 4 5 0 2 
68 1 6 3 7 2 
69 4 5 3 
70 2 5 0 4 
71 2 5 6 4 1 0 
72 1 5 4 2 3 
73 3 6 5 7 
74 5 4 3 
75 5 6 2 1 7 3 
76 3 5 4 2 
77 3 6 1 2 7 
78 0 2 5 1 3 
79 1 6 5 3 
80 5 1 0 
81 6 5 2 1 7 3 
82 6 7 3 
83 1 0 6 3 
84 4 6 1 0 5 3 
85 6 5 0 4 2 
86 0 2 5 3 
87 0 6 1 4 5 
88 5 6 1 0 4 3 
89 0 6 5 3 
90 4 3 7 0 
91 3 6 5 
92 2 5 4 3 1 
93 2 5 0 4 
94 4 6 7 2 
95 2 4 7 6 3 
96 0 2 5 3 
97 7 2 1 0 
98 4 7 5 6 2 3 
99 6 0 1 3 
100 3 1 0 
101 2 6 5 7 4 3 
102 0 2 5 3 
103 6 5 0 4 2 
104 4 7 6 5 1 
105 5 1 0 
106 3 6 1 7 2 
107 6 5 7 4 3 
108 4 7 2 6 3 
109 0 4 5 3 
110 1 5 6 7 2 
111 1 6 2 5 7 3 
112 5 2 0 1 3 
113 5 7 3 1 6 0 
114 5 4 3 6 2 
115 2 7 0 1 6 4 
116 5 6 1 7 2 
117 0 5 2 1 4 3 
118 6 2 5 0 1 3 
119 7 5 4 3 6 2 
120 4 6 5 3 
121 0 2 5 3 
122 2 3 6 1 
123 3 2 0 
124 5 6 7 3 
125 6 2 5 3 4 0 
126 0 1 5 2 
127 5 1 0 
128 0 5 4 3 
129 0 5 2 1 4 3 
130 6 7 4 5 3 
131 4 0 6 5 1 3 
132 1 4 5 3 
133 4 2 5 3 0 
134 2 0 4 1 3 
135 2 5 6 7 3 
136 1 2 5 3 
137 3 2 1 0 
138 5 6 1 0 4 3 
139 5 4 7 2 6 3 
140 3 0 1 6 
141 3 7 1 6 0 
142 0 6 7 3 
143 1 5 2 4 0 3 
144 4 7 2 6 3 
145 6 5 4 3 2 
146 5 0 4 1 2 3 
147 1 6 4 5 0 
148 5 4 2 3 
149 6 7 2 3 
150 2 7 6 5 1 
151 0 6 1 4 5 
152 5 2 1 7 3 
153 0 5 2 3 
154 7 0 1 6 4 2 
155 3 0 4 1 2 
156 2 6 0 7 3 
157 2 6 3 7 
158 4 0 1 2 3 
159 2 0 6 1 
160 0 1 6 4 7 2 3 
161 7 1 6 0 4 2 3 
162 4 2 5 3 
163 6 1 4 5 0 
164 3 2 0 6 1 
165 3 7 1 6 0 
166 0 3 7 
167 6 2 0 1 
168 4 6 7 2 
169 5 1 6 0 4 7 2 3 
170 2 5 3 
171 7 5 2 1 3 
172 4 7 5 6 2 3 
173 1 7 5 6 2 4 3 
174 0 3 6 1 
175 1 0 
176 5 4 3 
177 5 2 4 3 1 
178 5 1 6 0 
179 2 6 7 
180 5 0 4 1 2 3 
181 0 2 6 1 
182 6 2 5 3 
183 7 2 5 3 4 0 
184 4 2 6 5 7 3 
185 0 6 1 4 5 
186 1 6 0 4 5 3 
187 3 7 2 6 
188 5 6 7 4 3 
189 7 5 2 1 4 0 3 
190 0 4 1 2 3 
191 4 6 5 7 3 
192 0 3 6 1 
193 0 7 3 1 6 
194 6 0 5 4 1 3 
195 4 2 5 3 1 
196 1 7 0 6 4 2 
197 4 2 3 
198 3 6 2 1 5 7 
199 2 0 6 1 
200 1 5 3 
201 3 2 5 4 0 
202 5 0 4 2 
203 5 7 3 1 6 0 
204 3 1 6 0 4 7 2 
205 3 4 5 
206 0 7 3 1 6 
207 1 0 4 2 3 
208 5 2 1 7 3 
209 6 7 3 
210 5 6 3 7 2 
211 1 6 0 4 7 2 3 
212 4 7 6 5 1 
213 6 2 5 4 3 1 
214 0 6 5 3 
215 0 5 3 1 2 
216 4 5 3 
217 0 5 3 
218 5 2 3 
219 3 5 
220 3 1 0 
221 2 7 0 1 6 4 
222 4 2 5 3 0 
223 2 5 4 3 
224 1 0 4 2 3 
225 7 2 5 3 
226 4 6 3 7 2 
227 6 7 3 0 2 
228 3 7 1 6 0 
229 3 7 4 
230 0 2 1 3 
231 6 7 3 0 2 
232 4 2 5 3 
233 5 2 0 1 3 
234 2 4 5 3 
235 7 5 0 3 1 2 
236 4 0 1 2 
237 0 6 7 3 2 
238 0 3 2 
239 1 5 2 4 0 3 
240 5 0 4 1 2 3 
241 7 2 1 0 
242 5 2 3 4 0 
243 2 6 1 5 7 3 
244 2 7 4 5 3 
245 0 4 5 3 
246 6 1 0 
247 7 6 2 1 5 3 
248 4 5 6 1 7 2 
249 0 4 3 1 7 2 
250 2 6 3 7 
252 5 7 0 1 6 4 2 
253 6 7 3 
254 0 2 6 4 5 7 3 
255 5 4 3 6 2 
256 0 6 1 
257 0 5 2 6 7 3 
258 6 5 2 1 4 0 3 
259 4 1 0 5 2 
260 1 5 4 3 
261 4 1 0 
262 2 5 3 
263 2 3 
264 1 5 0 4 2 
265 3 5 2 1 7 
266 5 6 4 1 0 
267 5 0 1 6 3 
268 3 6 1 7 2 
269 2 5 6 1 7 
270 3 5 2 1 4 0 
271 1 6 3 7 2 
272 5 6 3 7 2 
273 6 5 2 1 7 3 
274 5 7 6 3 
275 3 2 
276 7 0 1 2 
277 6 2 3 
278 0 6 1 4 5 
279 0 7 2 6 3 
280 5 6 4 1 0 
281 0 6 5 4 1 3 
282 4 6 5 7 3 
283 3 6 5 7 
284 2 6 7 
285 2 7 0 1 6 4 
286 4 7 2 6 3 
287 2 7 5 6 4 3 
288 3 0 4 1 2 
289 7 0 1 6 4 2 
290 4 6 5 7 3 
291 6 5 7 4 3 
292 3 5 2 
293 3 2 
294 1 3 2 0 
295 6 2 1 0 
296 4 6 1 0 5 3 
297 5 7 6 3 
298 2 3 
299 7 6 5 1 
300 4 5 0 3 1 2 
301 0 1 5 2 
302 2 6 7 
303 2 5 3 
304 5 1 6 0 4 7 2 3 
305 5 1 0 
306 5 2 0 1 3 
307 2 1 0 
308 5 2 0 1 3 
309 3 6 0 7 
310 6 1 0 
311 7 2 5 4 3 1 
312 7 0 6 5 4 1 3 
313 2 3 
314 1 2 6 4 5 7 3 
315 3 2 5 
316 7 2 0 1 3 
317 6 2 5 3 
318 0 5 4 3 
319 4 5 0 3 1 2 
320 1 2 6 4 5 7 3 
321 0 1 5 2 
322 6 1 0 
323 4 6 7 3 0 2 
324 1 0 2 
325 6 2 0 1 
326 2 0 1 6 3 
327 2 1 0 
328 1 6 0 4 7 2 3 
329 3 5 2 6 7 
330 5 7 2 6 3 
331 5 6 3 
332 1 6 7 3 0 2 
333 3 5 4 2 
334 0 7 5 6 2 4 3 
335 6 5 3 
336 5 6 0 7 3 
337 7 5 4 3 
338 5 2 3 
339 1 2 5 3 
340 4 5 2 1 7 3 
341 6 5 7 4 3 
342 0 3 2 
343 0 1 6 
344 6 7 3 
345 0 5 6 1 7 2 
346 4 0 1 2 3 
347 3 6 2 1 5 7 
348 0 6 7 3 
349 2 5 0 1 3 
350 4 5 3 
351 2 3 
352 0 5 4 3 6 2 
353 7 5 0 4 2 
354 4 7 3 
355 6 5 4 1 0 
356 3 7 6 
357 3 6 0 7 
358 0 3 7 
359 6 7 3 0 2 
360 4 5 3 6 2 
361 4 0 1 2 
362 0 7 2 6 3 
363 7 6 5 3 
364 5 4 7 2 6 3 
365 0 7 6 3 
366 0 3 
367 1 3 7 0 
368 4 6 7 3 
369 4 6 2 1 5 7 3 
370 4 6 1 2 7 3 
371 2 5 4 3 
372 5 2 3 
373 0 5 2 3 
374 6 1 7 2 
375 7 1 0 
376 4 0 1 2 
377 1 7 6 3 
378 1 4 0 3 7 2 
379 3 7 4 5 
380 5 7 2 6 3 
381 6 0 5 4 1 3 
382 2 7 6 5 1 
383 4 6 5 7 3 
384 0 3 2 
385 0 5 4 2 3 
386 6 7 2 3 
387 4 5 2 1 7 3 
388 1 5 2 4 0 3 
389 4 5 6 1 0 
390 3 6 7 
391 2 5 3 
392 1 6 7 3 
393 3 6 2 1 5 7 
394 6 5 4 3 
395 6 5 1 7 2 
396 3 5 2 6 7 
397 3 4 0 1 7 2 
398 0 6 1 2 7 3 
399 1 5 0 4 2 
400 5 0 3 1 2 
401 6 5 3 
402 4 0 1 2 
403 1 0 6 5 4 3 
404 7 6 5 4 3 
405 6 1 0 
406 2 1 6 0 4 7 3 
407 7 2 6 4 5 3 
408 6 2 5 3 
409 3 6 7 2 
410 4 5 6 1 7 2 
411 3 6 1 0 
412 0 1 2 
413 2 6 7 3 0 
414 4 3 2 0 
415 3 5 4 
416 0 6 7 3 2 
417 7 6 1 0 
418 4 5 6 1 7 2 
419 7 6 0 3 
420 3 7 1 6 0 
421 3 0 1 6 
422 0 5 3 1 2 
423 6 5 2 7 3 
424 4 6 1 2 7 3 
425 5 2 0 1 3 
426 0 7 6 3 
427 7 6 3 2 
428 4 7 2 6 3 
429 0 7 4 5 3 
430 0 3 2 
431 1 0 6 3 
432 5 0 6 4 1 3 
433 5 2 3 
434 5 7 2 6 3 
435 5 6 7 3 
436 4 7 2 6 3 
437 0 7 6 3 
438 6 5 0 4 2 
439 7 5 2 3 
440 4 7 6 5 1 
441 0 2 5 1 3 
442 1 5 6 4 0 
443 2 7 4 3 
444 5 7 6 3 
445 6 1 4 5 0 
446 0 6 1 4 5 3 
447 4 2 6 5 7 3 
448 0 4 3 1 7 2 
449 0 3 
450 6 2 0 1 
451 4 0 3 1 7 2 
452 1 7 4 3 
453 4 5 6 7 3 
454 2 7 4 5 3 
455 2 5 6 7 4 3 
456 1 2 0 
457 3 7 4 5 
458 5 7 3 1 6 0 
459 5 0 3 1 2 
460 3 6 1 0 4 5 
461 3 2 5 
462 0 3 7 
463 1 7 5 6 2 4 3 
464 5 6 1 4 0 
465 6 5 3 
466 5 4 0 3 1 7 2 
467 1 6 7 2 
468 4 7 3 
469 6 1 0 4 7 2 3 
470 1 7 4 3 
471 0 1 2 
472 5 2 3 
473 0 5 4 3 6 2 
474 4 5 6 1 7 2 
475 3 6 5 7 4 
476 2 4 5 3 
477 2 5 3 
478 4 7 3 
479 2 3 0 
480 0 1 
481 7 0 6 5 4 1 3 
482 4 2 5 0 1 3 
483 6 0 7 3 
484 3 5 4 
485 3 5 4 2 
486 0 6 7 3 
487 6 5 0 3 1 2 
488 4 7 5 3 
489 5 7 6 1 
490 2 4 0 3 1 7 
491 7 1 0 5 2 
492 4 0 3 1 7 2 
493 0 2 5 3 4 
494 0 3 6 1 
495 1 6 0 
496 5 2 1 7 3 
497 5 6 1 4 0 
498 5 6 1 0 
499 2 5 4 3 
500 5 2 1 7 3 
501 0 2 3 
502 6 5 4 2 3 
503 7 5 4 3 6 2 
504 4 5 3 
505 0 6 1 2 7 3 
506 1 0 6 3 
507 3 5 4 2 
508 5 6 2 1 7 3 
509 6 5 4 3 2 
510 1 7 3 6 0 
511 4 7 3 
512 0 2 5 3 
513 0 2 5 3 
514 6 4 5 3 
515 4 5 6 1 0 
516 1 5 4 3 6 2 
517 4 1 6 0 7 2 3 
518 2 7 6 3 
519 2 5 4 3 1 
520 1 4 0 3 7 2 
521 3 6 1 2 7 
522 5 6 7 3 
523 5 1 0 
524 3 2 5 
525 3 2 0 1 
526 0 2 1 3 
527 1 6 0 
528 5 2 1 4 0 3 
529 6 2 5 3 
530 5 7 6 3 
531 1 4 7 2 6 3 
532 4 2 5 3 
533 6 7 5 1 
534 0 2 5 3 
535 0 6 1 4 5 
536 5 7 4 3 
537 0 7 1 6 4 2 
538 4 5 2 1 0 3 
539 3 2 5 
540 2 5 3 
541 2 7 6 5 1 
542 4 5 6 1 0 
543 2 7 4 3 
544 0 7 6 5 1 
545 7 2 6 3 
546 4 5 6 1 0 
547 6 1 0 
548 3 2 5 
549 3 2 5 
550 0 5 3 
551 6 5 2 7 3 
552 4 2 5 3 0 
553 5 7 6 2 4 3 
554 2 7 4 3 
555 7 6 1 0 
556 4 5 6 7 3 
557 0 6 7 3 2 
558 0 6 1 
559 1 3 7 0 
560 5 3 2 0 
561 5 6 7 4 3 
562 5 2 3 
563 2 1 0 
564 5 3 
565 0 6 1 4 5 3 
566 6 2 5 3 4 0 
567 7 2 5 0 1 3 
568 4 5 3 
569 0 4 3 1 7 2 
570 1 6 4 5 0 
571 3 0 1 6 
572 5 6 3 
573 6 2 1 5 7 3 
574 0 7 4 3 
575 4 7 2 6 3 
576 0 3 
577 0 2 5 3 
578 6 0 4 1 2 3 
579 4 7 5 3 
580 1 5 2 3 
581 4 6 1 7 2 
582 2 6 7 
583 2 1 6 0 
584 1 2 5 4 3 
585 3 5 2 1 7 
586 5 2 3 
587 5 2 0 1 3 
588 3 2 6 4 5 7 
589 3 1 6 0 
590 0 2 1 
591 1 0 6 5 4 3 
592 5 0 4 2 
593 6 2 5 3 
594 5 0 1 6 3 
595 1 2 5 0 3 
596 4 6 1 7 2 
597 6 7 3 
598 0 3 7 
599 0 3 
600 5 1 6 0 4 7 2 3 
601 0 5 4 2 
602 4 5 6 1 7 2 
603 3 6 1 2 7 
604 2 5 4 3 
605 2 5 0 3 1 
606 4 7 2 6 3 
607 2 5 1 7 3 
608 0 7 4 3 
609 7 5 2 3 
610 4 2 0 6 1 
611 6 5 7 4 3 
612 3 1 6 0 
613 3 6 1 0 4 5 
614 0 6 3 7 2 
615 6 0 1 2 
616 4 2 6 5 7 3 
617 5 4 2 3 
618 2 5 6 7 4 3 
619 7 2 5 4 3 1 
620 4 5 2 6 7 3 
621 0 2 5 1 3 
622 0 1 
623 1 7 6 5 
624 5 1 6 0 
625 5 2 0 6 1 
626 5 2 1 4 0 3 
627 2 5 1 7 3 
628 5 2 0 1 3 
629 1 5 6 7 4 3 
630 6 1 2 7 3 
631 7 5 6 1 2 
632 4 7 5 3 
633 0 5 6 4 1 
634 1 0 6 5 4 3 
635 3 7 4 5 
636 4 6 2 1 5 7 3 
637 6 1 2 7 3 
638 0 2 3 
639 4 2 5 3 
640 0 6 1 4 5 
641 1 3 6 
642 6 0 1 2 
643 4 6 1 2 7 3 
644 1 3 2 0 
645 4 7 5 6 2 3 
646 2 7 4 5 3 
647 2 5 4 3 
648 1 0 4 2 3 
649 3 4 5 
650 5 0 1 2 
651 4 6 1 0 
652 3 4 7 2 6 
653 3 7 6 
654 0 1 6 3 
655 1 5 0 3 2 
656 5 2 1 0 
657 6 1 0 
658 5 4 3 
659 1 7 2 6 3 
660 4 6 5 7 3 
661 6 2 3 
662 0 5 4 2 
663 0 1 
664 5 0 1 6 3 
665 0 6 7 3 
666 4 7 0 1 6 2 
667 3 1 6 0 
668 2 5 3 
669 2 5 4 3 6 
670 4 6 2 1 5 7 3 
671 2 3 
672 0 4 5 3 
673 7 6 2 
674 4 2 5 3 
675 6 1 4 5 0 
676 3 1 0 
677 3 5 4 2 
678 0 3 6 1 
679 6 2 5 4 3 1 
680 4 5 3 
681 5 4 3 
682 2 4 0 3 1 7 
683 7 2 0 6 1 
684 4 5 3 
685 0 2 5 3 
686 0 5 2 6 7 3 
687 1 0 2 
688 5 7 4 3 
689 5 6 7 2 
690 5 2 6 4 7 3 
691 2 6 1 0 4 5 3 
692 5 6 3 
693 0 7 4 3 
694 6 2 5 3 4 0 
695 7 2 6 3 
696 4 2 1 0 
697 0 5 4 2 
698 1 7 3 6 0 
699 3 2 0 
700 5 0 3 1 2 
701 6 3 7 0 
702 0 2 1 3 
703 4 5 3 
704 1 6 0 4 7 2 3 
705 1 2 5 0 3 
706 6 7 0 1 4 2 
707 4 5 0 3 1 2 
708 2 5 6 4 1 0 
709 4 2 3 
710 2 5 3 
711 2 6 7 
712 1 5 4 3 
713 3 0 1 6 
714 5 2 3 
715 5 2 3 
716 2 7 6 3 
717 3 2 5 
718 0 1 
719 1 3 
720 5 6 1 4 0 
721 6 0 1 2 
722 5 2 1 0 
723 1 5 6 7 2 
724 4 0 1 6 3 
725 6 5 7 4 3 
726 1 5 6 4 0 
727 1 7 6 5 
728 5 1 0 
729 1 6 0 
730 4 6 1 7 2 
731 3 6 7 
732 2 5 4 3 1 
733 2 5 0 1 3 
734 4 5 3 
735 2 5 4 3 
736 1 6 0 4 5 3 
737 7 4 2 6 3 
738 4 7 2 6 3 
739 6 0 7 3 
740 3 6 1 2 7 
741 3 7 2 6 
742 1 7 2 6 3 
743 6 7 5 1 
744 4 1 0 
745 5 2 0 6 1 
746 3 5 2 6 7 
747 6 2 4 5 7 3 
748 4 5 2 6 7 3 
749 1 7 6 5 
750 1 5 2 6 7 3 
751 1 6 0 7 3 
752 5 2 0 6 1 
753 5 2 0 6 1 
754 5 4 3 
755 2 5 4 3 6 
756 5 7 0 1 6 4 2 
757 1 4 7 2 6 3 
758 6 2 0 1 3 
759 7 3 
760 4 3 
761 1 6 5 7 3 
762 1 2 0 
763 3 5 2 6 7 
764 5 4 3 
765 6 7 2 3 
766 1 2 5 4 3 
767 4 1 0 
768 1 6 5 7 3 
769 1 5 4 3 
770 6 1 7 2 
771 4 7 5 6 2 3 
772 1 6 3 7 2 
773 4 5 0 2 
774 2 1 0 5 
775 2 6 0 7 3 
776 1 6 0 
777 3 5 6 4 1 0 
778 5 7 6 2 4 3 
779 5 6 1 0 4 3 
780 3 6 5 
781 3 7 5 6 2 4 
782 0 3 2 
783 1 4 0 3 7 2 
784 5 7 2 6 3 
785 6 5 0 3 1 2 
786 5 6 7 4 3 
787 1 7 3 6 0 
788 4 7 2 6 3 
789 2 1 0 
790 1 2 5 0 3 
791 1 3 6 
792 5 7 0 1 6 4 2 
793 1 6 7 2 
794 4 6 2 1 5 7 3 
795 3 5 2 
796 2 6 1 0 
797 2 4 5 3 
798 2 5 3 
799 2 5 3 
800 1 5 2 4 0 3 
801 7 1 0 
802 3 6 7 0 2 
803 6 2 5 3 
804 3 5 4 
805 3 6 1 2 7 
806 1 0 4 2 3 
807 6 5 2 1 7 3 
808 3 6 5 7 
809 5 0 3 1 2 
810 2 3 
811 7 5 3 
812 2 3 0 
813 1 0 6 5 4 3 
814 1 6 2 5 7 3 
815 1 6 2 7 3 
816 5 6 7 4 3 
817 1 6 0 7 3 
818 5 4 3 6 2 
819 2 4 7 6 3 
820 2 6 7 3 0 
821 1 5 2 4 0 3 
822 6 3 2 0 
823 3 6 7 0 2 
824 7 1 6 0 4 2 3 
825 1 5 3 
826 1 7 2 6 3 
827 3 6 5 7 4 
828 3 5 2 1 4 0 
829 6 1 0 
830 1 6 3 7 2 
831 6 1 0 5 2 
832 1 5 2 7 3 
833 1 3 7 0 
834 3 5 6 4 1 0 
835 6 4 7 2 3 
836 1 2 5 3 
837 6 7 5 1 
838 2 5 3 
839 2 5 6 7 4 3 
840 1 2 5 3 4 0 
841 3 6 5 
842 1 2 3 
843 2 3 7 0 
844 3 2 5 4 0 
845 3 6 1 
846 0 4 1 2 3 
847 1 5 4 3 6 2 
848 7 1 0 5 2 
849 2 5 3 4 0 
850 6 5 2 3 
851 1 2 0 6 
852 7 6 3 0 2 
853 2 6 1 7 
854 1 4 0 3 7 2 
855 1 2 0 6 
856 6 3 7 2 
857 1 0 6 5 4 3 
858 7 2 5 3 
859 3 1 0 
860 2 1 6 0 
861 2 5 6 1 7 
862 3 7 6 
863 2 3 6 1 
864 1 2 0 3 
865 7 6 5 3 
866 2 6 7 3 
867 6 5 4 3 
868 3 5 2 6 7 
869 3 2 0 1 
870 1 3 7 0 
871 6 5 7 4 3 
872 3 2 1 0 
873 7 1 0 5 2 
874 2 5 4 3 1 
875 7 6 1 2 3 
876 2 6 1 4 5 0 
877 1 2 0 3 
878 1 3 6 
879 1 7 0 6 4 2 
880 7 5 6 2 4 3 
881 1 6 7 2 
882 7 1 0 5 2 
883 2 6 0 7 3 
884 3 4 7 2 6 
885 1 5 4 3 
886 6 2 0 1 
887 3 0 1 6 
888 7 6 3 0 2 
889 3 1 6 0 
890 2 7 3 1 6 0 
891 6 3 7 2 
892 3 5 4 
893 6 3 1 
894 2 3 
895 6 2 5 3 
896 3 6 1 
897 7 2 5 0 1 3 
898 2 5 3 
899 6 3 1 
900 7 1 0 
901 6 7 3 
902 6 1 0 5 2 
903 3 5 4 
904 1 2 0 3 
905 3 5 0 1 2 
906 1 0 
907 2 6 3 7 
908 7 5 2 3 
909 7 1 0 5 2 
910 7 3 6 1 
911 6 1 0 4 5 3 
912 7 6 1 0 
913 3 5 
914 6 1 0 
915 7 6 3 
916 7 2 6 3 
917 2 1 0 
918 7 6 5 3 
919 7 5 2 6 3 
920 6 5 2 7 3 
921 7 3 1 6 0 
922 7 3 2 0 
923 7 6 2 
924 7 2 6 4 5 3 
925 2 5 4 3 1 
926 7 5 6 1 2 
927 2 5 6 7 3 
928 7 2 5 3 
929 7 6 1 2 
930 6 7 3 1 0 
931 6 7 3 1 0 
932 2 6 1 7 
933 7 6 2 
935 7 5 6 4 3 
936 7 5 4 3 6 2 
937 7 6 1 2 
938 7 5 4 2 3 
939 7 6 5 4 3 
940 6 7 2 3 
941 3 0 6 5 4 1 
942 6 5 4 2 3 
943 2 1 6 0 
944 7 3 6 1 
945 7 6 1 0 4 5 3 
946 7 1 0 
947 4 6 7 2 
948 7 5 2 1 4 0 3 
949 4 2 5 3 0 
950 7 0 1 6 4 2 
951 7 2 6 3 
952 7 2 5 3 4 0 
953 6 7 5 2 4 3 
954 7 6 1 2 3 
955 6 3 
956 7 2 5 3 
957 7 6 5 3 
958 2 1 0 5 
959 7 6 3 
960 3 2 5 4 0 
961 7 6 1 2 
962 7 1 6 0 
963 6 7 2 3 
964 7 4 2 6 3 
965 6 0 1 2 
966 6 2 5 3 
967 2 5 3 
968 6 7 3 
969 3 2 6 4 5 7 
970 6 7 0 1 4 2 
971 6 2 3 
972 7 0 1 2 
973 7 0 1 6 3 
974 7 6 3 2 
975 7 6 1 0 4 5 3 
976 7 6 2 
977 7 5 6 1 2 
978 7 4 3 
979 7 5 2 1 4 0 3 
980 7 6 5 3 
981 7 6 3 
982 7 3 0 
983 7 6 0 3 
984 7 1 0 5 2 
985 7 6 3 2 
986 7 2 5 4 3 1 
987 7 2 6 4 5 3 
988 2 4 5 3 
989 2 4 5 3 
990 7 2 6 3 
991 2 0 1 
992 3 5 2 1 7 
993 7 2 5 4 3 1 
994 6 1 0 
995 7 1 0 
996 3 2 5 0 1 
997 3 6 7 2 
998 2 3 
999 7 6 1 0 
1000 7 5 4 3 6 2 
1001 7 4 0 3 1 2 
1002 2 5 6 1 7 
1003 7 6 2 1 5 3 
1004 6 1 0 
1005 3 5 6 7 4 
1006 2 6 1 4 5 0 
1007 2 6 5 3 
1008 7 3 2 0 
1009 7 6 3 
1010 7 6 1 0 4 5 3 
1011 4 7 2 6 3 
1012 7 4 3 
1013 4 0 1 2 3 
1014 7 0 1 6 4 2 
1015 7 1 6 0 4 2 3 
1016 7 6 3 
1017 6 5 7 3 
1018 7 1 0 5 2 
1019 6 5 4 3 
1020 7 6 5 3 
1021 7 5 6 4 3 
1022 2 6 4 5 7 3 
1023 7 5 0 4 2 
