0 3 4 7 1 0 5 
1 5 0 2 1 
2 2 6 5 7 4 
3 7 6 4 0 1 5 3 
4 6 5 7 0 4 2 
5 6 1 7 0 
6 2 0 5 6 7 1 4 
7 2 3 6 1 7 
8 0 7 6 
9 5 2 3 0 
10 7 3 0 2 
11 5 4 6 7 3 2 
12 3 7 0 1 2 6 5 4 
13 6 4 7 2 5 
14 5 6 4 3 2 7 0 
15 1 7 4 5 3 6 2 
16 2 5 0 6 4 1 
17 7 6 5 4 
18 1 3 6 2 7 
19 4 1 7 6 0 
20 7 6 5 4 
21 7 5 6 4 3 2 
22 6 1 0 2 
23 5 4 2 0 3 1 
24 6 5 7 0 4 2 
25 5 0 4 6 7 1 2 
26 3 2 6 0 7 5 
27 7 3 2 0 
28 0 5 7 1 4 3 
29 7 4 5 3 2 
30 7 4 6 5 0 
31 2 6 4 0 1 5 3 
32 3 7 5 4 6 
33 6 5 7 0 1 4 3 
34 6 4 7 5 0 
35 4 6 2 3 0 5 7 
36 2 5 0 6 4 1 
37 2 5 1 4 
38 3 5 7 4 2 
39 0 7 6 5 4 1 
40 3 0 2 1 
41 5 7 4 0 
42 2 5 7 0 1 4 3 
43 1 2 3 0 
44 5 6 4 3 2 7 0 
45 0 7 2 6 5 3 
46 1 5 0 6 4 2 
47 1 5 7 6 2 
48 3 4 1 5 0 
49 7 0 2 
50 7 6 3 2 0 
51 0 1 2 
52 0 7 6 5 4 1 
53 6 5 7 0 1 4 3 
54 2 5 7 6 4 3 
55 2 6 5 7 
56 5 0 2 
57 0 7 2 6 5 3 
58 0 5 7 4 
59 7 6 5 4 1 0 
60 2 6 1 7 0 
61 1 4 6 5 7 3 2 
62 7 5 4 0 
63 2 1 7 4 0 6 5 
64 3 4 6 5 7 2 
65 5 7 2 6 0 3 
66 1 0 2 3 
67 6 7 1 0 
68 4 6 5 7 3 2 
69 6 1 7 4 0 5 2 
70 3 6 4 2 7 5 0 
71 0 5 7 6 2 
72 0 5 7 4 3 2 
73 5 0 6 4 1 2 
74 7 4 1 0 5 
75 5 7 6 2 
76 3 2 0 
77 6 5 7 4 3 2 
78 5 4 1 0 
79 1 7 6 0 
80 2 7 5 4 6 
81 7 6 5 4 
82 1 7 4 0 6 5 2 
83 4 3 2 0 
84 7 3 6 2 
85 7 1 6 0 
86 6 3 7 2 0 
87 4 6 5 7 2 
88 7 4 5 0 6 2 1 3 
89 5 3 7 2 6 
90 3 6 7 5 4 2 
91 6 5 0 4 1 2 
92 0 7 5 4 6 
93 6 4 2 3 0 
94 7 5 6 4 3 2 
95 2 3 6 7 
96 1 7 6 0 
97 4 0 2 5 1 
98 6 5 4 3 2 
99 4 5 0 6 1 2 
100 2 4 1 5 0 
101 2 6 5 7 4 
102 0 6 1 2 7 5 
103 0 2 
104 1 2 7 6 
105 5 7 4 6 
106 1 7 4 5 3 6 2 
107 0 3 6 2 7 
108 5 7 0 1 2 6 4 
109 0 6 2 3 7 1 
110 1 4 7 6 5 0 
111 1 5 7 0 4 3 
112 3 2 0 
113 7 2 6 3 0 5 
114 7 4 5 0 
115 0 2 7 6 1 
116 0 6 7 5 4 2 
117 6 5 7 4 3 2 
118 2 6 1 7 5 
119 2 1 7 6 0 
120 5 6 7 4 2 
121 0 7 4 5 3 6 2 
122 0 6 5 7 4 
123 7 6 5 2 
124 2 6 3 7 0 
125 1 4 7 6 5 0 
126 7 5 6 2 
127 2 7 5 4 6 
128 3 7 4 6 5 
129 4 7 2 5 6 
130 1 5 4 2 
131 7 5 6 2 
132 6 4 2 3 0 
133 6 0 2 
134 3 7 6 5 4 1 0 
135 1 7 4 0 6 5 2 
136 1 6 4 0 5 3 
137 5 7 6 2 
138 7 3 0 2 
139 5 2 3 7 0 
140 3 5 7 6 4 2 
141 7 4 2 3 0 
142 5 2 6 3 0 7 
143 1 2 3 7 0 
144 2 4 5 0 
145 7 3 2 6 
146 1 3 2 0 
147 4 7 6 0 1 5 3 
148 7 5 4 3 2 
149 7 5 4 6 2 
150 6 4 5 7 0 2 1 3 
151 5 4 7 6 0 
152 6 7 5 4 2 
153 5 1 4 2 
154 3 2 7 0 
155 6 0 4 7 5 1 2 
156 0 5 4 7 6 2 
157 7 6 5 4 
158 7 1 6 0 
159 2 6 4 3 7 5 0 
160 1 6 7 0 
161 6 7 2 5 0 3 
162 6 1 7 0 
163 4 0 2 5 1 
164 2 4 5 0 3 1 
165 2 0 4 6 7 5 1 
166 0 3 6 2 7 
167 0 6 2 3 4 5 7 
168 1 6 5 7 4 
169 5 6 4 3 2 7 0 
170 1 6 2 3 7 
171 1 3 6 2 7 
172 5 4 7 3 2 
173 0 7 6 5 4 1 
174 1 4 7 5 3 2 
175 1 7 4 0 6 5 2 
176 3 5 6 7 2 
177 7 6 1 2 5 
178 5 7 6 0 1 4 3 
179 0 7 6 5 4 1 
180 0 4 7 5 3 2 
181 6 2 3 7 1 
182 2 6 1 7 0 
183 2 0 5 1 
184 4 7 1 6 0 
185 1 2 3 0 
186 0 1 7 6 
187 7 4 6 5 3 2 
188 2 5 7 0 1 4 3 
189 1 5 7 4 0 
190 7 1 4 0 6 5 2 
191 2 0 3 1 
192 3 0 4 6 7 5 1 2 
193 5 3 2 0 
194 1 5 6 7 2 
195 7 6 5 4 1 0 
196 6 5 0 4 1 2 
197 7 5 4 3 2 
198 3 7 6 0 
199 0 7 5 3 4 6 
200 0 5 6 7 2 
201 5 7 0 3 4 6 
202 7 6 2 3 1 
203 5 3 7 2 6 
204 2 6 3 4 0 5 7 
205 6 5 4 7 2 
206 5 7 0 4 6 2 
207 1 5 7 6 2 
208 2 5 1 4 
209 7 4 5 3 6 2 
210 1 6 4 0 5 3 
211 4 7 6 5 2 
212 7 0 5 6 1 4 2 
213 7 4 5 3 6 2 
214 6 1 2 4 0 
215 5 7 4 6 
216 6 2 3 0 7 5 
217 5 1 7 6 0 
218 3 2 0 
219 6 7 5 2 
220 0 4 7 6 5 
221 6 3 2 7 
222 7 2 6 5 0 3 
223 2 7 6 5 
224 1 0 4 6 7 5 2 
225 6 4 5 7 0 2 1 3 
226 6 1 7 0 
227 4 5 7 0 
228 2 7 5 4 6 
229 2 6 3 7 1 
230 0 7 6 5 2 
231 0 7 1 6 
232 1 4 5 2 0 3 
233 4 7 6 0 
234 1 2 3 0 
235 1 6 7 5 4 2 
236 5 0 4 6 7 1 2 
237 0 5 7 4 
238 1 5 4 7 6 2 
239 1 6 2 7 5 
240 7 6 5 4 1 0 
241 7 0 5 6 1 4 2 
242 7 1 0 5 4 
243 0 6 3 7 2 
244 1 5 6 7 2 
245 4 7 0 1 2 6 5 
246 3 4 6 5 7 2 
247 2 6 7 5 4 
248 5 7 4 0 
249 0 6 7 5 4 2 
250 0 4 6 7 5 1 2 
251 7 6 5 4 2 
252 2 5 7 6 4 3 
253 1 4 5 2 0 3 
254 6 2 3 1 7 
255 2 4 5 3 6 
256 3 0 2 
257 5 4 6 7 3 2 
258 2 5 7 4 0 
259 4 5 2 0 3 1 
260 6 3 7 2 
261 6 5 7 2 
262 3 5 7 4 2 
263 0 1 2 4 
264 0 5 7 4 
265 5 7 4 3 6 2 
266 7 6 3 2 0 
267 5 2 3 6 1 7 
268 3 6 7 2 0 
269 6 0 5 7 1 4 2 
270 5 1 2 4 0 
271 1 6 2 3 7 
272 2 5 6 7 
273 5 7 6 0 
274 1 5 4 2 
275 4 5 7 6 3 2 
276 4 5 1 2 
277 7 4 5 3 6 2 
278 4 1 5 0 
279 5 6 7 1 0 
280 4 0 2 5 1 
281 4 7 0 1 2 6 5 
282 3 4 5 2 0 1 
283 6 2 3 0 7 5 
284 0 5 4 7 6 2 
285 6 5 7 4 
286 6 2 3 1 7 
287 2 6 4 3 7 5 0 
288 1 3 2 0 
289 6 7 1 0 
290 6 1 0 2 
291 4 6 7 1 0 
292 2 4 7 5 6 
293 2 4 6 5 7 3 
294 0 5 6 7 2 
295 0 6 1 2 7 5 
296 1 7 6 0 5 4 3 
297 5 7 4 6 
298 1 5 7 6 4 3 2 
299 1 2 4 0 
300 5 2 7 6 1 
301 0 4 7 1 5 
302 1 7 4 5 3 6 2 
303 1 2 7 6 
304 3 5 7 0 4 6 2 
305 7 4 2 3 0 
306 7 4 6 5 
307 2 7 6 0 
308 0 6 1 2 7 5 
309 6 5 7 0 1 4 3 
310 2 7 1 6 0 
311 2 7 0 1 6 5 4 
312 5 4 6 7 3 2 
313 0 6 4 3 2 7 5 
314 1 3 0 2 
315 6 3 7 2 0 
316 2 1 7 6 0 
317 1 6 5 7 2 
318 7 5 0 1 4 3 
319 2 6 3 7 1 
320 7 2 6 5 0 3 
321 5 4 2 0 3 1 
322 0 7 6 
323 7 6 1 2 5 
324 6 3 0 2 
325 6 2 7 1 
326 3 1 2 4 0 
327 0 6 7 5 4 2 
328 0 7 4 6 5 
329 5 1 4 2 
330 7 1 0 2 
331 5 7 6 2 
332 3 6 4 0 1 5 
333 6 5 7 2 
334 5 6 4 0 1 3 
335 1 4 7 0 5 
336 3 4 7 2 5 6 
337 7 5 0 4 6 2 
338 0 2 3 7 
339 4 5 7 6 3 2 
340 7 4 6 5 3 2 
341 6 7 0 
342 6 7 1 0 
343 5 4 2 0 3 1 
344 6 7 2 5 0 3 
345 5 7 6 4 1 0 
346 4 5 7 6 2 
347 0 2 3 
348 0 5 1 4 2 
349 4 2 6 3 0 7 5 
350 7 6 1 0 
351 2 5 4 7 6 
352 1 2 3 6 7 
353 6 1 7 4 0 5 2 
354 6 4 5 7 0 2 1 3 
355 4 1 7 0 6 5 2 
356 3 4 7 2 5 6 
357 2 3 0 
358 1 7 6 5 4 0 
359 1 2 6 3 0 7 5 
360 3 4 7 2 5 6 
361 5 4 7 2 6 
362 2 7 5 0 3 4 6 
363 1 7 6 5 2 
364 4 5 0 6 1 2 
365 0 4 2 3 
366 1 0 2 5 
367 1 0 2 3 
368 3 0 2 
369 7 3 0 2 
370 7 6 5 4 2 
371 1 0 2 
372 0 1 5 4 
373 6 4 5 7 3 2 
374 2 4 7 1 0 5 
375 2 7 0 1 6 5 4 
376 5 7 4 3 6 2 
377 0 7 4 6 5 
378 0 2 
379 7 4 5 0 
380 2 7 5 4 6 
381 1 4 5 7 0 6 2 3 
382 4 7 6 0 
383 2 1 0 5 4 
384 3 6 2 4 0 5 7 
385 5 4 7 2 6 
386 1 4 7 6 5 0 
387 7 6 1 2 5 
388 4 6 5 7 
389 4 7 6 5 
390 2 1 4 0 
391 0 7 1 2 6 5 4 
392 0 5 7 4 6 2 
393 5 6 7 2 
394 4 1 7 6 0 
395 5 6 7 1 0 
396 2 5 0 6 4 1 
397 6 5 4 7 2 
398 5 1 0 2 
399 1 5 0 6 4 2 
400 3 4 5 6 2 
401 7 2 6 5 0 3 
402 0 4 6 7 5 1 2 
403 4 2 6 3 0 7 5 
404 7 3 2 0 
405 7 6 5 2 
406 6 4 2 3 0 
407 5 1 0 2 
408 6 2 3 0 
409 5 4 7 0 6 2 1 3 
410 3 4 5 6 2 
411 6 3 0 2 
412 1 4 2 3 0 
413 6 4 2 3 0 
414 4 6 3 7 2 0 
415 2 7 6 5 0 3 
416 1 4 5 7 0 6 2 3 
417 6 4 5 2 0 3 1 
418 4 7 6 5 2 
419 4 1 5 0 
420 2 4 6 5 7 3 
421 2 1 7 4 0 6 5 
422 0 2 3 1 
423 0 6 7 5 4 2 
424 0 4 2 3 
425 5 7 4 0 
426 0 5 7 6 2 
427 1 3 2 0 
428 5 6 1 2 7 
429 0 6 5 7 2 
430 1 7 6 0 
431 0 5 7 4 6 2 
432 3 2 6 1 7 
433 7 6 0 
434 5 1 7 4 0 6 2 
435 0 4 7 1 5 
436 0 4 7 5 3 2 
437 6 7 5 4 
438 3 5 4 6 2 
439 2 3 7 6 
440 5 4 3 6 2 
441 0 5 6 7 1 4 2 
442 1 5 7 4 3 2 
443 7 4 1 0 5 
444 3 7 5 0 4 6 
445 1 2 6 3 0 7 5 
446 7 3 0 2 
447 2 4 5 3 6 
448 3 4 7 1 0 5 
449 5 4 7 6 0 
450 1 3 2 0 
451 7 2 6 3 0 5 
452 6 5 7 0 1 4 3 
453 6 1 0 5 4 
454 3 7 4 5 6 2 
455 0 5 7 6 4 3 2 
456 0 3 6 2 7 
457 4 1 5 0 
458 6 4 2 3 0 
459 5 6 1 7 0 
460 3 4 7 6 5 0 
461 6 3 0 2 
462 5 3 2 0 
463 1 6 2 3 4 0 5 7 
464 2 1 4 0 
465 7 5 4 6 
466 1 5 0 6 4 2 
467 4 5 6 7 2 
468 7 2 6 3 0 5 
469 7 5 6 2 
470 6 7 0 1 5 4 3 
471 5 7 6 2 
472 6 7 5 0 3 4 
473 5 4 2 0 3 1 
474 3 7 5 4 6 
475 6 2 3 0 7 5 
476 0 3 7 2 6 
477 6 3 7 2 
478 7 3 2 6 
479 2 0 3 1 
480 1 6 2 3 4 0 5 7 
481 6 3 2 0 
482 6 5 0 4 1 2 
483 4 7 6 0 1 5 3 
484 2 6 5 7 4 
485 2 0 5 1 
486 0 5 7 4 3 2 
487 0 5 6 4 1 2 
488 1 6 4 0 5 3 
489 5 7 4 6 
490 1 3 0 2 
491 1 4 7 2 5 6 
492 5 7 0 4 6 2 
493 0 7 6 5 2 
494 1 4 7 2 5 6 
495 1 4 5 0 
496 3 5 7 0 1 4 
497 7 3 2 6 
498 6 5 7 4 3 2 
499 0 4 2 3 
500 0 2 3 7 
501 6 1 0 5 4 
502 2 5 7 4 3 
503 2 4 5 0 3 1 
504 5 3 6 2 7 
505 0 6 4 3 2 7 5 
506 0 3 2 
507 7 1 0 5 4 
508 2 4 5 7 0 6 1 3 
509 1 4 7 2 5 6 
510 7 1 0 5 4 
511 2 3 7 0 
512 3 6 5 7 2 
513 5 7 6 0 
514 1 6 7 0 
515 7 6 2 3 4 0 5 
516 6 1 0 5 4 
517 6 5 7 2 
518 3 2 7 0 
519 0 5 7 4 3 2 
520 0 2 3 
521 5 4 3 6 2 
522 7 1 0 5 4 
523 5 7 6 2 
524 3 6 7 5 4 2 
525 6 5 7 4 3 2 
526 5 7 6 2 
527 1 7 5 0 3 4 6 
528 2 7 6 5 4 
529 7 6 5 4 2 
530 1 0 2 5 
531 4 1 2 0 
532 7 4 5 3 2 
533 7 6 2 3 4 0 5 
534 6 4 5 3 2 
535 5 4 1 0 
536 6 7 1 0 
537 5 1 0 4 
538 3 5 7 6 2 
539 6 4 5 0 
540 0 6 5 7 4 
541 6 2 3 0 
542 7 4 1 5 0 
543 2 5 1 4 
544 1 0 5 6 7 4 2 
545 6 5 7 0 4 2 
546 6 1 0 5 4 
547 4 5 3 6 2 
548 2 1 7 6 0 
549 2 6 7 5 4 
550 0 2 3 7 
551 0 7 6 5 4 2 
552 1 7 6 0 5 4 3 
553 5 4 3 6 2 
554 1 0 4 6 7 5 2 
555 1 7 6 0 
556 5 7 6 0 1 4 3 
557 0 5 7 1 4 3 
558 1 7 5 0 3 4 6 
559 1 6 7 0 
560 3 4 5 2 0 1 
561 6 2 7 1 
562 7 0 1 2 6 5 4 
563 0 7 6 
564 0 6 1 7 
565 6 0 2 
566 2 7 0 1 6 5 4 
567 2 5 4 3 6 
568 5 7 2 6 0 3 
569 0 5 6 7 1 4 2 
570 0 4 5 
571 7 6 1 0 
572 2 3 0 
573 1 0 2 5 
574 7 6 4 3 2 5 0 
575 2 6 3 4 0 5 7 
576 3 7 6 0 1 5 4 
577 5 6 4 0 1 3 
578 1 4 7 5 3 2 
579 7 2 3 0 
580 7 6 5 4 2 
581 6 4 2 3 0 
582 3 0 2 1 
583 0 7 5 3 4 6 
584 0 1 2 
585 5 0 6 7 1 4 2 
586 7 2 6 3 0 5 
587 5 0 2 1 
588 3 0 2 5 1 
589 6 3 7 2 0 
590 5 4 0 
591 1 2 7 6 
592 2 4 1 5 0 
593 7 6 1 0 
594 1 4 5 0 
595 4 7 6 5 2 
596 6 7 5 4 1 0 
597 7 4 6 5 
598 6 5 7 0 4 2 
599 5 0 2 
600 6 5 7 0 4 2 
601 5 0 2 
602 3 2 7 6 1 
603 6 4 7 2 5 
604 0 5 6 7 1 4 2 
605 6 0 2 3 1 
606 7 0 4 6 5 1 2 
607 2 7 6 5 0 3 
608 1 6 2 3 7 
609 6 3 2 7 
610 6 2 3 1 7 
611 4 7 6 5 0 
612 2 6 3 7 0 
613 2 6 4 3 7 5 0 
614 0 5 7 4 3 2 
615 0 5 4 3 6 2 
616 1 0 2 3 
617 5 4 1 0 
618 1 7 6 0 
619 1 7 4 5 3 6 2 
620 5 6 7 4 2 
621 0 6 4 1 5 3 
622 1 5 4 3 6 2 
623 1 5 4 2 
624 3 5 7 6 4 2 
625 7 0 1 2 6 5 4 
626 7 5 4 6 
627 0 3 2 
628 0 1 5 4 
629 6 4 7 5 0 
630 2 3 0 
631 2 4 5 0 3 1 
632 5 7 0 1 4 3 
633 0 3 6 2 7 
634 0 4 5 
635 7 4 1 5 0 
636 2 0 4 6 7 5 1 
637 1 4 6 5 7 3 2 
638 7 6 5 2 
639 2 0 3 1 
640 3 6 5 7 2 
641 5 4 7 3 2 
642 1 5 6 7 2 
643 7 6 5 4 2 
644 6 2 3 4 0 5 7 
645 6 3 7 2 
646 3 7 1 6 0 
647 0 1 2 4 
648 0 2 3 7 
649 5 0 2 3 1 
650 7 0 5 6 1 4 2 
651 5 7 2 6 0 3 
652 3 5 7 0 1 4 
653 6 1 7 0 
654 5 1 7 6 0 
655 1 5 0 6 4 2 
656 2 0 
657 7 6 2 3 1 
658 1 2 7 6 
659 4 7 6 5 2 
660 7 3 2 0 
661 7 6 1 2 5 
662 6 7 1 0 
663 5 2 3 7 0 
664 6 5 7 4 3 2 
665 5 6 4 3 2 7 0 
666 3 4 7 2 5 6 
667 6 5 4 7 2 
668 0 4 2 3 
669 6 7 0 1 5 4 3 
670 7 2 3 0 
671 2 4 5 7 0 6 1 3 
672 3 2 6 1 7 
673 6 5 4 3 2 
674 6 2 7 1 
675 4 5 7 3 2 
676 2 5 0 6 4 1 
677 2 1 4 0 
678 3 4 5 6 2 
679 0 5 7 4 6 2 
680 3 5 4 6 2 
681 5 6 7 2 
682 2 1 4 0 
683 1 2 4 0 
684 5 4 7 1 0 
685 0 5 7 6 2 
686 1 4 5 0 
687 1 5 4 3 6 2 
688 3 0 2 
689 7 1 4 0 6 5 2 
690 7 4 5 3 6 2 
691 2 3 7 0 
692 0 7 1 2 6 5 4 
693 6 4 0 1 5 3 
694 2 7 5 0 3 4 6 
695 2 7 6 5 4 
696 5 1 7 4 0 6 2 
697 0 4 5 7 6 2 1 3 
698 3 2 7 0 
699 7 5 0 3 4 6 
700 2 0 4 6 7 5 1 
701 1 0 2 
702 7 6 3 2 0 
703 2 6 3 7 0 
704 3 4 2 0 
705 5 1 0 2 
706 2 4 7 1 0 5 
707 7 6 5 4 2 
708 6 7 2 5 0 3 
709 6 4 0 1 5 3 
710 3 6 4 2 7 5 0 
711 2 7 1 6 0 
712 0 3 7 2 6 
713 5 7 6 4 2 
714 6 4 0 1 5 3 
715 5 6 2 3 4 0 7 
716 3 6 7 2 0 
717 6 7 4 5 3 2 
718 5 2 7 6 1 
719 2 0 5 1 
720 2 5 7 4 0 
721 7 0 1 2 6 5 4 
722 1 2 3 0 
723 4 5 0 
724 7 0 2 3 1 
725 7 4 2 3 0 
726 6 3 2 7 
727 5 2 3 0 
728 6 7 0 1 5 4 3 
729 5 2 3 0 
730 3 6 1 7 0 
731 6 3 7 2 
732 0 2 3 7 
733 6 5 4 7 2 
734 7 0 2 
735 2 7 6 5 4 1 0 
736 3 0 2 5 1 
737 6 1 7 0 
738 7 1 4 0 6 5 2 
739 4 7 5 3 2 
740 2 1 0 5 4 
741 2 1 4 0 
742 3 5 6 7 2 
743 0 6 2 3 4 5 7 
744 3 4 7 6 5 0 
745 5 7 0 1 2 6 4 
746 2 4 5 0 3 1 
747 1 0 4 6 7 5 2 
748 5 6 2 3 7 1 
749 0 3 7 2 6 
750 1 7 6 0 
751 1 0 5 6 7 4 2 
752 3 5 4 6 2 
753 6 5 7 4 
754 7 6 1 0 
755 2 4 7 6 5 0 
756 0 7 6 5 4 2 
757 6 5 7 2 
758 2 6 1 7 0 
759 2 7 1 6 0 
760 5 6 4 0 1 3 
761 0 5 4 3 6 2 
762 3 4 6 5 7 2 
763 7 6 1 2 5 
764 2 7 0 1 6 5 4 
765 1 6 7 0 
766 7 6 2 3 4 0 5 
767 3 4 5 0 
768 3 7 4 5 6 2 
769 5 7 4 6 
770 2 4 5 3 6 
771 7 1 6 0 
772 6 2 3 1 7 
773 6 2 3 7 1 
774 3 5 1 4 2 
775 2 6 5 7 
776 0 6 5 7 2 
777 5 4 7 1 0 
778 7 6 1 2 5 
779 5 3 0 2 
780 3 7 4 5 6 2 
781 6 5 7 2 
782 5 6 7 1 0 
783 2 3 6 1 7 
784 2 7 6 5 4 1 0 
785 7 6 0 1 5 4 3 
786 1 2 3 6 7 
787 4 7 6 0 1 5 3 
788 7 5 4 6 2 
789 7 4 2 5 6 
790 6 0 2 
791 5 2 3 7 0 
792 6 0 5 7 1 4 2 
793 5 4 7 6 0 
794 3 1 7 6 0 
795 6 2 3 4 0 5 7 
796 0 3 6 2 7 
797 6 7 5 0 3 4 
798 7 1 0 5 4 
799 2 6 1 7 5 
800 3 5 1 4 2 
801 6 7 1 0 
802 6 0 5 7 1 4 2 
803 4 7 2 6 5 0 3 
804 2 1 7 4 0 6 5 
805 2 7 0 1 6 5 4 
806 3 7 5 0 4 6 
807 0 7 1 6 
808 3 7 6 0 
809 5 7 0 4 6 2 
810 2 4 5 0 
811 1 3 2 0 
812 5 2 7 6 1 
813 0 5 7 6 4 3 2 
814 1 6 5 7 4 
815 1 4 7 5 3 2 
816 3 4 5 0 
817 7 6 1 2 5 
818 7 6 0 
819 2 5 4 7 6 
820 0 4 7 1 5 
821 6 5 7 0 1 4 3 
822 2 7 5 0 3 4 6 
823 2 1 4 0 
824 5 4 7 6 2 
825 0 7 1 2 6 5 4 
826 3 5 1 4 2 
827 7 5 6 2 
828 3 4 7 5 2 
829 1 3 2 0 
830 7 0 4 6 5 1 2 
831 3 7 2 6 5 0 
832 3 7 6 5 2 
833 5 7 6 4 2 
834 2 7 4 5 3 6 
835 7 6 1 0 
836 7 5 0 1 4 3 
837 6 5 7 2 
838 3 4 6 5 7 2 
839 3 7 2 6 
840 0 6 4 1 5 3 
841 5 7 6 4 1 0 
842 7 6 3 2 0 
843 5 4 0 
844 3 6 7 2 0 
845 6 7 5 4 2 
846 5 4 0 
847 3 6 5 7 2 
848 3 5 4 6 2 
849 6 7 5 4 
850 1 3 7 2 6 
851 4 5 7 6 2 
852 7 6 3 2 0 
853 7 0 2 3 1 
854 6 1 0 2 
855 5 7 4 6 
856 4 2 3 7 0 
857 5 4 7 1 0 
858 3 2 7 0 
859 4 5 7 6 3 2 
860 0 2 6 3 7 5 
861 4 2 6 3 0 7 5 
862 4 2 7 6 1 
863 3 6 5 7 4 
864 3 7 4 6 5 
865 4 7 6 5 2 
866 4 7 5 0 3 6 
867 4 7 6 5 
868 3 2 0 
869 3 4 5 0 
870 3 5 7 6 2 
871 0 1 7 4 6 5 2 
872 3 7 6 5 4 2 
873 5 2 3 6 1 7 
874 2 6 3 7 1 
875 1 6 2 3 7 
876 5 4 7 1 0 
877 0 3 2 
878 1 7 6 0 5 4 3 
879 1 4 5 7 0 6 2 3 
880 3 5 7 6 2 
881 4 3 7 2 6 
882 5 4 3 6 2 
883 2 4 5 7 0 6 1 3 
884 0 6 7 1 
885 4 5 7 6 2 
886 3 6 5 7 2 
887 2 3 6 7 
888 5 4 7 3 2 
889 0 4 7 5 3 2 
890 3 7 6 5 2 
891 4 5 0 6 1 2 
892 3 5 7 6 2 
893 1 5 7 4 3 2 
894 4 6 2 3 0 5 7 
895 3 4 6 5 7 2 
896 3 0 4 6 7 5 1 2 
897 4 5 7 3 2 
898 2 7 6 1 
899 4 0 2 5 1 
900 4 5 7 0 6 2 
901 4 2 3 6 1 7 
902 3 6 4 2 7 5 0 
903 3 5 7 6 2 
904 4 7 6 0 1 5 3 
905 4 7 6 5 1 0 
906 4 5 3 6 2 
907 4 6 7 5 2 
908 3 6 7 1 0 
909 4 1 0 2 
910 4 6 7 1 0 
911 3 4 1 5 0 
912 3 5 4 7 6 2 
913 5 6 1 7 0 
914 4 6 7 1 0 
915 4 1 0 2 
916 4 5 7 0 
917 4 0 2 3 1 
918 4 7 5 0 3 6 
919 4 1 7 6 0 
920 4 0 2 3 1 
921 4 7 6 5 2 
922 3 5 7 4 2 
923 0 2 
924 1 3 0 2 
925 4 7 6 5 2 
926 4 7 2 6 5 0 3 
927 3 0 2 5 1 
928 1 0 2 5 
929 4 5 3 6 2 
930 4 2 3 6 1 7 
931 4 5 7 0 
932 3 5 7 4 2 
933 3 6 2 7 1 
934 7 5 0 4 6 2 
935 4 5 1 2 
936 7 2 6 1 
937 4 6 2 3 0 5 7 
938 6 7 4 5 
939 1 0 4 6 7 5 2 
940 4 7 1 6 0 
941 4 5 7 0 
942 1 4 5 0 
943 4 6 7 5 2 
944 3 0 2 1 
945 4 5 3 6 2 
946 5 7 6 2 
947 2 0 
948 1 4 5 0 
949 4 7 6 5 
950 5 4 7 0 6 2 1 3 
951 2 4 7 5 3 
952 4 6 1 7 0 
953 4 1 0 2 
954 0 4 2 3 
955 4 6 5 7 2 
956 4 5 3 6 2 
957 1 5 4 3 6 2 
958 4 7 6 5 0 
959 4 6 7 1 0 
960 3 2 6 1 7 
961 4 7 5 6 
962 2 7 4 6 5 
963 4 6 3 2 7 5 0 
964 4 5 1 2 
965 4 0 5 6 7 1 2 
966 3 7 6 0 1 5 4 
967 3 4 5 6 2 
968 0 6 2 3 7 1 
969 4 6 1 2 7 5 
970 4 1 7 6 0 
971 4 1 7 0 6 5 2 
972 3 1 0 2 
973 4 7 1 0 5 
974 4 5 7 0 
975 3 1 2 4 0 
976 3 4 1 5 0 
977 5 4 7 2 6 
978 1 7 6 0 5 4 3 
979 4 7 5 3 2 
980 4 5 2 0 3 1 
981 4 5 1 2 
982 4 6 3 2 7 5 0 
983 4 5 7 0 6 2 1 3 
984 4 5 6 7 2 
985 4 0 5 6 7 1 2 
986 3 4 5 2 0 1 
987 4 1 7 6 0 
988 0 6 1 2 7 5 
989 4 6 0 1 5 3 
990 4 7 5 0 3 6 
991 3 4 7 2 5 6 
992 3 4 7 1 0 5 
993 4 6 2 3 7 1 
994 4 7 6 5 1 0 
995 4 1 2 0 
996 3 5 7 0 1 4 
997 3 5 4 6 2 
998 3 1 0 5 4 
999 0 5 6 7 2 
1000 3 2 6 0 7 5 
1001 4 7 5 3 6 2 
1002 2 1 0 
1003 1 2 7 6 
1004 4 1 0 5 
1005 0 4 5 7 6 2 1 3 
1006 1 5 7 4 0 
1007 1 3 6 2 7 
1008 3 4 5 7 0 6 2 1 
1009 4 6 3 2 7 5 0 
1010 5 0 6 7 1 4 2 
1011 2 7 4 5 3 6 
1012 0 1 2 
1013 4 7 6 5 0 
1014 3 7 5 4 6 
1015 2 6 4 0 1 5 3 
1016 4 3 6 2 7 
1017 0 6 1 7 
1018 3 4 7 5 2 
1019 4 7 6 5 
1020 4 5 7 0 6 2 
1021 4 7 5 6 
1022 4 6 5 7 
1023 4 2 3 6 1 7 
