0 6 3 2 5 
1 3 1 0 4 5 
2 4 1 5 
3 4 3 5 
4 7 3 2 5 4 
5 4 7 6 
6 6 1 4 
7 6 3 2 5 4 
8 1 0 4 
9 4 1 0 5 
10 6 1 4 
11 4 7 5 
12 5 4 
13 1 7 6 4 
14 0 1 4 5 
15 3 2 4 
16 0 3 2 7 
17 6 1 4 5 
18 0 7 4 
19 1 0 4 
20 0 1 4 5 
21 6 1 0 4 
22 5 3 2 4 
23 3 4 5 
24 4 3 2 5 
25 0 3 2 4 
26 2 1 7 
27 0 4 5 
28 1 3 2 5 
29 7 4 
30 3 1 7 
31 5 3 
33 6 3 2 5 
34 7 1 
35 7 3 5 
36 1 3 2 7 
37 4 5 
38 3 1 4 5 
39 4 5 
40 0 4 
41 4 2 1 7 
42 5 3 2 
43 3 1 0 4 5 
44 3 1 0 4 5 
45 2 3 4 5 
46 4 3 2 7 
47 6 7 4 5 
48 3 4 5 
49 0 3 2 7 
50 2 1 0 4 5 
51 0 3 2 5 4 
52 5 4 
53 3 2 5 
54 0 1 4 
55 1 7 4 
56 6 3 2 7 
57 3 2 4 5 
58 5 2 1 7 
59 3 4 5 
60 3 7 6 4 
61 1 4 7 5 
62 5 2 1 7 
63 3 2 1 7 
64 6 4 7 5 
65 3 2 4 5 
67 5 7 6 4 
68 7 4 5 
69 5 2 1 7 
70 6 1 0 4 5 
71 6 7 4 5 
72 1 4 5 
73 4 3 2 7 
74 6 3 2 5 
76 5 1 0 4 
77 1 0 4 
78 0 4 5 
79 3 1 0 4 
80 0 4 
81 6 1 4 5 
82 0 2 1 7 
83 1 4 5 
84 0 7 4 
85 6 4 5 
86 5 1 0 4 
87 3 7 4 
88 4 1 0 5 
89 0 7 6 4 5 
90 2 7 6 4 
91 1 3 2 7 
92 1 4 
93 7 3 2 4 5 
94 3 1 0 4 
95 5 7 4 
96 4 1 0 
97 6 1 0 4 5 
98 6 7 4 
99 6 3 2 7 
100 1 4 5 
101 7 1 4 5 
102 3 7 6 4 
103 7 3 2 
104 0 3 2 4 
106 5 3 2 4 
107 3 7 4 
108 3 4 
109 2 1 0 4 
110 4 1 7 
111 6 3 2 5 
112 1 0 4 5 
113 0 1 7 
114 2 1 0 4 5 
115 0 3 2 4 
116 5 7 6 4 
117 3 1 4 5 
118 0 7 6 4 
119 1 0 4 
120 6 7 4 
121 3 2 4 
122 5 1 4 
123 3 7 4 
124 3 1 0 4 5 
125 1 7 
126 5 7 6 4 
127 2 4 
128 6 3 2 4 
129 3 7 6 4 
130 5 4 
131 4 7 6 
132 7 3 2 4 5 
133 4 3 2 7 
134 6 4 5 
135 6 2 1 7 
136 1 3 5 
137 4 7 6 5 
138 6 1 4 
139 6 7 4 
140 5 1 0 4 
141 1 3 2 4 5 
142 0 1 7 
143 3 7 4 
144 0 1 4 5 
145 6 7 4 5 
146 0 4 5 
147 1 3 2 4 5 
148 0 1 4 5 
149 6 7 4 
150 5 1 0 4 
151 3 1 7 
152 4 3 2 5 
153 0 4 5 
154 2 7 4 
155 0 3 2 4 
156 2 7 6 4 
157 7 1 4 5 
158 3 1 0 4 
159 5 1 0 4 
160 4 7 6 
161 6 3 2 4 5 
162 7 1 0 4 
163 6 1 0 4 5 
164 1 4 5 
165 4 3 2 
166 3 7 4 
167 4 3 5 
168 0 1 4 5 
169 4 1 0 5 
170 5 1 0 4 
171 3 7 4 
172 3 7 4 
173 2 4 5 
174 4 7 
175 6 2 1 7 
176 3 7 6 4 
177 0 7 6 4 
178 2 3 4 5 
179 1 4 5 
180 5 7 4 
181 3 1 0 4 
182 0 7 6 4 
183 1 0 4 5 
184 6 4 5 
185 2 1 0 4 5 
186 5 1 0 4 
187 3 4 7 5 
188 2 3 5 
189 1 2 7 
190 5 2 1 7 
191 3 4 
192 6 3 2 4 
193 3 4 5 
194 4 7 6 
195 4 5 
196 7 3 2 
197 4 1 5 
198 6 1 0 4 
199 6 7 4 
200 1 7 6 4 
201 4 7 
202 6 1 0 4 
203 4 7 6 5 
204 5 3 
205 1 7 6 4 
206 0 3 2 5 4 
207 3 7 6 4 5 
208 0 4 5 
209 6 4 7 5 
210 0 3 5 
211 1 4 
212 0 1 4 
213 6 4 7 5 
214 5 7 6 4 
215 3 4 
216 4 1 7 
217 1 0 4 
218 2 4 5 
219 0 4 
220 1 7 
221 7 4 
222 3 2 4 5 
223 5 4 
224 4 3 2 
225 4 1 0 5 
226 7 1 0 4 
227 7 2 1 
228 1 4 
229 4 1 0 
230 3 4 
231 4 5 
232 0 4 5 
233 4 1 0 
234 5 1 0 4 
235 3 7 6 4 
236 3 2 4 
237 2 1 7 
238 4 7 6 
239 6 7 4 
240 3 4 5 
241 1 4 
242 2 3 4 5 
243 0 1 4 5 
244 5 7 6 4 
245 3 4 
246 0 4 7 5 
247 3 7 6 4 
248 7 2 1 
249 3 7 6 4 
250 5 3 2 4 
251 3 7 6 4 
252 3 1 0 4 
253 2 4 5 
254 5 3 2 4 
255 3 4 7 5 
256 6 3 2 7 
257 3 4 7 5 
258 4 2 1 7 
259 4 5 
260 7 6 4 5 
261 4 7 
262 6 1 4 5 
263 6 7 4 
264 1 2 7 
265 4 3 2 
266 6 1 0 4 5 
267 6 3 2 5 4 
268 5 1 0 4 
269 1 4 
270 1 7 6 4 
271 2 1 0 4 
272 0 7 6 4 
273 6 1 0 4 
274 0 4 5 
275 1 0 4 
276 0 4 5 
277 6 3 2 4 
278 5 4 
279 3 7 6 4 
280 4 1 0 5 
281 0 4 
282 2 4 5 
283 0 1 7 
284 1 7 6 4 
285 7 1 4 5 
286 3 2 5 4 
287 5 1 0 4 
288 4 5 
289 6 4 5 
290 4 3 2 5 
291 6 7 4 
292 1 7 6 4 
293 4 7 5 
294 3 7 6 4 
295 4 7 6 
296 0 3 2 4 5 
297 4 3 2 
298 5 1 0 4 
299 3 7 6 4 
300 3 2 4 
301 2 3 5 
302 4 3 2 
303 6 3 2 4 
304 3 2 5 4 
305 0 3 2 4 5 
306 2 3 4 
307 2 1 0 4 
308 5 7 6 4 
309 3 2 5 
310 3 4 5 
311 1 4 
312 6 4 7 5 
313 3 1 0 4 5 
314 5 1 4 
315 3 1 0 4 5 
316 3 1 0 4 
317 1 7 4 
318 5 3 2 
319 3 1 0 4 
320 6 3 2 4 5 
321 2 4 5 
322 5 1 0 4 
323 4 7 6 
324 7 1 4 
325 4 3 2 
326 6 7 4 
327 6 7 4 
328 1 3 2 4 
329 4 5 
330 6 3 2 5 4 
332 5 3 
333 1 7 6 4 5 
334 0 3 5 
335 0 3 2 5 
336 0 7 6 4 
337 6 3 2 5 4 
338 0 7 4 
339 1 0 4 
340 0 4 7 5 
341 6 1 0 4 
342 5 4 
343 3 4 5 
344 5 3 2 4 
345 0 4 5 
346 2 7 6 4 
347 0 1 4 5 
348 1 4 5 
349 7 1 
350 3 7 6 4 
351 5 7 6 4 
352 5 3 2 4 
353 7 2 1 
354 7 1 0 4 5 
355 6 2 1 7 
356 1 7 6 4 
357 5 1 4 
358 3 4 5 
359 4 1 7 
360 0 7 6 4 
361 4 7 6 
362 5 7 4 
363 3 4 
364 0 3 2 7 
365 2 3 4 5 
366 7 1 0 4 5 
367 6 4 
368 2 3 7 
369 0 1 4 
370 2 3 5 4 
371 0 3 2 7 
372 6 3 2 4 5 
373 3 4 7 5 
374 0 3 2 5 
375 7 4 
376 6 3 2 4 
377 3 2 4 
378 2 3 7 
379 3 1 0 4 5 
380 3 4 
381 1 0 4 5 
382 5 1 0 4 
383 7 3 2 4 5 
384 6 3 5 
385 3 7 6 4 
386 7 1 
387 4 7 6 
388 7 1 4 5 
389 7 3 2 4 
390 7 6 4 
391 6 4 
392 1 3 2 5 4 
393 6 7 4 
394 6 1 0 4 
395 4 7 6 
396 5 3 2 7 
397 1 7 6 4 
398 0 3 2 5 4 
399 3 2 7 
400 0 4 7 5 
401 6 3 2 4 5 
402 0 3 2 4 
403 1 7 
404 0 4 5 
405 6 4 
406 5 3 2 4 
407 1 3 2 5 4 
408 4 1 0 5 
409 0 1 4 5 
410 2 4 7 5 
411 0 1 4 
412 1 3 2 4 5 
413 7 3 2 4 5 
414 3 1 0 4 5 
415 5 3 2 4 
416 5 1 0 4 
417 6 4 5 
418 6 3 2 5 4 
419 6 4 5 
420 3 4 7 5 
421 4 2 1 7 
422 2 4 
423 4 7 6 
424 0 3 2 4 5 
425 4 2 1 7 
426 5 7 6 4 
427 3 4 5 
428 2 7 6 4 
429 4 7 
430 7 4 5 
431 4 3 2 5 
432 3 2 5 4 
433 0 1 4 
434 2 1 7 
435 0 3 2 5 
436 5 7 4 
437 3 4 
438 0 7 4 
439 1 7 6 4 5 
440 6 4 7 5 
441 3 1 4 
442 5 1 4 
443 3 2 5 
444 3 7 4 
445 1 7 
446 5 1 4 
447 3 4 7 5 
448 6 3 2 5 
449 3 1 7 
450 4 5 
451 4 1 7 
452 7 3 2 5 
453 4 3 2 5 
454 5 3 2 4 
455 6 1 0 4 
456 1 7 4 
457 4 5 
458 6 3 2 4 5 
459 4 7 6 
460 5 1 7 
461 1 4 
462 0 4 5 
463 3 5 
464 0 7 6 4 
465 5 4 
466 1 3 2 7 
467 1 7 6 4 
468 0 1 7 
469 4 7 6 5 
470 5 3 2 4 
471 3 7 6 4 5 
472 4 7 
473 0 4 5 
474 2 4 
475 0 1 7 
476 1 7 6 4 5 
477 7 6 4 5 
478 3 7 6 4 5 
479 5 4 
480 4 3 5 
481 4 5 
482 4 3 2 7 
483 6 3 2 4 5 
484 1 4 5 
485 4 1 0 5 
486 3 1 4 5 
487 4 3 2 7 
488 0 3 5 
489 4 3 2 
490 5 1 4 
491 3 7 6 4 
492 3 2 5 4 
493 2 4 
494 4 7 6 
495 5 4 
496 3 2 5 
497 0 7 6 4 5 
498 2 1 0 4 
499 0 3 2 4 5 
500 5 7 4 
501 3 2 4 5 
502 0 1 4 5 
503 1 4 5 
504 6 7 4 
505 3 1 0 4 5 
506 5 1 4 
507 3 2 4 5 
508 3 1 0 4 5 
509 1 7 6 4 
510 5 3 2 4 
511 3 7 4 
512 6 7 4 
513 3 1 0 4 
514 4 7 6 
515 4 3 5 
516 7 3 2 4 5 
517 4 7 6 5 
518 5 7 4 
519 6 1 4 5 
520 1 0 4 5 
521 5 4 7 
522 6 3 2 4 5 
524 5 7 6 4 
525 1 0 4 
526 0 4 
527 3 7 4 
528 0 3 2 5 4 
529 5 3 2 4 
530 0 1 4 5 
531 1 7 6 4 
532 0 7 4 
533 4 3 5 
534 5 4 7 
535 3 4 5 
536 4 5 
537 0 3 2 4 5 
538 2 7 6 4 5 
539 0 1 4 5 
540 1 4 5 
541 7 1 0 4 5 
542 3 4 5 
543 5 4 
544 4 1 
545 4 3 2 5 
546 4 3 2 5 
547 6 4 7 5 
548 0 1 4 
549 4 7 6 
550 3 7 4 
551 4 3 2 5 
552 0 3 2 4 5 
553 4 7 5 
554 5 3 2 4 
555 3 4 5 
556 2 3 4 5 
557 2 3 5 
558 4 7 
559 4 7 6 
560 3 4 5 
561 0 3 2 4 
562 2 4 
563 0 1 4 
564 5 7 6 4 
565 3 2 7 
566 0 4 
567 0 7 4 
568 6 3 2 4 5 
569 3 1 4 
570 5 1 0 4 
571 3 7 6 4 
572 3 4 5 
573 1 0 4 5 
574 5 1 0 4 
575 3 5 
576 6 3 2 4 5 
577 3 5 
578 4 7 
579 4 1 0 5 
580 7 3 2 5 4 
581 4 3 2 5 
582 5 4 
583 6 7 4 
584 1 3 2 5 4 
585 4 1 
586 6 1 7 
587 4 1 0 5 
588 5 1 0 4 
589 1 0 4 5 
590 0 1 4 5 
591 3 2 4 
592 0 4 5 
593 5 7 6 4 
594 0 4 5 
595 1 3 2 5 4 
596 0 4 5 
597 4 3 2 
598 5 3 2 4 
599 3 2 7 
600 4 3 2 5 
601 0 3 2 7 
602 2 3 4 
603 0 7 6 4 
604 1 4 
605 7 4 
606 3 2 4 
607 5 3 2 4 
608 4 1 0 
609 4 7 
610 4 3 2 5 
611 6 1 7 
612 1 0 4 5 
613 4 1 0 5 
614 3 1 4 5 
615 4 7 
616 0 4 
617 4 5 
618 5 1 0 4 
619 3 2 4 
620 3 7 6 4 
621 2 3 5 
622 5 7 4 
623 4 5 
624 3 1 0 4 
625 0 4 
626 2 4 
627 0 4 5 
628 5 3 2 4 
629 2 1 7 
630 0 1 4 
631 1 4 5 
632 6 3 2 5 
633 3 7 4 
634 5 1 0 4 
635 3 4 5 
636 3 2 4 
637 1 4 7 5 
638 5 7 4 
639 3 4 
640 6 7 4 
641 2 7 4 
642 7 6 4 
643 4 7 6 
644 7 3 5 
645 7 6 4 5 
646 5 4 
647 7 6 4 
648 1 7 4 
649 6 4 
650 6 1 4 
651 6 3 2 4 5 
652 5 3 2 
653 1 7 6 4 
654 1 0 4 
655 2 3 7 
656 0 3 2 7 
657 4 1 0 
658 0 3 2 4 
659 1 3 2 5 4 
660 0 4 5 
661 4 7 6 
662 5 7 6 4 
663 2 7 4 
664 7 1 0 4 
665 0 1 4 5 
666 2 7 6 4 
667 0 7 6 4 
668 1 3 2 4 5 
669 7 3 2 4 5 
670 2 1 0 4 5 
671 6 1 0 4 5 
672 6 3 2 5 4 
673 4 7 
674 4 3 2 
675 6 1 4 5 
676 1 3 2 7 
677 7 6 4 
678 2 4 7 5 
679 7 3 2 5 4 
680 0 7 4 
681 4 7 6 
682 7 6 4 
683 2 7 6 4 
684 0 3 2 5 
685 1 7 6 4 5 
686 7 4 5 
687 4 7 
688 2 1 4 
689 0 2 1 7 
690 2 3 4 
691 1 7 4 
692 6 4 
693 2 3 5 
694 0 7 4 
695 0 3 2 5 4 
696 6 2 1 7 
697 2 1 0 4 5 
698 7 4 
699 2 7 4 
700 2 3 4 
701 1 3 2 5 4 
702 5 1 0 4 
703 2 1 0 4 5 
704 6 3 2 4 5 
705 2 3 5 4 
706 7 3 2 5 
707 4 7 6 
708 7 3 2 4 5 
709 7 3 5 
710 5 1 0 4 
711 6 4 5 
712 1 7 6 4 5 
713 6 3 2 5 4 
714 6 3 5 
715 7 3 5 
716 5 1 0 4 
717 1 3 2 4 
718 0 3 2 4 
719 2 1 0 4 5 
720 0 2 1 7 
721 5 4 
722 0 1 4 5 
723 1 0 4 5 
724 0 4 
725 5 3 2 4 
726 5 7 4 
727 2 1 0 4 5 
728 7 3 2 4 5 
729 0 1 4 5 
730 2 7 6 4 
731 0 7 6 4 5 
732 1 7 4 
733 7 6 4 
734 2 3 7 
735 6 4 5 
736 7 1 0 4 5 
737 4 1 0 
738 4 2 1 7 
739 6 7 4 
740 1 3 2 4 5 
741 7 6 4 
742 2 7 6 4 
743 7 3 5 
744 0 1 7 
746 7 4 5 
747 2 3 4 
748 2 1 0 4 
749 2 7 6 4 5 
750 7 4 5 
751 4 1 
752 2 7 4 
753 1 4 5 
754 2 7 6 4 
755 2 1 7 
756 7 3 2 5 4 
757 2 7 6 4 
758 1 7 6 4 
759 3 4 5 
760 6 3 5 
761 2 7 4 
762 5 4 7 
763 2 7 6 4 
764 2 4 
765 1 7 6 4 
766 5 3 
767 2 1 0 4 5 
768 6 3 2 4 
769 2 3 4 
770 7 4 5 
771 5 4 
772 7 3 2 5 4 
773 7 1 0 4 
774 5 4 
775 6 7 4 
776 1 7 4 
777 6 3 2 5 
778 6 7 4 
779 6 1 4 
780 5 3 2 4 
781 1 7 4 
782 0 7 6 4 
783 2 3 5 4 
784 0 4 5 
785 5 3 2 4 
786 0 3 2 5 4 
787 1 3 2 4 5 
788 0 7 6 4 
789 4 7 6 
790 5 3 2 7 
791 1 7 4 
792 7 1 4 
793 0 1 7 
794 2 1 0 4 
795 0 3 5 
796 1 7 4 
797 7 4 
798 2 3 4 5 
799 6 7 4 
800 6 4 5 
801 5 7 6 4 
802 4 1 
803 6 3 2 4 5 
804 1 2 7 
805 7 4 
806 2 7 4 
807 7 4 5 
808 0 1 4 
809 4 3 2 5 
810 7 1 0 4 5 
811 2 4 5 
812 2 3 4 
813 2 1 0 4 
814 7 1 4 5 
815 4 7 
816 1 0 4 5 
817 0 7 6 4 
818 2 1 0 4 
819 0 7 6 4 
820 5 3 2 
821 2 3 5 
822 0 7 4 
823 1 7 6 4 
824 6 7 4 
825 2 4 
826 7 4 5 
827 2 7 6 4 
828 2 7 4 
829 1 4 5 
830 5 3 2 4 
831 2 3 4 5 
832 6 4 
833 4 3 2 5 
834 4 3 2 
835 4 7 6 
836 3 2 5 
837 7 6 4 
838 7 4 5 
839 6 7 4 5 
840 1 3 5 
841 6 4 5 
842 7 1 0 4 5 
843 6 1 0 4 5 
844 5 1 0 4 
845 7 3 2 5 4 
846 3 1 0 4 5 
847 0 7 4 
848 1 7 4 
849 5 4 
850 2 7 6 4 5 
851 1 7 6 4 
852 0 1 4 5 
854 5 3 2 4 
855 2 3 4 
856 7 4 
857 2 3 5 
858 2 7 4 
859 2 1 0 4 
860 1 7 
861 7 1 
862 2 3 4 
863 6 1 4 5 
864 6 3 2 4 
865 6 4 
866 2 7 4 
867 1 3 2 4 
868 0 1 4 5 
869 7 1 0 4 5 
870 2 7 6 4 5 
871 2 1 7 
872 0 3 2 5 4 
873 2 3 5 4 
874 2 1 0 4 
875 2 1 0 4 
876 2 3 5 
877 7 1 4 
878 2 3 4 5 
879 4 1 0 5 
880 7 6 4 5 
881 5 7 6 4 
882 4 7 
883 5 1 0 4 
884 3 7 6 4 
885 7 6 4 
886 5 7 4 
887 7 4 
888 1 7 4 
889 5 7 4 
890 2 4 
891 7 3 2 
892 6 7 4 5 
893 7 1 4 5 
894 3 5 
895 7 4 5 
896 1 3 2 4 
897 5 1 4 
898 2 3 4 
899 1 0 4 5 
900 3 2 5 4 
901 7 3 2 5 4 
902 7 1 0 4 5 
903 1 7 6 4 5 
904 7 3 2 4 5 
905 2 4 5 
906 2 4 7 5 
907 2 7 6 4 
908 2 7 6 4 
909 7 3 2 5 4 
910 0 7 6 4 
911 5 4 
912 7 6 4 
913 6 7 4 
914 7 6 4 
915 1 3 2 5 4 
916 1 2 7 
917 7 4 
918 5 7 4 
919 7 1 0 4 
920 7 4 
921 5 3 2 4 
922 1 4 5 
923 1 3 2 7 
924 5 1 4 
925 1 4 
926 2 3 4 5 
927 6 1 0 4 5 
928 7 1 0 4 5 
929 7 4 
930 2 3 5 4 
931 1 2 7 
932 3 1 4 5 
933 7 1 0 4 
934 2 3 5 4 
935 2 4 5 
936 7 3 2 4 
937 5 3 
938 7 3 2 4 
939 2 3 4 
940 6 4 5 
941 7 2 1 
942 7 1 0 4 5 
943 6 7 4 
944 7 4 
945 5 7 4 
946 7 4 
947 5 3 2 7 
948 7 1 0 4 5 
949 7 3 2 4 
950 5 1 0 4 
951 7 4 
952 7 6 4 
953 5 3 2 4 
954 2 3 4 5 
955 7 4 
956 6 4 7 5 
957 1 7 4 
958 3 1 7 
959 7 6 4 
960 7 3 2 5 4 
961 2 4 
962 7 3 2 4 
963 5 1 0 4 
964 7 4 5 
965 7 1 4 
966 7 3 2 4 5 
967 1 4 7 5 
968 1 0 4 
969 6 7 4 
970 7 1 0 4 
971 7 2 1 
972 5 3 2 4 
973 1 3 2 5 
974 1 2 7 
975 2 7 6 4 
976 7 4 5 
977 6 7 4 
978 7 3 2 4 5 
979 1 7 4 
980 2 4 5 
981 7 4 5 
982 5 1 0 4 
983 2 1 0 4 5 
984 7 6 4 
985 1 4 
986 1 4 5 
987 1 0 4 
988 1 7 6 4 
989 1 3 5 
990 2 7 4 
991 6 7 4 
992 1 3 2 5 
993 7 1 0 4 
994 2 4 5 
995 1 7 6 4 
996 1 3 2 5 
997 7 4 
998 5 3 2 4 
999 7 6 4 
1000 1 7 
1001 2 3 4 
1002 2 3 5 4 
1003 2 3 4 
1004 6 3 2 4 5 
1005 7 1 0 4 5 
1006 2 1 7 
1007 6 7 4 
1008 7 1 0 4 5 
1009 5 1 0 4 
1010 2 1 4 
1011 5 3 2 4 
1012 3 2 5 4 
1013 2 1 7 
1014 5 4 
1015 7 3 5 
1016 1 7 4 
1017 2 7 6 4 
1018 2 7 4 
1019 7 3 2 4 
1020 6 3 2 5 4 
1021 7 4 
1022 3 1 4 5 
1023 7 3 2 5 4 
