0 5 3 2 1 0 
1 0 4 5 1 
2 5 0 1 
3 2 7 5 6 0 
4 7 3 4 5 1 0 
5 3 0 1 
6 4 2 7 5 6 0 
7 4 3 2 7 1 0 
8 0 3 5 7 1 
9 0 1 
10 2 3 1 0 
11 0 1 4 7 6 
12 6 2 4 7 5 1 
13 1 2 3 0 
14 1 4 0 
15 1 2 5 7 0 
16 1 0 
17 6 3 4 1 0 
18 4 7 6 1 0 
19 1 3 4 0 
20 7 3 2 0 
21 2 4 7 0 1 
22 0 1 
23 0 1 7 4 6 
24 3 2 4 5 7 1 
25 5 3 0 1 
26 6 4 7 0 1 
27 4 3 2 1 
28 4 1 0 
29 2 3 0 
30 5 2 3 4 0 1 
31 7 2 4 5 6 1 
32 2 1 3 0 
33 4 0 
34 0 3 4 5 1 
35 7 0 4 5 1 
36 1 3 2 4 7 0 
37 6 3 2 4 1 
38 7 3 2 4 1 
39 7 3 5 1 0 
40 3 0 1 
41 3 2 0 
42 3 2 4 7 5 6 1 
43 5 2 3 0 
44 6 4 5 1 0 
45 6 3 4 5 1 0 
46 7 3 1 0 
47 1 4 7 6 0 
48 1 0 4 7 5 6 
49 0 3 2 4 7 1 
50 0 3 1 
51 7 1 4 6 0 
52 1 2 3 4 5 0 
53 7 1 4 6 0 
54 2 0 4 7 5 6 1 
55 1 0 4 5 
56 4 7 0 1 
57 3 7 4 6 1 0 
58 5 3 4 1 0 
59 7 2 5 6 0 
60 5 0 1 
61 7 3 1 0 
62 4 7 6 1 0 
63 3 0 4 5 1 
64 5 4 1 0 
65 0 2 3 
66 5 3 4 1 0 
67 2 7 5 6 0 
68 7 2 5 0 
69 3 1 7 4 6 0 
70 4 0 1 
71 4 0 5 1 
72 1 2 3 0 
73 0 2 5 7 
74 2 3 0 
75 0 2 3 4 5 1 
76 6 1 4 7 0 
77 1 0 
78 0 2 7 5 6 
79 0 1 3 2 
80 1 0 4 7 5 6 
81 6 2 4 7 5 1 
82 4 2 7 5 6 0 
83 1 3 2 4 
84 7 2 3 0 
85 2 3 1 0 
86 0 2 3 
87 0 4 5 1 
88 3 4 1 0 
89 6 3 4 5 1 0 
90 6 3 4 1 0 
91 4 3 1 0 
92 4 0 7 5 6 1 
93 2 3 4 5 0 1 
94 5 0 4 1 
95 7 2 3 0 
96 3 7 4 6 1 0 
97 4 3 2 1 
98 0 3 2 4 1 
99 7 4 6 0 1 
100 0 3 4 5 1 
101 6 4 7 0 1 
102 7 2 3 0 
103 7 3 2 4 1 
104 3 1 4 7 6 0 
105 3 5 7 1 0 
106 3 2 4 7 5 6 1 
107 5 0 1 
108 6 1 4 7 0 
109 6 3 2 0 
110 7 2 3 0 
111 1 2 3 0 
112 1 3 0 
113 2 3 4 5 0 1 
114 3 4 1 0 
115 7 3 4 1 0 
116 1 3 0 
117 7 3 2 4 1 
118 2 3 0 
119 1 7 4 6 0 
120 4 0 1 
121 3 2 4 1 
122 5 3 2 1 0 
123 6 3 4 5 1 0 
124 5 3 4 1 0 
125 6 4 7 0 1 
126 4 3 1 0 
127 3 4 5 1 0 
128 5 1 7 4 6 0 
129 0 4 5 1 
130 5 4 7 6 0 1 
131 2 0 1 
132 7 4 0 
133 3 0 1 
134 4 3 1 0 
135 5 0 1 
136 1 4 7 6 0 
137 2 3 4 1 
138 2 3 4 7 1 0 
139 0 3 2 1 
140 6 3 2 4 1 
141 2 3 4 7 1 0 
142 0 1 7 4 6 
143 1 3 2 0 
144 3 4 1 0 
145 6 4 5 1 0 
146 4 3 2 1 0 
147 1 2 4 7 5 6 
148 7 3 2 4 1 
149 2 1 4 7 6 0 
150 0 2 3 
151 0 7 4 6 1 
152 3 0 1 
153 6 7 4 1 0 
154 6 3 2 4 1 
155 4 0 
156 4 2 3 0 
157 2 0 1 
158 5 4 7 0 1 
159 7 3 5 1 0 
160 3 4 5 1 0 
161 4 7 6 1 0 
162 0 2 3 4 5 1 
163 7 4 0 1 
164 1 3 2 0 
165 5 1 4 7 6 0 
166 7 2 4 5 1 
167 7 3 5 1 0 
168 3 1 7 4 6 0 
169 3 5 7 1 0 
170 3 4 5 1 0 
171 5 3 7 1 0 
172 6 2 3 4 5 0 1 
173 6 4 7 0 1 
174 7 3 2 4 1 0 
175 1 3 0 
176 1 3 2 4 
177 0 2 3 4 5 1 
178 0 3 2 
179 7 4 6 1 0 
180 1 3 2 0 
181 7 2 4 5 1 
182 2 4 7 0 1 
183 1 4 5 0 
184 4 3 2 1 0 
185 2 3 0 
186 5 1 0 
187 7 3 1 0 
188 5 3 2 4 7 1 0 
189 7 2 4 5 1 
190 4 7 6 1 0 
191 3 1 4 7 6 0 
192 5 0 1 
193 0 1 
194 5 2 4 7 6 1 
195 2 3 5 7 1 0 
196 7 1 3 2 0 
197 3 4 5 1 0 
198 4 3 2 1 0 
199 4 1 7 6 0 
200 1 2 3 0 
201 0 2 4 5 7 1 
202 2 3 1 0 
203 0 2 3 4 5 1 
204 6 3 2 4 1 
205 1 3 4 5 0 
206 0 2 3 
207 1 3 4 5 0 
208 1 2 4 5 7 
209 6 3 4 5 1 0 
210 4 0 5 1 
211 1 2 3 0 
212 7 2 5 0 
213 2 7 5 6 0 
214 0 1 
215 0 2 4 5 7 1 
216 3 0 1 
217 6 1 7 4 0 
218 6 4 7 0 1 
219 4 3 2 1 0 
220 4 7 6 0 1 
221 2 3 4 5 0 1 
222 5 3 2 0 
223 7 4 0 1 
224 3 1 0 
225 4 1 3 2 0 
226 0 4 5 1 
227 7 1 0 
228 1 3 0 
229 6 3 2 0 
230 5 3 2 1 0 
231 7 4 6 0 1 
232 3 4 7 0 1 
233 3 1 2 0 
234 3 2 7 5 6 0 
235 5 3 2 4 1 
236 6 0 4 7 5 1 
237 6 4 0 
238 7 4 0 
239 1 4 7 6 0 
240 1 3 4 5 0 
241 0 2 3 
242 0 4 7 5 6 1 
243 7 1 0 
244 3 0 4 7 5 6 1 
245 4 3 2 0 
246 3 2 4 5 7 1 
247 1 3 0 
248 4 0 1 
249 3 0 1 
250 5 3 2 4 1 
251 5 3 2 4 7 1 0 
252 5 4 0 
253 7 2 3 4 5 0 1 
254 4 2 3 5 0 1 
255 3 2 4 7 5 6 1 
256 5 1 3 2 0 
257 0 3 1 
258 5 2 3 4 0 1 
259 2 3 4 7 1 0 
260 7 1 0 
261 3 2 4 7 1 0 
262 4 2 5 7 0 
263 4 3 1 0 
264 1 0 
265 0 3 1 
266 2 0 4 5 1 
267 0 3 2 
268 6 3 4 1 0 
269 0 1 4 7 6 
270 0 1 7 4 6 
271 1 4 5 0 
272 1 0 4 7 5 6 
273 6 2 7 5 0 
274 4 5 1 0 
275 1 0 
276 7 2 5 0 
277 2 0 1 
278 0 4 5 1 
279 0 4 7 1 
280 3 2 1 0 
281 6 2 4 5 7 1 
282 6 0 1 
283 4 7 6 0 1 
284 4 3 1 0 
285 2 4 0 
286 5 2 7 0 
287 7 4 5 1 0 
288 3 2 4 5 7 1 
289 4 3 2 1 0 
290 0 2 7 5 6 
291 7 4 5 1 0 
292 1 2 4 7 5 6 
293 6 2 7 5 0 
294 6 3 2 4 1 
295 7 1 3 2 0 
296 3 2 0 
297 3 2 0 
298 3 2 0 
299 5 1 0 
300 6 3 4 1 0 
301 6 3 5 7 1 0 
302 7 3 1 0 
303 1 0 
304 3 2 0 
305 0 7 4 6 1 
306 0 4 5 1 
307 6 3 2 4 7 1 0 
308 0 4 7 1 
309 6 2 3 0 
310 2 3 4 1 
311 1 3 2 4 
312 4 3 2 1 
313 3 4 7 6 0 1 
314 5 3 2 1 0 
315 7 4 0 
316 5 3 2 1 0 
317 7 3 2 4 1 
318 5 0 4 7 6 1 
319 3 4 0 
320 5 3 4 1 0 
321 0 4 7 6 1 
322 5 2 3 0 
323 2 3 1 0 
324 7 2 3 4 5 0 1 
325 3 4 7 6 0 1 
326 5 3 2 4 7 1 0 
327 4 3 2 1 
328 1 3 2 0 
329 0 4 5 1 
330 2 3 4 1 
331 2 5 7 0 
332 6 0 1 
333 1 2 3 0 
334 3 1 0 
335 1 4 7 0 
336 1 4 7 6 0 
337 6 3 5 7 1 0 
338 5 2 4 7 1 
339 3 2 4 1 
340 4 0 5 1 
341 2 3 1 0 
342 0 3 4 1 
343 0 2 3 
344 3 1 0 
345 6 2 4 7 5 1 
346 5 2 4 7 6 1 
347 4 2 3 5 0 1 
348 4 1 3 2 0 
349 2 0 4 7 5 6 1 
350 5 2 3 0 
351 6 1 3 2 0 
352 3 4 0 
353 4 3 5 1 0 
354 0 2 4 7 5 6 1 
355 7 4 6 0 1 
356 1 2 3 0 
357 5 3 2 1 0 
358 7 2 5 0 
359 7 3 2 1 0 
360 3 2 5 7 0 
361 3 7 4 6 1 0 
362 3 0 1 
363 5 3 7 1 0 
364 6 1 3 2 0 
365 6 0 1 
366 6 4 7 0 1 
367 0 1 4 7 6 
368 0 1 
369 1 3 2 0 
370 0 1 
371 5 3 2 4 1 
372 1 3 2 0 
373 7 2 5 0 
374 2 3 4 5 0 1 
375 1 0 4 5 
376 4 3 5 1 0 
377 3 4 5 1 0 
378 5 3 2 1 0 
379 7 1 4 6 0 
380 5 3 2 4 1 
381 7 2 3 0 
382 4 3 0 1 
383 4 2 3 0 
384 5 3 4 1 0 
385 0 3 2 4 1 
386 5 3 4 1 0 
387 2 7 5 6 0 
388 7 3 2 1 0 
389 3 4 7 6 0 1 
390 4 1 3 2 0 
391 4 0 5 1 
392 1 0 4 5 
393 0 2 4 5 7 1 
394 2 1 3 0 
395 0 1 
396 6 2 3 0 
397 1 7 4 6 0 
398 0 3 2 1 
399 1 4 7 6 0 
400 1 3 0 
401 6 4 0 
402 4 3 2 0 
403 1 0 
404 7 0 4 5 1 
405 2 3 4 1 
406 0 2 3 
407 0 3 4 5 1 
408 3 0 1 
409 6 2 4 5 7 1 
410 6 3 4 5 1 0 
411 4 3 5 7 1 0 
412 4 3 5 7 1 0 
413 2 3 0 1 
414 5 3 2 0 
415 7 2 5 0 
416 3 2 1 0 
417 6 4 5 1 0 
418 0 2 3 4 5 1 
419 4 3 1 0 
420 1 2 3 0 
421 6 7 4 1 0 
422 7 3 5 1 0 
423 7 0 1 
424 2 3 0 
425 3 2 4 1 
426 3 4 1 0 
427 5 0 4 7 6 1 
428 6 2 3 0 
429 6 2 4 5 7 1 
430 7 2 5 6 0 
431 1 4 5 0 
432 1 3 2 0 
433 0 4 7 6 1 
434 0 7 4 6 1 
435 7 0 1 
436 1 2 3 0 
437 7 4 5 1 0 
438 2 3 0 1 
439 1 0 
440 4 0 1 
441 3 2 4 7 5 6 1 
442 5 2 4 7 1 
443 7 2 5 0 
444 5 3 2 1 0 
445 7 4 6 1 0 
446 4 3 2 1 0 
447 3 0 1 
448 5 3 0 1 
449 0 1 7 4 6 
450 5 0 1 
451 2 4 7 5 6 1 
452 7 2 5 6 0 
453 3 1 0 
454 4 0 7 5 6 1 
455 4 5 1 0 
456 1 3 0 
457 0 3 1 
458 2 1 0 
459 0 1 7 4 6 
460 6 2 4 7 5 1 
461 1 0 
462 0 2 3 
463 1 4 0 
464 1 0 4 7 5 6 
465 6 2 3 0 
466 4 1 3 2 0 
467 1 4 7 6 0 
468 7 3 2 4 1 
469 2 5 7 0 
470 0 4 7 1 
471 0 3 5 7 1 
472 3 4 0 
473 6 2 4 5 7 1 
474 6 4 0 
475 4 1 7 6 0 
476 4 3 0 1 
477 2 4 5 1 0 
478 5 0 4 1 
479 7 3 1 0 
480 3 2 5 7 0 
481 4 1 0 
482 0 3 5 7 1 
483 7 3 1 0 
484 1 3 4 5 0 
485 6 2 4 5 7 1 
486 7 3 4 5 1 0 
487 7 4 6 1 0 
488 3 2 4 5 7 1 
489 3 1 4 7 6 0 
490 3 0 1 
491 5 3 4 1 0 
492 6 1 4 7 0 
493 6 2 3 0 
494 7 1 4 6 0 
495 1 4 7 6 0 
496 1 3 0 
497 0 3 5 7 1 
498 0 4 7 6 1 
499 7 2 5 6 0 
500 1 3 4 5 0 
501 7 3 2 0 
502 2 1 3 0 
503 1 4 5 0 
504 5 3 2 4 7 1 0 
505 3 4 1 0 
506 5 1 3 2 0 
507 7 2 4 5 6 1 
508 5 3 2 1 0 
509 7 3 4 1 0 
510 4 0 7 5 6 1 
511 3 1 2 0 
512 5 3 2 4 1 
513 0 1 
514 5 4 0 
515 2 1 0 
516 7 3 2 4 1 0 
517 3 1 2 0 
518 4 1 7 6 0 
519 4 2 7 5 6 1 
520 1 7 4 6 0 
521 0 4 7 5 6 1 
522 2 5 7 0 
523 0 3 4 5 1 
524 6 3 4 5 1 0 
525 1 3 0 
526 0 1 
527 2 3 1 0 
528 1 3 2 4 7 0 
529 6 4 0 
530 4 7 0 1 
531 1 3 0 
532 7 3 2 4 1 
533 2 4 7 5 6 1 
534 0 1 7 4 6 
535 0 2 7 5 6 
536 3 2 0 
537 6 3 2 1 0 
538 6 2 3 4 5 0 1 
539 4 3 2 1 
540 4 3 2 1 
541 2 4 5 7 1 
542 5 2 3 0 
543 7 0 4 5 1 
544 3 0 1 
545 4 3 2 1 0 
546 0 3 1 
547 7 3 2 1 0 
548 1 3 2 4 
549 6 3 4 5 1 0 
550 7 1 0 
551 7 2 3 4 5 0 1 
552 3 2 7 5 6 0 
553 3 0 1 
554 3 2 0 
555 5 3 0 1 
556 6 2 4 5 7 1 
557 6 2 4 7 5 1 
558 7 2 5 0 
559 1 4 7 0 
560 1 0 
561 0 4 7 1 
562 0 4 
563 7 4 0 
564 1 3 4 5 0 
565 7 3 0 1 
566 2 3 4 7 1 0 
567 1 3 2 0 
568 4 3 0 1 
569 3 2 4 1 
570 5 2 3 0 
571 7 3 1 0 
572 5 2 7 6 0 
573 7 2 5 0 
574 4 3 2 1 
575 3 2 1 0 
576 5 0 4 7 6 1 
577 0 2 7 5 6 
578 5 0 4 1 
579 2 1 4 7 6 0 
580 7 4 0 
581 3 1 0 
582 4 1 7 6 0 
583 4 3 5 1 0 
584 1 2 4 5 7 
585 0 4 5 1 
586 2 3 1 0 
587 0 2 3 
588 6 3 2 0 
589 0 3 1 
590 0 1 3 2 
591 1 0 
592 1 3 0 
593 6 3 2 1 0 
594 4 3 1 0 
595 1 2 4 7 5 6 
596 7 3 2 1 0 
597 2 4 0 
598 0 3 4 5 1 
599 0 3 2 1 
600 3 2 5 7 0 
601 6 1 0 
602 6 1 7 4 0 
603 4 3 5 1 0 
604 4 3 2 1 
605 2 0 4 7 5 6 1 
606 5 2 3 4 0 1 
607 7 1 0 
608 3 4 5 1 0 
609 4 1 7 6 0 
610 0 1 
611 7 3 2 4 1 
612 1 3 4 5 0 
613 6 3 5 7 1 0 
614 7 3 4 5 1 0 
615 7 3 2 4 1 0 
616 3 4 5 1 0 
617 3 2 0 
618 3 0 1 
619 5 2 3 0 
620 6 3 4 5 1 0 
621 6 3 2 4 7 1 0 
622 7 2 4 5 6 1 
623 1 2 5 7 0 
624 1 0 
625 0 7 4 6 1 
626 1 2 4 5 7 
627 7 3 2 1 0 
628 1 3 2 4 7 0 
629 7 0 4 5 1 
630 2 3 1 0 
631 1 7 4 6 0 
632 4 1 0 
633 3 0 4 5 1 
634 4 1 7 6 0 
635 7 2 4 5 6 1 
636 5 3 4 1 0 
637 7 3 4 5 1 0 
638 4 2 5 7 0 
639 3 4 5 1 0 
640 5 3 2 1 0 
641 0 3 2 4 1 
642 5 3 2 4 1 
643 2 3 1 0 
644 7 4 6 0 1 
645 3 2 4 1 
646 4 0 7 5 6 1 
647 4 0 1 
648 1 3 4 5 0 
649 0 4 7 1 
650 2 3 4 1 
651 0 3 2 1 
652 6 0 1 
653 1 3 2 0 
654 0 1 7 4 6 
655 1 7 4 6 0 
656 0 1 
657 6 1 7 4 0 
658 4 2 5 7 0 
659 0 3 4 5 1 
660 7 3 2 1 0 
661 2 3 0 
662 3 2 4 5 0 1 
663 0 1 7 4 6 
664 3 4 5 1 0 
665 6 3 2 1 0 
666 6 3 2 1 0 
667 4 3 0 1 
668 4 3 2 1 
669 2 7 5 6 0 
670 5 2 4 7 1 
671 7 3 2 0 
672 3 1 4 7 6 0 
673 4 3 2 1 0 
674 0 7 4 6 1 
675 7 2 3 0 
676 1 3 5 7 0 
677 6 3 4 1 0 
678 7 3 4 1 0 
679 7 0 1 
680 3 2 4 7 1 0 
681 3 2 5 7 0 
682 3 1 0 
683 5 3 2 1 0 
684 6 3 5 7 1 0 
685 6 2 7 5 0 
686 7 4 6 1 0 
687 0 3 4 5 1 
688 1 0 
689 0 3 4 5 1 
690 0 2 4 7 5 6 1 
691 7 2 5 0 
692 0 3 1 
693 7 4 6 0 1 
694 2 3 5 7 1 0 
695 1 3 0 
696 4 2 3 0 
697 3 0 1 
698 5 2 7 0 
699 7 3 2 1 0 
700 5 2 7 6 0 
701 7 0 4 5 6 1 
702 4 0 5 1 
703 3 1 4 7 6 0 
704 5 3 2 4 1 
705 6 2 7 5 0 
706 5 0 4 7 6 1 
707 2 0 1 
708 5 3 4 1 0 
709 3 0 4 7 5 6 1 
710 4 3 2 1 
711 4 7 0 1 
712 1 3 0 
713 0 3 4 5 1 
714 2 3 4 5 1 0 
715 0 1 
716 4 2 3 5 0 1 
717 1 7 4 6 0 
718 1 0 
719 1 3 2 0 
720 1 2 4 5 7 
721 6 2 4 7 5 1 
722 4 1 7 6 0 
723 1 3 5 7 0 
724 7 3 2 4 1 
725 2 5 7 0 
726 0 4 
727 0 1 3 2 
728 3 2 0 
729 6 3 2 4 7 1 0 
730 6 2 7 5 0 
731 4 2 3 5 0 1 
732 5 1 4 7 6 0 
733 2 4 5 7 1 
734 5 0 4 7 6 1 
735 7 3 5 1 0 
736 3 4 7 6 0 1 
737 4 3 2 1 
738 0 3 4 1 
739 6 2 3 0 
740 1 4 7 6 0 
741 6 2 7 5 0 
742 7 3 2 4 1 
743 5 4 0 
744 3 4 7 0 1 
745 3 4 5 1 0 
746 3 5 7 1 0 
747 5 3 2 4 1 
748 6 3 4 1 0 
749 6 2 4 7 5 1 
750 7 2 3 0 
751 1 4 7 0 
752 0 3 2 1 
753 1 0 4 7 5 6 
754 0 1 
755 7 3 2 4 1 
756 1 0 
757 7 4 0 1 
758 2 3 4 1 
759 2 0 4 7 5 6 1 
760 4 7 0 1 
761 3 0 1 
762 5 0 4 1 
763 7 3 2 1 0 
764 5 3 7 1 0 
765 7 4 5 1 0 
766 4 3 5 1 0 
767 1 3 0 
768 5 3 4 1 0 
769 0 3 2 
770 5 3 1 0 
771 2 3 4 1 
772 6 3 4 5 1 0 
773 3 2 7 5 6 0 
774 4 3 1 0 
775 4 3 2 0 
776 1 4 7 0 
777 0 3 4 1 
778 2 0 4 5 1 
779 0 2 5 7 
780 6 1 0 
781 1 3 2 4 
782 3 7 4 6 1 0 
783 1 3 2 0 
784 1 2 3 4 5 0 
785 6 1 4 7 0 
786 4 3 1 0 
787 0 3 2 4 7 1 
788 7 4 6 0 1 
789 2 3 4 1 0 
790 0 1 7 4 6 
791 0 1 
792 3 0 1 
793 6 1 0 
794 5 0 4 1 
795 4 7 6 1 0 
796 4 3 1 0 
797 2 3 5 7 1 0 
798 5 0 4 1 
799 6 4 5 1 0 
800 3 7 4 6 1 0 
801 4 0 5 1 
802 0 1 
803 7 4 0 1 
804 1 3 4 0 
805 6 3 2 1 0 
806 5 3 4 1 0 
807 6 0 4 7 5 1 
808 3 1 2 0 
809 3 4 0 
810 3 1 7 4 6 0 
811 5 7 4 6 1 0 
812 6 2 3 0 
813 6 1 3 2 0 
814 7 2 5 0 
815 1 4 7 6 0 
816 1 3 4 5 0 
817 0 3 2 1 
818 1 3 4 5 0 
819 7 0 1 
820 1 3 2 4 
821 7 4 6 0 1 
822 3 2 4 7 5 6 1 
823 2 4 5 1 0 
824 5 4 1 0 
825 2 1 4 7 6 0 
826 5 0 4 7 6 1 
827 7 3 2 0 
828 5 4 7 6 0 1 
829 7 1 3 2 0 
830 4 3 2 1 
831 3 2 4 5 7 1 
832 5 0 1 
833 2 1 3 0 
834 5 2 3 0 
835 2 7 5 6 0 
836 7 3 2 1 0 
837 2 3 5 7 1 0 
838 4 7 0 1 
839 4 3 1 0 
840 0 3 2 1 
841 5 3 7 1 0 
842 4 2 7 5 6 0 
843 2 1 0 
844 6 3 2 4 7 1 0 
845 1 2 3 0 
846 0 4 
847 1 4 5 0 
848 1 0 
849 6 3 4 5 1 0 
850 4 3 0 1 
851 1 3 5 7 0 
852 7 4 0 1 
853 2 0 4 5 1 
854 0 3 1 
855 2 4 0 
856 3 4 7 6 0 1 
857 5 3 0 1 
858 6 4 7 0 1 
859 5 2 4 7 6 1 
860 4 2 3 5 0 1 
861 2 3 5 7 1 0 
862 5 4 1 0 
863 7 3 2 0 
864 3 1 7 4 6 0 
865 4 3 2 7 1 0 
866 0 3 1 
867 7 3 2 4 1 
868 1 0 4 5 
869 6 3 2 4 1 
870 6 0 1 
871 7 1 3 2 0 
872 3 0 4 7 5 6 1 
873 2 3 0 
874 3 2 5 7 0 
875 5 2 3 4 0 1 
876 6 4 5 1 0 
877 5 3 2 4 1 
878 6 0 1 
879 2 7 4 6 1 0 
880 3 1 2 0 
881 2 0 1 
882 3 2 4 5 0 1 
883 6 1 7 4 0 
884 3 4 5 1 0 
885 6 3 1 0 
886 2 4 7 6 0 1 
887 2 3 0 
888 4 1 7 6 0 
889 3 1 2 0 
890 5 4 0 
891 6 1 4 7 0 
892 4 2 3 5 0 1 
893 6 7 4 1 0 
894 4 7 6 1 0 
895 2 3 4 5 1 0 
896 5 3 2 1 0 
897 2 3 4 1 
898 5 2 4 7 6 1 
899 2 4 7 5 6 1 
900 6 1 4 7 0 
901 2 3 0 
902 4 7 0 1 
903 4 2 5 7 1 
904 2 3 1 0 
905 2 4 5 1 0 
906 2 3 4 5 1 0 
907 2 4 7 5 6 1 
908 6 3 2 4 7 1 0 
909 2 3 1 0 
910 3 0 4 5 1 
911 2 3 0 
912 3 0 4 7 5 6 1 
913 6 3 2 0 
914 5 3 2 1 0 
915 3 2 0 
916 6 3 4 5 1 0 
917 2 0 1 
918 3 0 1 
919 2 3 0 
920 2 3 0 
921 2 3 0 
922 2 4 0 
923 4 3 1 0 
924 6 0 4 7 5 1 
925 2 0 4 5 1 
926 5 2 7 6 0 
927 2 7 5 6 0 
928 0 1 3 2 
929 2 4 5 7 1 
930 0 2 4 5 7 1 
931 4 7 6 0 1 
932 1 3 2 0 
933 6 4 7 0 1 
934 3 2 0 
935 2 4 7 5 6 1 
936 2 3 4 5 0 1 
937 5 2 3 0 
938 5 3 0 1 
939 5 0 1 
940 6 4 0 
941 3 4 0 
942 6 1 7 4 0 
943 1 0 4 7 5 6 
944 1 0 
945 6 0 4 7 5 1 
946 2 0 4 7 5 6 1 
947 6 7 4 1 0 
948 1 4 7 6 0 
949 6 2 5 7 0 
950 2 3 4 7 1 0 
951 4 3 2 1 0 
952 4 0 1 
953 5 3 2 1 0 
954 2 3 1 0 
955 5 2 3 0 
956 2 0 1 
957 3 4 5 1 0 
958 4 0 1 
959 4 3 2 1 
960 5 4 7 0 1 
961 0 1 
962 5 3 7 1 0 
963 2 7 5 6 0 
964 5 2 3 0 
965 2 3 0 
966 4 0 5 1 
967 4 3 2 1 0 
968 2 5 7 0 
969 5 2 3 0 
970 2 3 0 
971 0 4 5 1 
972 4 1 7 6 0 
973 1 3 2 4 
974 0 2 3 4 5 1 
975 1 7 4 6 0 
976 1 7 4 6 0 
977 2 3 4 7 1 0 
978 4 7 6 0 1 
979 3 4 1 0 
980 5 3 2 4 7 1 0 
981 2 0 1 
982 0 3 2 
983 5 3 2 0 
984 2 4 0 
985 6 3 5 7 1 0 
986 6 4 5 1 0 
987 4 3 2 1 0 
988 4 2 5 7 1 
989 2 3 4 7 1 0 
990 5 3 1 0 
991 6 4 7 0 1 
992 2 7 4 6 1 0 
993 5 3 0 1 
994 0 1 3 2 
995 6 3 1 0 
996 1 4 5 0 
997 6 3 2 4 7 1 0 
998 6 1 4 7 0 
999 6 4 7 0 1 
1000 2 3 4 5 1 0 
1001 2 4 5 7 1 
1002 2 7 5 6 0 
1003 5 4 0 
1004 5 2 4 7 1 
1005 3 2 4 7 5 6 1 
1006 4 2 3 0 
1007 2 3 4 7 1 0 
1008 3 0 1 
1009 6 3 2 4 1 
1010 2 1 3 0 
1011 5 1 4 7 6 0 
1012 3 2 5 7 0 
1013 4 3 5 1 0 
1014 2 3 1 0 
1015 5 0 1 
1016 2 3 4 7 1 0 
1017 5 1 7 4 6 0 
1018 2 4 7 6 0 1 
1019 5 2 3 4 0 1 
1020 2 4 5 1 0 
1021 3 2 4 5 0 1 
1022 5 1 7 4 6 0 
1023 4 1 7 6 0 
