0 2 3 
8 3 1 
16 1 0 
24 0 5 
32 5 4 
40 4 6 
48 6 7 
56 7 2 
64 2 3 
72 3 1 
80 1 0 
88 0 5 
96 5 4 
104 4 6 
112 6 7 
120 7 2 
128 2 3 
136 3 1 
144 1 0 
152 0 5 
160 5 4 
168 4 6 
176 6 7 
184 7 2 
192 2 3 
200 3 1 
208 1 0 
216 0 5 
224 5 4 
232 4 6 
240 6 7 
248 7 2 
256 2 3 
264 3 1 
272 1 0 
280 0 5 
288 5 4 
296 4 6 
304 6 7 
312 7 2 
320 2 3 
328 3 1 
336 1 0 
344 0 5 
352 5 4 
360 4 6 
368 6 7 
376 7 2 
384 2 3 
392 3 1 
400 1 0 
408 0 5 
416 5 4 
424 4 6 
432 6 7 
440 7 2 
448 2 3 
456 3 1 
464 1 0 
472 0 5 
480 5 4 
488 4 6 
496 6 7 
504 7 2 
512 2 3 
520 3 1 
528 1 0 
536 0 5 
544 5 4 
552 4 6 
560 6 7 
568 7 2 
576 2 3 
584 3 1 
592 1 0 
600 0 5 
608 5 4 
616 4 6 
624 6 7 
632 7 2 
640 2 3 
648 3 1 
656 1 0 
664 0 5 
672 5 4 
680 4 6 
688 6 7 
696 7 2 
704 2 3 
712 3 1 
720 1 0 
728 0 5 
736 5 4 
744 4 6 
752 6 7 
760 7 2 
768 2 3 
776 3 1 
784 1 0 
792 0 5 
800 5 4 
808 4 6 
816 6 7 
824 7 2 
832 2 3 
840 3 1 
848 1 0 
856 0 5 
864 5 4 
872 4 6 
880 6 7 
888 7 2 
896 2 3 
904 3 1 
912 1 0 
920 0 5 
928 5 4 
936 4 6 
944 6 7 
952 7 2 
960 2 3 
968 3 1 
976 1 0 
984 0 5 
992 5 4 
1000 4 6 
1008 6 7 
1016 7 2 
