0 0 7 2 6 4 
1 2 4 3 0 5 
2 7 2 3 5 0 4 
3 7 0 4 
4 1 5 7 2 0 
5 1 4 6 2 0 
6 5 1 7 0 4 
7 0 2 1 
8 0 7 5 6 4 
9 4 2 7 5 6 
10 6 2 1 3 4 7 
11 5 1 0 7 
12 7 5 0 4 6 1 
13 3 5 0 4 6 1 7 
14 2 1 3 4 0 
15 4 5 7 0 6 
16 0 4 
17 7 0 4 
18 4 7 5 6 
19 7 2 0 3 5 6 
20 5 2 0 3 7 6 
21 4 2 3 1 
22 6 1 2 0 4 5 
23 5 4 7 6 
24 0 5 4 
25 3 2 5 6 0 4 
26 2 5 7 0 
27 6 1 2 0 4 5 
28 2 5 7 0 
29 0 4 
30 4 0 5 
31 1 4 5 6 7 
32 6 0 5 4 
33 7 1 2 0 3 4 
34 7 5 6 4 
35 4 5 0 6 1 7 
36 1 2 5 3 4 
37 6 2 0 7 4 
38 1 2 0 3 4 7 
39 5 4 7 0 6 
40 7 6 4 5 
41 6 1 7 2 5 4 0 
42 5 3 2 1 0 
43 4 2 1 0 
44 1 2 0 7 4 
45 2 7 0 6 4 
46 7 1 4 2 5 
47 3 2 1 5 0 
48 4 2 3 0 5 
49 0 2 1 3 5 
50 1 4 5 7 6 
51 7 2 0 6 4 
52 6 0 3 7 2 4 
53 3 5 7 2 0 
54 4 5 1 7 0 
55 2 3 1 5 0 
56 0 5 7 2 
57 2 0 5 4 
58 0 5 4 1 7 
59 7 5 6 4 
60 0 4 5 6 7 
61 7 2 0 3 5 6 
62 1 4 6 2 7 
63 6 2 0 4 7 3 
64 0 1 2 4 5 
65 2 0 5 4 
66 5 1 0 7 
67 6 1 2 3 4 5 0 
68 1 5 0 7 
69 1 2 0 6 3 7 
70 5 4 7 0 6 
71 0 2 3 1 5 
72 0 7 5 2 1 
73 4 7 5 2 1 0 
74 6 2 3 1 4 
75 5 2 6 0 3 4 
76 7 2 4 5 6 
77 3 1 4 2 5 
78 2 1 0 4 5 
79 4 2 1 3 0 
80 0 5 7 2 
81 7 5 4 0 6 
82 4 7 6 5 
83 7 1 4 2 5 
84 5 1 0 4 
85 4 7 2 0 
86 6 2 0 3 7 5 
87 5 1 7 2 4 0 
88 1 2 5 3 0 
89 3 2 1 4 
90 2 0 5 4 1 7 
91 5 1 2 3 4 0 
92 2 3 5 1 0 
93 0 5 4 6 
94 4 1 2 5 
95 1 0 
96 6 7 5 4 
97 7 1 4 2 5 
98 7 0 5 1 4 
99 4 6 2 0 
100 1 0 4 
101 6 2 0 7 4 
102 1 2 7 4 5 6 
103 5 2 0 7 4 
104 7 0 2 5 4 
105 6 5 7 2 0 
106 5 4 6 7 
107 4 5 0 6 7 2 
108 1 2 5 4 
109 2 5 1 0 7 
110 7 0 4 
111 3 7 6 4 5 
112 5 1 0 7 
113 0 2 7 4 
114 1 2 5 3 4 
115 4 0 5 1 
116 6 4 2 7 
117 3 5 1 7 0 4 
118 4 7 6 2 5 
119 2 3 1 4 
120 0 2 1 7 5 
121 2 0 6 3 7 
122 0 1 
123 7 4 6 2 5 
124 0 2 7 4 5 6 
125 7 6 5 4 
126 1 0 5 4 
127 6 0 5 4 1 7 
128 0 1 
129 2 0 4 7 3 6 
130 7 1 2 5 4 0 
131 7 0 5 1 4 
132 0 1 4 
133 1 2 0 6 3 7 
134 5 1 0 7 
135 0 2 7 4 
136 0 5 1 7 
137 4 5 0 6 7 2 
138 6 2 1 3 5 0 
139 5 2 1 7 
140 7 1 4 2 5 
141 3 7 5 2 1 0 
142 2 5 0 4 6 
143 4 2 0 3 1 
144 0 1 4 2 7 
145 7 6 5 4 
146 4 1 2 0 3 7 
147 6 2 7 4 5 
148 5 2 0 6 3 7 
149 4 1 2 7 
150 6 2 0 3 7 
151 5 1 4 2 7 
152 1 7 6 5 4 
153 3 1 2 5 4 
154 3 7 5 2 1 0 
155 7 2 1 5 
156 2 1 0 7 5 
157 0 2 7 4 5 6 
158 4 7 6 2 5 
159 1 7 2 4 0 
160 6 7 2 4 0 
161 5 3 1 0 
162 6 7 5 4 
163 4 2 0 6 3 7 
164 1 2 3 4 
165 6 2 5 0 3 4 
166 1 0 
167 5 2 1 3 0 
168 7 2 5 3 0 
169 6 2 3 5 0 4 
170 5 1 0 4 
171 4 7 6 2 5 
172 1 7 0 2 4 
173 2 0 3 7 4 6 
174 7 2 5 3 0 
175 3 2 1 0 
176 4 2 0 3 7 5 6 
177 0 2 5 4 
178 1 5 7 0 4 
179 7 1 2 3 4 5 0 
180 6 2 1 7 5 
181 3 7 6 4 5 
182 4 1 2 3 5 0 
183 2 3 4 0 6 
184 0 2 3 7 5 6 
185 2 1 4 5 
186 0 4 5 7 6 
187 7 2 1 0 
188 0 3 1 
189 7 2 0 6 3 
190 1 7 5 2 0 
191 6 7 2 4 0 
192 0 1 2 3 4 7 
193 2 7 0 4 1 
194 5 1 0 7 
195 7 2 3 1 4 
196 1 2 0 6 3 7 
197 1 4 7 6 2 5 
198 7 2 0 6 4 
199 0 2 5 6 3 4 
200 0 1 
201 4 6 2 0 
202 6 3 2 1 4 
203 5 4 6 2 0 
204 7 5 4 0 6 
205 3 1 4 2 7 
206 2 1 3 4 5 0 
207 4 6 2 7 
208 1 7 2 5 4 0 
209 6 3 2 1 4 
210 4 1 2 3 5 0 
211 7 2 0 6 4 
212 5 3 2 1 0 
213 4 2 5 6 0 3 
214 6 7 5 4 
215 5 2 0 3 4 1 
216 1 0 4 
217 3 0 4 
218 2 4 6 0 
219 7 3 2 1 
220 2 3 5 1 0 
221 0 1 4 
222 4 5 7 0 6 
223 0 7 5 6 4 
224 6 0 5 4 
225 7 2 4 0 
226 7 6 5 4 
227 4 7 6 5 
228 1 2 3 4 
229 6 7 0 4 2 1 
230 1 2 3 5 0 
231 5 1 4 2 7 
232 7 5 0 6 2 4 
233 6 4 
234 5 1 2 3 4 0 
235 4 1 0 7 5 
236 1 0 5 4 7 
237 2 5 6 0 3 4 
238 7 2 3 1 4 
239 3 2 5 0 4 
240 0 5 4 6 
241 0 7 6 5 4 
242 1 5 7 2 0 
243 7 5 2 0 
244 6 5 0 4 
245 3 2 5 6 0 4 
246 4 2 0 6 3 7 
247 2 0 3 7 4 6 
248 0 1 4 2 5 
249 2 1 4 7 
250 0 7 4 2 1 
251 7 0 3 2 4 6 
252 0 7 6 2 4 
253 7 0 5 4 
254 1 2 5 6 0 3 4 
255 6 7 4 5 
256 0 5 7 2 
257 2 7 5 1 0 
258 5 7 3 2 1 
259 7 2 4 5 6 
260 1 5 0 4 6 
261 1 4 6 2 7 
262 5 7 3 2 1 
263 0 4 5 6 7 
264 0 2 1 7 5 
265 6 4 2 7 
266 6 2 1 0 
267 5 1 0 4 
268 7 2 5 3 0 
269 3 7 5 6 4 
270 2 4 7 6 5 
271 4 2 1 3 5 0 
272 0 1 7 5 
273 7 2 5 3 0 
274 4 2 1 0 
275 7 4 6 2 5 
276 5 7 2 1 0 
277 4 7 0 2 1 
278 6 0 5 4 
279 5 2 1 3 0 
280 1 7 2 0 6 4 
281 3 2 5 0 
282 2 5 0 4 6 1 7 
283 7 1 4 2 
284 3 2 1 6 4 7 
285 0 7 6 4 5 
286 4 7 6 2 0 
287 1 7 5 2 0 
288 6 2 3 5 0 4 
289 7 0 5 4 
290 7 3 1 0 
291 4 2 1 3 0 
292 1 7 6 2 4 0 
293 6 5 0 4 
294 1 0 7 5 
295 5 2 3 1 0 
296 7 2 4 5 6 
297 6 2 0 3 7 5 
298 5 1 2 0 4 
299 5 0 2 4 
300 1 4 6 2 0 
301 2 1 7 5 
302 7 5 1 0 
303 3 7 2 0 6 4 
304 4 2 1 3 6 7 
305 0 3 2 1 
306 0 2 7 4 
307 6 2 0 4 7 3 
308 6 2 0 4 7 3 
309 2 3 5 1 0 
310 4 0 5 
311 2 0 5 4 
312 0 7 5 6 4 
313 2 1 5 3 4 
314 0 5 4 1 7 
315 4 2 1 3 5 0 
316 0 1 4 
317 7 1 2 0 3 4 
318 1 5 4 7 0 6 
319 6 4 2 7 
320 0 5 4 
321 2 1 7 5 4 0 
322 5 2 0 7 4 
323 7 4 5 6 
324 1 0 2 5 4 
325 1 3 2 0 
326 5 1 0 7 
327 0 3 2 1 
328 0 2 1 3 5 
329 4 2 1 7 5 
330 5 0 4 6 1 7 
331 5 3 1 0 
332 7 2 4 5 6 
333 3 7 0 4 2 1 
334 2 0 7 4 
335 4 7 5 6 
336 0 4 2 3 5 
337 7 3 2 1 4 
338 4 1 2 0 5 
339 7 5 4 0 6 
340 5 1 2 0 3 4 7 
341 4 2 1 3 0 
342 5 7 2 0 
343 5 0 6 7 2 4 
344 1 2 5 4 
345 3 2 1 6 4 7 
346 2 7 5 1 0 
347 7 1 0 2 4 
348 2 0 4 7 3 6 
349 0 3 7 2 4 6 
350 5 3 2 1 0 
351 1 5 0 7 
352 6 1 2 0 3 4 7 
353 7 1 0 4 
354 7 5 2 0 
355 4 2 0 3 1 
356 1 5 7 0 4 
357 6 2 1 3 4 7 
358 1 4 6 2 7 
359 5 2 1 0 
360 6 7 2 4 0 
361 6 5 4 7 0 
362 5 7 2 4 0 
363 4 7 2 0 6 
364 1 4 5 6 7 
365 2 3 4 0 6 
366 7 2 4 0 
367 2 5 6 0 3 4 
368 4 7 0 2 1 
369 0 1 2 5 3 4 
370 1 3 2 4 
371 7 2 3 1 5 0 
372 5 4 6 2 7 
373 3 5 0 4 6 1 7 
374 4 5 1 0 7 
375 2 1 3 6 4 7 
376 0 4 7 6 2 5 
377 2 0 5 1 4 
378 0 2 3 7 5 6 
379 7 2 1 3 6 4 
380 0 1 7 2 4 
381 4 2 1 3 0 
382 1 2 3 5 0 
383 6 2 0 7 4 
384 0 2 1 3 6 4 7 
385 2 0 3 4 1 
386 5 4 6 2 0 
387 7 2 1 3 5 0 
388 1 5 0 4 6 
389 1 7 4 6 5 
390 7 2 0 4 3 6 
391 0 1 7 2 5 4 
392 0 5 4 6 
393 6 0 5 4 
394 6 3 2 1 4 
395 5 3 1 0 
396 5 2 0 4 7 3 6 
397 3 5 7 2 0 
398 2 4 6 7 
399 4 1 2 5 3 
400 0 5 1 7 4 
401 7 1 0 
402 4 2 1 0 
403 7 1 0 4 
404 5 7 6 4 
405 4 2 5 3 0 
406 6 4 2 3 0 5 
407 5 2 3 0 
408 1 2 0 7 4 
409 3 1 2 4 5 0 
410 2 7 6 5 4 
411 5 4 7 6 
412 2 1 3 4 5 0 
413 0 4 6 2 7 
414 4 1 2 5 3 
415 1 4 6 2 0 
416 4 5 0 6 7 2 
417 7 2 0 3 5 6 
418 7 5 1 0 4 
419 4 0 5 
420 1 7 2 0 6 4 
421 6 5 0 4 
422 1 2 0 7 4 
423 5 4 6 7 
424 6 2 1 3 4 7 
425 6 7 5 4 
426 5 4 7 6 
427 4 1 7 2 5 0 
428 1 3 2 4 
429 2 0 6 3 7 
430 5 7 2 0 6 4 
431 3 0 4 
432 4 7 5 6 
433 0 4 
434 1 2 3 5 0 4 
435 4 7 5 2 1 0 
436 6 5 0 4 
437 3 1 4 2 5 
438 5 7 3 2 1 
439 3 7 2 4 0 
440 0 5 1 7 4 
441 2 3 1 4 
442 0 2 1 3 5 
443 4 2 0 6 3 7 
444 0 5 1 7 
445 7 2 0 3 4 1 
446 1 7 5 6 4 
447 6 1 4 2 5 
448 0 5 6 7 2 4 
449 2 7 6 4 5 
450 5 3 2 1 0 
451 7 2 1 0 
452 1 0 4 
453 1 2 5 4 
454 5 2 1 0 
455 0 5 4 6 
456 0 1 4 2 7 
457 4 0 5 
458 6 0 3 7 2 4 
459 5 7 6 4 
460 7 5 1 0 
461 3 0 5 4 
462 2 1 5 3 4 
463 4 3 0 2 6 
464 0 1 7 5 
465 7 4 6 2 
466 4 3 5 2 1 0 
467 7 2 3 5 0 4 
468 5 7 0 4 2 1 
469 4 1 2 0 5 
470 6 0 5 4 
471 5 0 4 6 1 7 
472 1 0 3 7 2 4 6 
473 3 7 5 2 1 0 
474 2 0 5 4 
475 7 0 5 4 
476 2 1 5 4 
477 0 5 4 
478 4 1 2 0 5 
479 1 0 5 4 
480 6 3 2 1 0 
481 7 2 1 3 4 0 
482 7 5 0 4 6 1 
483 4 2 5 3 0 
484 1 2 3 4 5 0 
485 6 7 4 5 
486 1 4 5 7 6 
487 5 1 4 2 
488 5 0 4 6 
489 6 2 1 3 4 0 
490 5 1 2 4 
491 4 6 2 0 
492 1 4 5 7 6 
493 2 7 4 5 6 
494 6 3 1 0 
495 3 1 0 7 5 
496 4 6 2 7 
497 0 7 3 2 1 
498 1 5 7 0 4 
499 7 3 5 2 1 0 
500 6 0 5 4 
501 3 7 5 2 1 0 
502 4 2 3 1 5 0 
503 2 5 4 7 0 6 
504 0 2 3 5 4 
505 2 7 6 4 0 
506 0 2 1 
507 7 5 0 4 6 1 
508 0 5 1 7 
509 7 4 6 2 
510 1 3 2 0 
511 6 4 5 7 
512 0 2 5 3 
513 2 1 5 4 
514 5 1 2 3 4 
515 7 2 1 5 
516 1 3 5 2 0 
517 1 0 5 4 
518 5 1 2 0 4 
519 0 1 2 3 4 5 
520 0 1 2 3 4 5 
521 5 3 1 0 
522 6 2 0 4 7 3 
523 5 0 4 1 7 
524 6 7 5 4 
525 3 1 0 
526 2 0 3 7 4 6 
527 5 4 2 3 0 
528 0 4 5 7 6 
529 7 0 5 4 1 
530 4 1 2 5 
531 7 1 2 5 3 4 
532 5 2 3 1 4 
533 4 5 6 7 
534 6 2 1 3 5 0 
535 5 1 7 0 2 4 
536 1 4 2 3 0 5 
537 3 2 1 4 
538 2 1 4 5 
539 7 0 3 2 4 6 
540 2 7 6 5 4 
541 0 2 3 7 5 6 
542 4 2 1 7 5 
543 1 0 2 5 4 
544 6 7 5 4 
545 7 2 0 4 
546 7 3 5 2 1 0 
547 4 1 0 
548 1 0 4 
549 6 5 4 7 0 
550 1 2 0 
551 5 7 0 4 2 1 
552 7 0 4 2 1 
553 6 7 3 2 1 
554 5 3 2 1 0 
555 4 3 2 1 
556 1 7 6 2 4 0 
557 2 7 0 4 1 
558 7 2 0 3 4 1 
559 3 2 5 0 4 
560 4 1 7 2 5 0 
561 0 5 1 7 4 
562 1 2 7 4 5 6 
563 7 5 1 0 
564 6 3 5 2 1 0 
565 3 1 2 5 4 
566 4 2 1 3 0 
567 2 4 
568 0 1 2 5 4 
569 2 0 3 7 4 6 
570 0 7 6 4 5 
571 7 1 0 4 
572 0 4 2 3 5 
573 7 2 3 5 0 4 
574 1 2 5 3 4 
575 6 5 1 7 0 4 
576 0 7 6 2 4 
577 2 1 5 3 4 
578 5 2 3 1 4 
579 7 0 2 5 4 
580 1 0 
581 1 0 
582 5 2 1 3 0 
583 0 7 2 6 4 
584 0 7 4 6 5 
585 4 3 1 0 
586 6 3 2 1 0 
587 5 4 6 2 7 
588 7 1 0 2 4 
589 3 7 6 4 5 
590 2 4 3 0 5 
592 0 4 5 6 7 
593 7 1 4 2 
594 4 1 2 5 
595 7 2 1 3 4 0 
596 5 0 6 7 2 4 
597 4 1 2 0 3 7 
598 6 2 7 4 5 
599 5 1 7 0 2 4 
600 1 0 
601 3 5 0 6 7 2 4 
602 2 3 5 0 4 
603 7 5 6 4 
604 2 7 4 6 5 
605 0 7 3 2 1 
606 4 0 
607 1 4 6 2 0 
608 6 4 2 3 0 5 
609 7 2 1 3 5 0 
610 5 4 7 0 6 
611 4 7 6 5 
612 1 0 2 5 4 
613 6 2 0 3 7 5 
614 1 7 2 4 0 
615 5 2 6 0 3 4 
616 7 5 1 0 
617 6 3 5 2 1 0 
618 5 4 
619 4 1 2 5 3 
620 1 2 5 4 
621 2 3 1 0 
622 7 2 0 4 3 6 
623 3 0 5 4 1 7 
624 4 2 0 7 3 6 
625 0 2 3 5 4 
626 1 0 5 4 
627 7 2 3 1 5 0 
628 6 1 7 0 2 4 
629 3 1 4 2 5 
630 4 1 7 2 5 0 
631 2 7 0 4 1 
632 0 2 1 3 4 
633 2 5 1 0 7 
634 0 1 7 2 4 
635 7 1 2 0 4 5 
636 2 1 0 
637 7 4 6 2 5 
638 1 2 5 6 0 3 4 
639 6 2 7 4 5 
640 2 1 0 7 5 
641 2 0 3 7 4 6 
642 5 3 2 1 0 
643 7 2 4 5 6 
644 2 5 1 7 0 4 
645 3 1 0 
646 5 7 4 6 
647 2 7 6 4 5 
648 3 0 7 2 4 6 
649 4 2 1 0 
650 6 2 1 3 4 7 
651 5 0 3 7 2 4 6 
652 7 4 5 6 
653 3 4 0 2 6 
654 2 1 7 0 4 
655 5 2 3 0 4 
656 0 4 
657 7 2 4 5 6 
658 4 0 5 1 7 
659 7 2 1 5 
660 5 0 4 6 1 7 
661 4 1 0 
662 6 5 0 4 1 7 
663 5 4 7 6 
664 1 5 0 7 
665 3 4 0 2 6 
666 2 1 7 5 
667 7 1 2 5 4 
668 2 1 0 3 4 7 
669 2 5 0 6 7 4 
670 4 1 2 0 5 
671 1 4 6 2 0 
672 6 1 0 4 
673 7 1 2 5 4 0 
674 7 5 0 4 6 1 
675 4 1 0 
676 1 0 5 4 
677 6 2 1 3 4 7 
678 1 2 3 4 5 0 
679 5 4 7 6 2 
680 7 0 5 4 1 
681 6 0 4 
682 5 7 4 6 
683 4 2 3 1 
684 1 4 2 3 0 5 
685 2 1 7 0 4 
686 7 6 2 4 0 
687 3 4 7 6 2 5 
688 4 0 2 5 
689 2 0 7 4 
690 1 7 0 4 2 
691 4 2 3 1 
692 6 2 1 7 5 
693 3 4 2 0 5 
694 4 1 2 5 
695 2 5 3 0 
696 3 2 1 5 0 
697 2 7 6 4 5 
698 3 7 2 4 0 
699 7 2 0 4 
700 2 7 6 4 0 
701 7 2 4 0 
702 1 2 5 3 0 
703 6 4 5 7 
704 2 0 5 4 1 7 
705 2 1 0 3 4 7 
706 5 7 3 2 1 
707 7 4 5 6 
708 2 7 4 0 
709 3 1 2 5 4 
710 5 2 3 1 0 
711 2 4 3 0 5 
712 3 1 0 4 
713 4 7 3 2 1 
714 6 2 0 3 4 1 
715 5 3 1 0 
716 7 6 5 4 
717 3 2 0 6 7 
718 2 1 4 7 
719 4 2 3 1 
720 0 4 2 3 5 
721 7 4 5 6 
722 4 2 3 1 
723 7 2 0 4 3 6 
724 5 1 2 0 4 
725 4 2 0 3 1 
726 6 0 4 
727 5 4 
728 1 7 4 6 5 
729 3 0 5 4 
730 2 7 6 4 5 
731 6 0 4 
732 2 3 1 5 0 
733 2 4 5 6 7 
734 4 7 6 5 
735 1 0 5 4 
736 6 2 3 1 5 0 
737 6 1 2 5 4 
738 7 5 0 6 2 4 
739 4 3 0 2 6 
740 1 3 0 
741 6 2 0 4 7 3 
742 1 5 0 4 6 7 
743 5 0 4 
744 7 0 5 1 4 
745 6 0 2 5 4 
746 5 7 6 4 
747 4 7 3 2 1 
748 1 4 5 7 6 
749 2 0 5 1 4 
750 7 0 4 
751 3 0 7 2 4 6 
752 4 0 2 5 
753 2 5 7 0 
754 1 2 3 4 0 
755 7 2 0 3 4 1 
756 6 2 3 5 0 4 
757 3 7 2 0 6 4 
758 4 1 2 5 3 
759 2 1 3 5 0 
760 3 5 2 1 0 
761 2 3 5 0 4 
762 3 2 1 6 4 7 
763 6 1 2 3 4 5 0 
764 3 7 2 4 0 
765 7 2 4 0 
766 1 4 2 3 0 5 
767 6 7 4 5 
768 2 1 4 7 
769 2 5 1 7 0 4 
770 5 2 3 1 4 
771 7 3 2 1 
772 2 3 1 0 
773 3 2 1 0 
774 5 0 4 
775 2 7 6 5 4 
776 3 4 7 6 2 5 
777 4 2 1 3 5 0 
778 6 1 7 0 2 4 
779 5 1 4 2 
780 7 0 4 2 1 
781 3 2 0 7 5 6 
782 2 0 4 
783 4 7 2 0 
784 0 5 4 
785 7 4 6 5 
786 4 5 6 7 
787 7 2 5 6 0 3 4 
788 5 1 0 4 
789 4 2 0 6 3 7 
790 6 2 0 3 7 5 
791 5 2 1 7 
792 1 7 0 2 4 
793 3 2 1 7 5 
794 2 7 4 6 5 
795 7 6 2 4 0 
796 2 5 1 0 7 
797 2 4 6 0 
798 4 7 6 2 5 
799 1 0 5 4 
800 6 2 0 3 4 1 
801 7 0 5 4 
802 6 1 7 0 2 4 
803 4 2 0 6 3 7 
804 1 2 5 4 
805 6 3 4 0 2 
806 1 7 2 5 4 0 
807 5 0 1 4 
808 6 2 1 3 4 0 
809 6 3 5 2 1 0 
810 5 2 1 0 
811 4 7 2 0 6 
812 1 2 0 
813 2 7 5 1 0 
814 6 4 5 7 
815 3 7 2 1 
816 4 7 6 5 
817 2 4 5 7 6 
818 1 7 0 4 2 
819 6 7 4 5 
820 6 7 2 0 4 
821 3 4 
822 4 5 7 0 6 
823 2 5 1 0 7 
824 3 2 1 5 0 
825 2 7 3 1 
826 3 7 5 2 1 0 
827 6 2 0 3 4 1 
828 2 0 5 1 4 
829 6 4 2 3 0 5 
830 1 7 3 2 
831 6 4 7 2 5 
832 3 5 0 4 6 
833 3 1 2 0 4 7 
834 5 0 6 7 2 4 
835 6 7 4 5 
836 2 0 5 4 
837 3 5 1 7 0 4 
838 5 2 0 3 4 1 
839 2 4 
840 3 5 0 6 7 2 4 
841 4 1 7 2 5 0 
842 6 3 4 0 2 
843 5 2 1 7 
844 6 2 0 3 7 5 
845 3 4 0 2 6 
846 2 4 
847 4 3 1 0 
848 0 3 7 2 4 6 
849 6 3 4 0 2 
850 4 2 0 7 
851 6 4 
852 5 1 4 2 7 
853 4 7 6 2 0 
854 6 0 5 1 4 
855 5 7 2 1 0 
856 1 5 4 7 0 6 
857 3 2 5 0 
858 2 4 6 0 
859 6 5 0 7 2 4 
860 2 4 6 0 
861 2 0 5 4 1 7 
862 3 0 5 4 1 7 
863 1 2 5 6 0 3 4 
864 6 7 2 4 0 
865 1 4 
866 6 1 0 7 5 
867 4 7 3 2 1 
868 1 2 3 6 4 7 
869 6 5 0 4 
870 1 5 0 4 6 7 
871 0 2 3 5 4 
872 0 2 3 1 5 
873 0 2 5 4 
874 0 5 4 7 6 
875 1 2 0 4 5 
876 0 3 2 1 
877 2 1 0 
878 0 1 4 2 5 
879 3 5 0 6 7 2 4 
880 0 2 1 3 4 
881 2 3 5 1 0 
882 1 0 5 4 7 
883 2 5 3 0 
884 2 1 3 6 4 7 
885 3 2 0 4 1 
886 3 0 5 4 
887 2 0 5 4 
888 3 1 2 5 4 
889 2 1 7 5 4 0 
890 3 0 5 1 4 
891 3 1 2 4 5 0 
892 2 5 7 0 
893 3 1 4 2 7 
894 1 2 0 3 4 
895 3 2 1 4 0 
896 2 3 1 4 
897 2 1 0 
898 0 7 4 6 5 
899 3 2 0 4 1 
900 3 2 1 5 0 
901 3 5 0 4 6 1 7 
902 3 1 2 5 4 
903 3 0 5 4 
904 0 5 4 
905 3 1 2 0 4 5 
906 1 0 5 4 7 
907 3 2 1 4 
908 3 2 1 4 
909 3 0 7 2 4 6 
910 3 2 0 4 7 6 
911 2 0 5 4 
912 1 5 7 0 4 
913 4 2 3 0 5 
914 5 7 2 0 6 4 
915 4 2 3 1 
916 5 1 7 2 4 0 
918 5 0 4 
919 5 2 6 0 3 4 
920 1 7 2 0 6 4 
921 3 2 0 4 7 6 
922 2 1 7 5 
923 3 4 0 2 6 
924 3 1 0 
925 2 1 3 4 0 
926 3 4 0 2 6 
927 1 3 2 4 
928 4 1 2 0 3 7 
929 1 7 0 4 2 
930 5 7 6 4 
931 4 2 0 6 3 7 
932 0 5 6 7 2 4 
933 4 1 7 0 2 
934 1 3 2 4 
935 0 1 
936 0 7 2 4 
937 0 4 
938 0 4 5 6 7 
939 1 2 3 5 0 
940 1 4 6 2 0 
941 3 5 2 1 0 
942 0 5 1 7 
943 3 1 7 2 5 4 0 
944 0 1 2 3 4 5 
945 3 1 0 4 
946 1 2 3 6 4 7 
947 3 4 5 7 6 
948 2 7 4 6 5 
949 3 5 0 6 7 2 4 
950 3 1 4 2 7 
951 3 7 6 2 4 0 
952 0 1 7 2 5 4 
953 3 4 7 6 2 5 
954 0 7 5 6 4 
955 3 1 2 0 4 5 
956 3 2 5 6 0 4 
957 3 1 2 0 4 7 
958 1 7 5 6 4 
959 3 5 4 7 0 6 
960 3 4 0 2 6 
961 3 2 5 0 
962 0 3 4 2 6 
963 3 5 0 4 6 1 7 
964 3 1 2 0 4 7 
965 3 7 4 6 5 
966 3 1 0 7 5 
967 3 0 5 4 
968 3 1 4 2 7 
969 3 0 4 
970 1 7 5 2 0 
971 3 2 5 0 4 
972 3 4 
973 3 4 6 2 7 
974 3 2 0 4 7 6 
975 2 4 7 6 5 
976 0 5 7 2 
977 4 7 6 2 0 
978 4 3 2 1 0 
979 5 3 4 0 2 6 
980 5 2 7 4 6 
981 5 3 2 1 0 
982 5 1 2 0 3 4 7 
983 5 0 4 6 
984 1 2 3 4 0 
985 3 2 1 5 0 
986 3 1 0 
987 5 3 1 0 
988 3 0 5 1 4 
989 0 2 5 4 
990 5 0 2 4 
991 0 3 1 
992 5 2 6 0 3 4 
993 5 7 6 4 
994 6 1 0 7 5 
995 4 2 0 6 3 7 
996 0 3 4 2 6 
997 6 1 0 
998 0 2 4 7 3 6 
999 5 2 0 3 4 1 
1000 6 4 5 7 
1001 6 7 2 4 0 
1002 5 7 0 4 2 1 
1003 5 1 7 0 2 4 
1004 0 3 5 2 1 
1005 3 7 6 2 4 0 
1006 6 5 0 4 
1007 3 5 1 7 0 4 
1008 5 2 0 3 7 6 
1009 0 1 2 5 3 4 
1010 0 1 2 4 5 
1011 6 7 3 2 1 
1012 6 2 3 1 4 
1013 3 2 1 4 
1014 5 1 4 2 7 
1015 3 4 6 2 0 
1016 0 4 6 2 7 
1017 3 2 1 6 4 7 
1018 0 4 5 7 6 
1019 6 0 5 4 1 7 
1020 0 2 5 3 
1021 6 1 7 0 2 4 
1022 0 1 2 3 4 7 
1023 6 2 0 3 7 5 
