0 4 7 5 2 
1 0 7 6 4 2 3 
2 0 5 6 7 3 
3 7 2 6 3 0 
4 6 7 3 
5 6 4 5 7 3 2 
6 2 7 4 6 5 0 
7 2 7 4 5 3 
8 7 6 4 1 0 
9 2 0 7 4 5 1 3 
10 2 7 6 3 0 
11 0 4 5 3 7 
12 4 1 7 0 
13 2 3 1 0 
14 2 0 7 3 1 
15 7 6 4 5 3 
16 3 1 7 2 0 
17 5 6 7 4 1 
18 2 4 7 
19 1 7 5 4 6 0 
20 1 0 7 2 3 
21 3 6 4 5 7 
22 6 1 2 0 
23 5 0 6 1 4 3 
24 4 6 5 7 3 
25 5 0 7 2 3 1 
26 3 7 4 5 1 0 
27 7 4 5 1 3 0 
28 6 0 3 4 2 5 1 7 
29 3 6 5 4 2 
30 7 6 4 1 
31 2 4 5 0 1 7 3 
32 0 3 2 7 1 
33 1 6 4 5 7 3 
34 2 0 1 3 
35 1 7 6 2 
36 2 3 0 
37 3 7 6 4 2 
38 7 6 4 1 
39 5 4 7 
40 6 7 2 
41 6 1 2 0 
42 3 2 7 6 0 
43 6 7 3 
44 7 6 2 3 
45 7 6 5 4 3 2 
46 5 4 7 6 
47 6 0 3 2 7 1 
48 3 6 0 7 
49 3 0 7 2 1 
50 7 1 0 3 
51 0 7 2 3 
52 5 0 4 7 2 3 
53 3 1 7 2 0 
54 0 2 4 7 1 
55 4 7 2 3 
56 3 2 0 1 
57 7 2 4 0 1 
58 2 1 7 3 0 
59 4 6 1 0 
60 4 5 3 7 0 
61 4 0 1 2 3 
62 7 5 4 6 0 
63 2 0 5 4 3 6 1 
64 4 2 7 0 3 
65 0 5 4 2 7 3 
66 0 6 1 4 3 
67 7 4 2 3 
68 6 7 5 2 3 0 
69 7 4 5 2 3 
70 0 6 7 3 2 
71 2 0 3 4 5 1 7 
72 7 1 5 0 
73 2 5 7 6 3 
74 2 5 4 7 3 
75 0 3 2 
76 4 0 1 2 3 
77 2 7 5 3 0 
78 2 1 0 3 
79 6 2 0 1 3 
80 3 6 4 1 0 
81 5 4 3 7 0 
82 2 4 6 1 0 7 3 
83 1 5 6 7 3 
84 1 7 4 5 3 0 
85 3 2 4 7 0 1 
86 7 1 4 0 5 6 2 
87 5 4 0 1 7 2 3 
88 4 1 0 5 6 2 
89 5 7 4 1 3 0 
90 3 5 0 4 7 2 
91 7 2 3 0 
92 6 0 5 4 3 1 
93 3 7 6 
94 7 1 0 3 
95 2 1 0 3 
96 0 4 7 5 2 
97 1 2 3 0 
98 2 6 1 7 3 
99 1 0 3 4 2 5 7 
100 2 4 5 6 7 3 
101 3 4 6 1 0 7 
102 7 4 5 2 
103 5 7 6 4 0 
104 6 7 0 3 2 
105 6 7 4 2 3 
106 3 4 5 2 7 
107 6 5 2 7 3 
108 7 6 0 3 2 
109 7 4 5 1 3 0 
110 5 0 4 3 6 1 
111 6 7 4 0 
112 3 5 4 0 1 7 2 
113 3 7 1 0 4 5 
114 7 6 1 3 
115 0 2 4 7 1 
116 4 6 1 2 3 0 
117 3 6 0 7 
118 0 6 4 1 2 3 
119 4 7 5 2 3 
120 3 2 1 0 
121 7 4 5 2 3 
122 2 5 7 6 3 
123 4 1 7 3 2 0 
124 4 7 5 2 3 0 
125 4 2 7 0 1 
126 7 3 
127 2 1 7 3 0 
128 4 5 0 1 7 2 3 
129 0 7 4 6 5 
130 0 1 2 3 
131 7 0 1 2 3 
132 6 0 3 4 2 5 1 7 
133 7 6 4 0 1 
134 2 7 4 6 0 
135 2 5 4 7 3 
136 7 0 1 2 3 
137 2 6 7 4 1 
138 2 7 6 4 0 
139 0 7 2 3 
140 4 5 7 2 
141 2 4 5 3 7 0 
142 2 4 7 
143 7 5 2 3 0 
144 3 7 6 4 2 
145 5 1 0 2 3 
146 2 1 4 0 5 6 
147 1 7 6 3 
148 0 7 4 5 1 3 
149 3 5 6 7 
150 6 3 2 0 
151 5 6 7 3 
152 4 5 7 6 
153 5 7 4 6 0 
154 3 4 5 0 1 7 2 
155 7 4 
156 6 4 5 0 1 7 3 2 
157 3 5 4 2 7 
158 7 1 0 2 3 
159 2 4 5 7 6 
160 0 5 4 1 7 2 3 
161 1 7 4 0 3 
162 2 1 7 4 0 
163 1 0 2 3 
164 2 6 4 1 3 0 
165 3 7 2 
166 6 7 5 4 0 
167 5 2 4 7 0 1 
168 6 3 2 0 
169 6 4 0 1 
170 3 7 2 
171 6 7 4 5 0 
172 7 5 0 4 2 3 
173 7 4 6 0 
174 5 1 7 4 0 
175 6 7 3 
176 3 7 6 4 2 
177 3 4 5 2 7 
178 7 2 0 1 3 
179 0 6 4 1 
180 4 7 2 3 
181 3 7 4 5 1 0 
182 0 7 1 4 5 3 
183 4 1 7 0 
184 3 5 2 7 6 
185 7 5 0 4 2 3 
186 2 7 4 5 1 3 0 
187 4 0 3 2 5 1 7 
188 4 5 6 7 3 2 
189 4 6 1 2 3 0 
190 7 0 3 4 2 5 1 
191 2 7 3 
192 4 6 7 0 3 2 
193 0 6 7 3 2 
194 0 7 4 6 5 
195 7 4 5 0 1 3 2 
196 6 4 5 7 3 
197 7 4 5 2 3 
198 2 7 6 3 
199 1 4 7 
200 6 7 2 3 
201 3 6 7 0 2 
202 2 3 0 
203 0 6 5 4 3 2 
204 4 7 1 0 5 3 
205 2 0 5 4 3 6 1 
206 1 5 0 4 7 2 3 
207 7 4 5 6 3 2 
208 1 0 5 4 3 6 
209 5 6 4 1 0 
210 3 0 4 2 5 1 7 
211 0 2 3 1 
212 1 7 4 6 5 0 
213 3 4 5 7 0 
214 6 7 4 0 
215 5 4 7 6 
216 4 2 7 0 3 
217 5 7 6 4 0 
218 3 0 4 2 5 1 7 
219 7 6 4 2 3 
220 6 7 2 3 
221 3 4 7 1 0 
222 6 4 5 3 7 0 
223 1 6 4 0 
224 0 4 6 1 7 3 
225 1 3 6 0 7 
226 2 7 6 3 
227 1 4 5 7 2 
228 2 7 6 
229 0 6 5 4 3 2 
230 7 2 3 0 
231 5 1 4 0 6 2 
232 6 4 2 3 7 
233 6 2 7 0 3 
234 3 4 5 7 6 
235 6 4 5 7 3 2 
236 7 1 4 0 
237 7 1 2 0 
238 5 7 6 2 
239 6 4 5 7 2 
240 2 1 7 4 0 3 
241 3 1 7 4 0 
242 5 6 7 3 
243 0 6 1 4 3 
244 6 2 3 1 0 
245 3 0 1 2 
246 0 3 2 7 1 
247 4 1 0 3 
248 3 2 0 1 
249 7 4 5 2 3 
250 2 4 5 7 6 
251 4 0 3 2 7 1 
252 4 3 7 1 0 
253 4 5 3 7 0 
254 7 4 5 0 1 3 2 
255 2 5 4 0 1 7 3 
256 4 7 
257 0 1 2 3 
258 0 4 5 7 6 
259 6 5 4 3 2 
260 6 3 2 0 
261 7 6 4 2 3 
262 2 6 4 0 1 
263 2 6 1 7 3 
264 7 2 6 3 0 
265 2 6 4 1 3 0 
266 2 7 6 
267 0 4 5 1 7 3 2 
268 4 7 6 2 3 
269 2 7 3 
270 2 4 5 7 6 
271 7 2 0 1 3 
272 3 1 7 4 0 
273 5 4 7 2 
274 2 4 5 7 
275 1 4 5 7 6 
276 1 7 0 4 5 3 
277 3 0 5 4 6 1 
278 4 6 1 0 
279 5 7 6 3 
280 4 6 1 7 3 
281 5 0 7 4 1 3 
282 3 1 0 2 
283 7 6 2 
284 6 0 1 4 3 
285 1 0 3 2 7 
286 7 6 4 1 
287 3 1 0 2 
288 0 2 3 1 
289 1 5 4 0 7 2 3 
290 2 4 5 7 6 
291 1 4 5 7 2 
292 3 7 5 4 6 0 
293 3 1 0 
294 7 4 5 2 3 
295 5 0 4 7 2 3 
296 6 3 0 7 
297 6 7 4 1 
298 1 3 6 0 7 
299 5 4 6 7 3 2 
300 7 5 4 0 1 2 3 
301 7 6 2 3 
302 5 2 0 1 3 
303 6 4 1 2 3 0 
304 3 2 0 
305 1 0 3 
306 6 5 4 2 7 3 
307 0 7 3 
308 4 1 0 5 6 2 
309 3 5 4 2 7 
310 0 1 7 4 3 
311 4 7 6 0 
312 3 7 2 
313 7 2 4 0 1 
314 2 7 4 5 1 3 0 
315 4 5 2 7 3 
316 4 7 6 2 3 
317 4 0 7 2 3 1 
318 7 6 4 2 3 
319 2 7 4 6 0 
320 4 7 2 3 
321 0 2 1 3 
322 0 7 5 2 3 
323 7 6 4 1 
324 6 1 0 3 
325 7 2 3 
326 2 4 5 6 7 3 
327 2 7 6 
328 7 4 2 3 
329 2 7 3 
330 2 3 6 0 7 
331 0 6 7 4 1 
332 5 0 6 1 4 3 
333 2 7 0 3 
334 2 7 6 4 0 
335 7 6 4 1 0 
336 3 1 2 0 
337 5 6 4 7 3 
338 0 2 3 1 
339 1 4 0 5 6 2 
340 3 7 4 5 2 
341 3 1 0 2 
342 6 5 4 3 2 
343 5 2 7 6 3 
344 4 5 3 7 0 
345 5 3 2 0 
346 3 7 6 2 
347 7 4 5 2 
348 6 7 4 5 0 
349 3 1 0 2 
350 4 7 5 2 
351 2 7 1 0 4 5 3 
352 0 7 6 2 3 
353 1 5 2 7 6 3 
354 2 4 7 5 
355 1 3 4 7 0 
356 1 7 5 2 3 0 
357 3 2 1 0 
358 7 4 6 1 0 3 
359 5 7 6 2 
360 6 1 4 0 5 2 
361 6 4 1 2 3 0 
362 3 6 4 1 2 0 
363 6 2 7 3 0 
364 7 6 2 
365 7 0 2 3 1 
366 5 7 4 6 0 
367 6 7 5 2 3 0 
368 3 1 7 2 0 
369 3 1 7 2 0 
370 7 3 2 0 
371 0 3 4 2 5 1 7 
372 4 3 2 0 
373 3 5 0 4 7 2 
374 1 6 4 0 
375 4 0 7 5 1 3 
376 3 4 5 7 0 
377 7 6 1 3 
378 1 2 3 0 
379 4 2 0 1 3 
380 4 7 6 3 
381 5 4 7 2 
382 7 0 6 1 4 3 
383 2 7 1 5 0 
384 4 7 6 3 
385 0 5 4 3 6 1 
386 0 6 4 1 
387 6 3 0 7 
388 6 7 2 
389 4 6 7 1 
390 2 6 1 7 3 
391 2 6 4 1 3 0 
392 7 2 6 3 0 
393 1 0 3 
394 2 4 3 7 
395 0 6 4 1 
396 4 7 6 5 0 
397 3 1 7 4 0 
398 3 7 5 2 0 
399 7 0 4 5 1 3 
400 3 0 2 7 1 
401 5 2 3 0 
402 2 4 5 3 7 0 
403 3 7 5 4 6 0 
404 1 4 6 0 7 3 
405 3 5 2 7 6 
406 6 7 4 0 
407 5 7 6 2 
408 4 0 1 2 3 
409 5 4 6 1 0 7 3 
410 3 2 0 1 
411 5 0 1 2 3 
412 6 5 0 4 7 2 3 
413 3 0 4 2 5 1 7 
414 7 5 6 3 
415 1 7 4 0 
416 0 3 6 7 
417 1 7 3 2 0 
418 2 6 7 0 3 
419 1 6 4 0 
420 2 3 6 0 7 
421 3 7 6 4 0 
422 7 4 5 6 
423 5 7 6 4 2 3 
424 6 4 0 1 
425 6 0 5 4 3 1 
426 3 1 7 4 0 
427 6 0 1 2 3 
428 5 4 2 3 7 
429 6 4 5 3 7 0 
430 5 6 4 7 3 
431 5 1 0 3 
432 3 4 7 1 0 
433 3 6 7 4 1 
434 7 3 6 0 
435 0 6 1 4 3 
436 6 7 2 
437 3 4 5 7 2 
438 0 2 7 6 3 
439 4 6 7 0 3 2 
440 1 2 0 
441 7 0 3 2 1 
442 3 1 0 2 
443 4 6 1 0 
444 4 2 3 0 
445 4 2 3 1 0 
446 7 3 
447 3 1 7 2 0 
448 4 3 2 0 
449 0 2 4 7 1 
450 0 4 5 6 7 3 2 
451 7 3 6 0 
452 6 0 7 2 3 1 
453 7 4 5 6 
454 2 4 3 7 
455 2 1 4 0 5 6 
456 7 4 5 2 
457 2 3 0 
458 2 4 5 0 1 7 3 
459 1 2 7 0 3 
460 4 1 0 3 
461 2 0 1 3 
462 2 0 6 1 4 3 
463 7 6 2 
464 3 4 5 7 0 
465 5 3 4 7 1 0 
466 2 4 5 0 1 7 3 
467 1 7 6 2 
468 1 2 0 
469 3 4 5 7 6 
470 6 1 7 4 0 3 
471 5 7 6 3 
472 4 6 5 7 3 
473 5 4 7 2 
474 3 5 6 7 
475 7 5 4 6 0 
476 6 0 1 4 3 
477 3 6 4 1 0 
478 7 4 5 3 0 
479 2 7 6 4 3 
480 0 1 7 4 3 
481 1 0 5 4 3 6 
482 3 0 7 4 5 1 
483 1 5 6 7 3 
484 2 4 7 
485 3 0 7 4 5 1 
486 6 7 4 0 
487 5 4 2 7 3 
488 6 3 2 0 
489 6 7 4 5 0 
490 3 7 4 6 5 0 
491 6 4 5 7 3 
492 7 2 3 1 0 
493 7 2 0 1 3 
494 5 0 4 7 2 3 
495 6 7 4 5 2 3 
496 3 7 5 4 6 0 
497 3 2 1 0 
498 7 4 5 0 1 3 2 
499 0 7 3 
500 4 1 0 5 6 2 
501 3 6 4 1 0 
502 0 7 6 4 2 3 
503 4 6 7 1 
504 3 7 6 4 0 
505 7 2 0 3 
506 2 1 7 3 0 
507 4 7 6 2 
508 4 2 7 0 3 
509 4 6 1 0 7 3 
510 7 2 3 
511 2 4 3 7 
512 5 6 7 3 
513 0 4 5 7 2 
514 0 4 5 2 3 7 
515 7 4 5 2 
516 6 1 4 0 5 2 
517 7 4 5 2 3 
518 2 1 0 3 
519 2 4 3 7 
520 7 2 6 3 0 
521 2 3 0 
522 2 0 7 3 1 
523 0 7 1 5 
524 4 6 1 0 
525 2 3 4 7 1 0 
526 2 7 1 0 4 5 3 
527 7 0 4 5 1 3 
528 3 1 7 4 0 
529 5 7 1 0 4 3 
530 2 4 5 0 1 7 3 
531 1 6 4 5 7 3 
532 1 6 4 2 3 0 
533 3 6 4 1 2 0 
534 6 7 3 
535 5 7 2 3 
536 4 7 
537 5 7 1 0 
538 1 7 4 5 3 0 
539 7 3 4 1 0 
540 6 4 5 7 
541 3 2 0 
542 7 4 
543 2 7 4 6 5 0 
544 0 7 2 3 
545 1 2 3 0 
546 2 0 3 4 5 1 7 
547 1 6 7 3 
548 2 7 4 5 3 
549 3 0 2 7 1 
550 7 1 4 0 3 
551 5 0 6 1 4 3 
552 6 4 7 
553 6 0 1 2 3 
554 3 7 
555 6 3 2 0 
556 7 5 6 3 
557 7 4 5 2 
558 5 0 4 3 6 1 
559 6 7 2 
560 3 7 6 
561 3 0 7 2 1 
562 7 1 5 0 
563 0 7 1 5 
564 4 0 6 1 3 
565 3 4 7 
566 0 5 4 7 2 3 
567 4 7 5 6 0 
568 3 0 5 4 6 1 
569 7 4 2 3 
570 2 5 7 6 3 
571 4 6 0 1 
572 4 0 1 2 3 
573 4 7 5 2 3 
574 7 4 6 0 
575 2 7 3 
576 4 6 1 7 3 
577 0 4 2 3 7 
578 0 7 6 4 
579 7 5 4 0 1 2 3 
580 6 4 5 0 1 7 3 2 
581 7 6 0 3 2 
582 2 7 3 
583 2 5 6 7 3 
584 7 1 3 2 0 
585 2 0 1 3 
586 2 5 0 4 7 3 
587 0 7 1 4 5 3 
588 4 7 6 5 0 
589 2 5 4 0 1 7 3 
590 2 5 7 6 3 
591 7 5 2 3 0 
592 3 4 2 7 
593 5 0 7 4 1 3 
594 2 4 5 7 6 
595 1 5 2 7 6 3 
596 1 4 2 3 7 
597 3 6 4 1 2 0 
598 6 7 2 3 
599 5 7 2 3 
600 4 0 3 2 7 1 
601 5 1 2 0 
602 3 5 4 0 1 7 2 
603 7 4 5 6 
604 6 4 5 7 2 
605 3 0 7 4 5 1 
606 7 6 2 3 
607 2 1 7 4 0 
608 0 1 7 4 3 
609 1 6 7 4 
610 3 5 0 4 7 2 
611 1 4 5 7 2 
612 2 1 4 0 5 6 
613 2 7 3 
614 7 2 3 
615 5 7 1 0 
616 5 1 0 3 
617 6 7 1 0 4 5 3 
618 3 4 5 0 1 7 2 
619 6 2 7 0 3 
620 7 5 2 6 3 
621 7 4 6 1 0 3 
622 5 7 4 6 0 
623 6 5 4 2 7 3 
624 3 2 0 1 
625 3 1 0 
626 7 3 
627 0 2 7 6 3 
628 5 1 0 2 3 
629 3 4 7 1 0 
630 0 6 4 5 7 3 
631 4 7 1 0 5 3 
632 3 5 0 4 7 2 
633 6 1 4 0 5 2 
634 2 4 7 0 1 
635 4 7 5 2 3 
636 4 5 2 7 6 3 
637 4 6 7 0 3 2 
638 6 7 4 1 
639 1 6 7 3 
640 4 7 5 2 3 
641 0 5 4 2 7 3 
642 0 7 4 6 
643 7 1 2 0 
644 6 7 5 4 0 
645 7 4 2 3 
646 3 4 5 7 6 
647 2 4 7 
648 6 4 5 7 
649 3 4 5 2 7 
650 2 1 0 
651 0 7 6 3 
652 4 7 5 6 0 
653 2 3 4 7 1 0 
654 2 4 5 7 6 
655 7 4 5 2 3 
656 3 6 7 4 1 
657 5 7 6 2 
658 3 2 0 
659 1 5 4 2 7 3 
660 1 7 4 5 3 0 
661 0 6 1 7 3 
662 7 6 4 1 2 3 0 
663 5 6 4 7 3 
664 4 3 7 1 0 
665 5 4 2 7 3 
666 3 2 7 6 0 
667 6 4 1 0 
668 6 1 7 3 2 0 
669 3 7 1 5 0 
670 6 7 4 5 2 3 
671 3 2 7 6 0 
672 0 1 7 4 
673 1 6 4 2 3 0 
674 2 1 0 
675 1 4 5 7 6 
676 2 4 7 5 
677 3 7 6 2 
678 7 2 0 3 
679 5 7 4 6 0 
680 6 5 2 7 3 
681 6 1 0 3 
682 3 2 0 1 
683 6 4 5 7 3 2 
684 7 1 0 2 3 
685 7 4 5 6 
686 5 7 2 3 
687 6 7 4 2 3 
688 3 6 4 1 0 
689 3 6 1 7 
690 7 5 2 3 0 
691 0 3 4 7 1 
692 4 0 5 3 6 1 
693 3 4 7 
694 0 7 6 4 
695 4 6 1 7 3 
696 3 0 2 7 1 
697 7 3 
698 2 7 3 
699 4 0 7 2 3 1 
700 4 5 2 7 3 
701 4 7 5 1 3 0 
702 7 3 
703 3 6 5 4 2 
704 4 5 2 3 7 
705 0 4 5 1 7 3 2 
706 0 7 4 6 
707 7 4 6 5 0 
708 6 3 4 7 1 0 
709 7 2 3 
710 2 4 5 7 6 
711 2 7 6 4 3 
712 4 3 7 1 0 
713 2 7 4 6 0 
714 2 4 6 1 0 7 3 
715 0 6 4 5 7 3 
716 4 6 0 1 
717 2 0 5 4 3 6 1 
718 2 4 7 0 1 
719 7 0 3 2 1 
720 3 7 5 4 6 0 
721 5 0 7 4 1 3 
722 2 4 5 3 7 
723 1 6 4 0 
724 1 4 5 6 7 3 2 
725 3 5 0 4 7 2 
726 6 3 0 7 
727 5 7 4 6 0 
728 4 7 6 0 
729 5 0 1 2 3 
730 3 4 5 6 7 2 
731 7 1 3 2 0 
732 6 2 7 3 0 
733 3 0 5 4 6 1 
734 7 6 0 3 2 
735 2 1 0 
736 0 7 4 5 2 3 
737 1 7 2 3 
738 2 7 6 
739 1 4 5 2 3 7 
740 2 5 6 7 3 
741 3 4 5 7 6 
742 7 2 0 3 
743 5 7 6 2 3 
744 6 2 3 0 
745 6 4 1 0 7 3 
746 3 6 4 0 1 
747 6 7 2 
748 7 6 4 1 0 
749 7 6 2 
750 5 6 4 3 2 
751 6 7 4 1 
752 3 4 5 2 7 
753 3 6 4 5 7 
754 7 6 2 3 
755 0 1 4 5 6 2 
756 4 2 3 7 
757 3 0 4 2 5 1 7 
758 0 6 7 3 2 
759 4 6 1 7 3 
760 3 7 6 4 0 
761 7 0 2 3 1 
762 2 3 6 0 7 
763 4 2 3 1 0 
764 4 2 7 0 3 
765 4 7 6 2 
766 7 4 5 6 
767 2 4 6 1 0 7 3 
768 4 5 2 3 7 
769 0 6 4 1 
770 0 6 1 4 3 
771 7 4 5 2 3 
772 6 7 3 
773 7 2 4 0 1 
774 2 3 6 0 7 
775 2 0 3 7 1 
776 7 0 3 2 1 
777 2 6 7 0 3 
778 2 7 5 3 0 
779 0 7 2 3 
780 4 0 7 5 1 3 
781 2 7 6 
782 2 7 6 4 0 
783 6 4 5 7 2 
784 3 7 
785 5 7 1 0 4 3 
786 2 4 5 7 
787 1 2 3 0 
788 1 2 7 6 3 0 
789 0 1 7 4 
790 6 4 5 7 3 2 
791 5 7 2 3 
792 4 6 5 3 2 
793 5 4 7 2 
794 1 5 4 0 7 2 3 
795 6 1 7 3 
796 6 7 0 3 2 
797 1 7 4 0 
798 6 7 5 2 3 0 
799 1 7 5 0 
800 0 2 7 6 3 
801 1 4 6 0 7 3 
802 0 3 2 
803 1 7 3 2 0 
804 1 7 5 4 6 0 
805 0 7 6 3 
806 6 7 5 4 0 
807 5 7 4 2 3 
808 6 4 5 7 3 2 
809 6 3 4 7 1 0 
810 1 4 7 5 2 
811 6 1 7 4 0 
812 6 0 7 2 3 1 
813 6 1 0 3 
814 5 7 6 3 
815 6 7 2 
816 0 7 6 2 3 
817 1 0 7 4 5 3 
818 6 4 0 1 
819 0 7 2 3 1 
820 4 3 6 0 7 
821 0 6 4 1 2 3 
822 0 2 7 3 
823 4 5 0 1 7 2 3 
824 1 7 4 5 3 0 
825 6 0 3 2 7 1 
826 1 2 7 0 3 
827 4 6 5 3 2 
828 4 1 7 0 3 
829 4 0 6 1 3 
830 6 5 7 3 
831 1 0 3 
832 4 2 7 0 3 
833 0 2 4 7 1 
834 0 7 6 2 
835 6 5 4 2 7 3 
836 6 7 5 4 0 
837 6 0 7 4 5 1 3 
838 0 4 5 6 7 3 2 
839 1 7 6 3 
840 6 7 0 3 2 
841 1 5 6 7 3 
842 1 7 4 0 
843 0 4 6 1 7 3 
844 4 5 0 1 7 3 2 
845 1 7 6 4 0 
846 1 4 5 2 3 7 
847 6 2 3 1 0 
848 1 7 4 6 5 0 
849 5 6 4 3 2 
850 1 2 3 0 
851 1 4 2 3 7 
852 1 2 4 7 0 
853 0 7 5 2 3 
854 6 1 2 0 
855 5 2 3 0 
856 4 2 3 7 
857 5 0 3 2 7 1 
858 1 4 5 7 6 
859 6 7 3 
860 6 2 3 0 
861 1 7 6 2 
862 6 1 7 3 
863 1 2 4 7 0 
864 0 7 2 3 1 
865 1 0 6 4 3 
866 0 5 4 3 6 1 
867 1 7 5 0 
868 1 7 4 6 5 0 
869 0 7 2 3 
870 6 7 2 
871 5 4 2 3 7 
872 6 1 7 3 2 0 
873 6 7 2 
874 1 7 6 2 
875 6 1 7 3 
876 6 5 4 0 1 7 2 3 
877 6 7 5 2 3 0 
878 5 4 0 1 7 2 3 
879 6 7 2 3 
880 1 7 2 3 
881 1 4 7 
882 6 3 0 7 
883 0 4 5 2 3 7 
884 4 2 0 1 3 
885 0 4 6 1 7 3 
886 0 5 4 7 2 3 
887 4 1 2 0 
888 1 5 6 7 3 
889 4 7 2 3 
890 0 1 7 3 2 
891 4 6 5 3 2 
892 4 5 0 1 7 2 3 
893 4 6 5 7 3 
894 5 2 3 0 
895 1 2 0 
896 4 7 6 2 3 
897 4 5 3 7 0 
898 4 6 5 3 2 
899 4 6 7 1 
900 4 1 7 0 
901 5 7 2 3 0 
902 0 1 2 3 
903 1 2 7 0 3 
904 1 7 2 3 
905 1 7 0 4 5 3 
906 1 4 5 7 6 
907 0 7 1 4 5 3 
908 1 0 6 4 3 
909 1 7 4 6 0 
910 0 3 4 7 1 
911 5 1 2 0 
912 5 6 4 7 3 
913 0 1 7 4 3 
914 5 7 4 6 0 
915 5 4 7 2 
916 5 7 2 3 
917 5 3 4 7 1 0 
918 5 4 7 6 
919 5 1 4 0 6 2 
920 5 1 7 4 0 
921 1 2 0 3 
922 5 2 0 1 3 
923 5 4 6 7 3 2 
924 5 4 7 6 
925 4 7 6 0 
926 0 1 3 
927 5 7 1 0 4 3 
928 5 1 7 4 0 3 
929 1 2 7 6 3 0 
930 1 4 7 5 2 
931 1 0 7 2 3 
932 1 7 5 0 
933 5 2 7 0 3 
934 5 7 6 2 
935 0 7 1 5 
936 1 7 4 0 3 
937 1 7 4 0 
938 5 2 7 6 3 
939 1 7 5 0 
940 0 4 6 1 7 3 
941 1 7 5 0 
942 5 7 6 4 2 3 
943 5 4 0 1 7 2 3 
944 0 7 5 4 6 
945 1 0 2 3 
946 5 7 4 6 0 
947 0 2 3 
948 1 6 7 0 3 2 
949 0 6 1 4 3 
950 1 5 6 7 3 
951 4 5 2 7 3 
952 5 0 7 2 3 1 
953 4 5 0 1 7 3 2 
954 4 5 7 2 
955 4 0 7 5 1 3 
956 4 5 6 7 3 2 
957 5 4 6 1 0 7 3 
958 0 1 3 
959 5 0 3 4 2 1 7 
960 4 5 0 1 7 3 2 
961 1 7 6 2 
962 1 5 0 4 7 2 3 
963 4 6 5 3 2 
964 4 5 2 7 6 3 
965 4 7 6 2 3 
966 0 6 5 4 3 2 
967 1 4 5 7 6 
968 0 7 6 3 
969 1 0 3 2 7 
970 0 1 7 4 3 
971 0 7 4 5 2 3 
972 0 7 4 5 1 3 
973 1 0 5 4 3 6 
974 1 6 5 4 3 2 
975 1 7 5 0 
976 1 4 0 5 6 2 
977 0 5 4 2 7 3 
978 1 2 4 7 0 
979 1 2 7 6 3 0 
980 5 6 4 0 1 
981 5 0 3 4 2 1 7 
982 4 7 2 3 
983 5 3 2 0 
984 4 2 7 0 1 
985 1 3 2 0 
986 5 4 7 2 
987 5 6 4 1 2 3 0 
988 5 4 7 2 
989 4 0 3 2 5 1 7 
990 0 1 2 3 
991 5 7 2 3 
992 5 7 4 6 0 
993 1 2 0 
994 0 7 1 4 5 3 
995 1 0 7 4 5 3 
996 1 4 7 5 2 
997 5 2 3 1 0 
998 5 2 7 6 3 
999 0 7 4 6 
1000 0 4 5 3 7 
1001 1 7 2 3 
1002 5 7 4 1 3 0 
1003 0 6 4 1 
1004 0 7 6 2 
1005 0 7 4 5 1 3 
1006 5 7 4 1 3 0 
1007 5 4 7 6 
1008 0 3 4 2 5 1 7 
1009 1 6 4 0 
1010 5 4 7 
1011 1 4 5 7 6 
1012 0 4 5 3 7 
1013 0 7 6 2 
1014 0 4 7 
1015 5 4 7 6 
1016 5 2 3 1 0 
1017 5 7 1 0 
1018 5 7 2 3 
1019 5 0 1 2 3 
1020 5 7 2 3 
1021 5 7 2 3 0 
1022 0 1 4 5 6 2 
1023 5 7 1 0 4 3 
