0 6 0 2 5 4 3 
1 7 5 0 
2 0 1 2 6 7 3 
3 0 7 4 6 5 3 2 
4 1 0 4 
5 7 6 
6 6 7 0 1 2 
7 5 1 2 4 3 
8 1 4 0 5 2 7 
9 6 1 0 
10 2 3 6 7 
11 0 7 4 2 
12 1 2 0 4 7 3 
13 2 5 4 6 7 
14 5 6 1 0 
15 1 4 0 5 2 6 
16 1 6 7 
17 0 1 2 6 7 3 
18 7 5 4 
19 7 0 2 1 3 4 5 
20 5 1 0 2 6 7 3 
21 4 5 0 2 7 
22 6 1 5 3 4 2 
23 7 6 
24 4 0 1 
25 1 3 7 
26 7 0 4 5 2 
27 0 6 5 4 7 
28 7 0 4 1 6 
29 4 5 6 0 
30 0 1 5 3 2 
31 7 0 4 6 5 3 2 
32 6 0 2 1 3 
33 7 0 4 1 6 
34 0 1 5 3 2 
35 0 7 6 1 
36 1 6 7 
37 7 2 0 1 3 
38 6 0 2 4 1 5 
39 5 1 0 
40 1 0 2 4 7 
41 6 2 1 0 3 
42 2 0 4 1 6 
43 0 6 1 
44 1 6 0 
45 2 0 5 4 7 
46 5 6 7 
47 1 4 5 2 0 
48 1 2 0 3 6 7 
49 1 3 2 0 
50 7 0 6 3 5 2 
51 7 1 5 3 4 2 
52 5 1 0 
53 4 0 1 6 
54 6 5 0 4 2 7 
55 7 6 2 0 
56 4 1 3 2 0 
57 1 0 2 5 4 7 
58 7 2 1 0 3 
59 0 1 5 
60 5 6 7 
61 4 7 0 2 
62 0 2 1 3 
63 7 0 6 2 
64 6 7 0 4 2 
65 7 0 2 5 4 
66 0 2 4 7 
67 0 1 
68 1 7 0 4 2 
69 7 0 6 2 
70 6 1 0 
71 4 5 2 0 
72 1 0 2 4 5 6 
73 6 7 
74 2 0 5 4 3 
75 0 7 
76 1 6 0 
77 2 5 0 4 7 
78 5 2 0 3 6 7 
79 1 4 0 5 2 7 
80 1 0 2 3 
81 1 0 2 6 7 3 
82 6 0 2 7 
83 7 6 5 4 
84 5 4 7 
85 4 1 0 5 6 
86 6 0 7 3 5 2 
87 7 6 2 0 
88 4 7 6 5 3 2 
89 1 0 2 
90 7 4 5 
91 0 6 7 
92 7 0 2 1 3 
93 4 2 0 3 6 7 
94 0 5 4 2 7 
95 7 5 4 
96 6 4 0 5 2 7 
97 7 5 0 
98 0 4 6 2 5 3 7 
99 0 6 7 
100 1 2 0 3 6 7 
101 7 1 0 2 6 3 
102 6 4 1 5 7 0 
103 5 1 3 2 0 
104 1 2 3 
105 6 0 2 1 3 
106 2 4 0 1 5 6 
107 0 5 4 7 
108 1 2 0 4 7 3 
109 2 6 4 5 0 
110 5 1 0 3 2 
111 1 0 4 6 
112 1 6 0 
113 1 0 4 7 5 2 
114 7 0 2 4 5 3 
115 7 2 3 1 
116 5 4 7 
117 4 0 2 1 5 6 
118 6 4 1 5 7 0 
119 7 0 2 1 3 4 5 
120 4 5 7 
121 1 4 0 5 2 6 
122 7 1 0 2 6 3 
123 0 7 6 2 
124 7 0 6 3 5 2 
125 5 1 0 3 2 
126 0 4 5 2 
127 7 0 2 1 3 
128 6 7 1 4 5 3 2 
129 7 5 4 6 
130 0 2 1 3 
131 0 1 4 5 3 
132 1 2 0 3 6 7 
133 7 1 3 2 0 
134 6 1 5 0 
135 5 0 6 2 7 
136 1 7 0 4 6 5 3 2 
137 6 4 5 2 0 
138 2 3 6 7 
139 0 2 
140 1 5 0 4 2 7 
141 2 0 3 6 7 
142 5 0 4 7 2 
143 1 0 2 
144 1 0 2 4 5 3 7 
145 1 0 2 
146 7 6 5 4 
147 7 6 4 0 
148 5 0 2 4 1 6 
149 4 0 2 5 7 
150 6 4 7 5 3 2 
151 7 1 5 0 3 2 
152 4 6 1 2 
153 1 2 0 3 
154 7 0 2 
155 0 3 7 
156 7 0 2 5 4 
157 4 1 0 2 6 7 3 
158 0 2 1 3 7 4 5 
159 7 6 1 0 
160 6 7 
161 7 0 2 5 4 
162 0 2 1 3 7 4 5 
163 0 5 7 
164 1 6 7 
165 7 3 
166 6 5 4 7 
167 5 7 6 1 0 
168 1 0 2 6 7 3 
169 6 1 0 
170 2 6 4 5 0 
171 0 5 4 7 
172 1 5 6 4 0 
173 2 1 5 0 
174 5 6 4 0 
175 0 6 2 7 
176 1 4 5 3 0 
177 1 6 4 5 7 0 
178 7 6 4 0 
179 7 1 5 0 
180 5 6 4 0 
181 4 6 5 0 
182 6 7 
183 7 5 0 
184 4 1 0 5 6 
185 1 6 0 
186 7 0 2 1 3 4 5 
187 0 7 4 2 
188 7 0 4 1 6 
189 4 2 1 0 3 
190 0 6 2 7 
191 4 0 2 7 
192 6 3 7 
193 7 6 5 4 
194 0 1 4 5 3 
195 0 1 5 
196 1 6 7 
197 7 0 2 4 1 5 6 
198 4 0 5 2 7 
199 5 1 0 3 2 
200 1 4 5 3 0 
201 6 1 0 3 2 
202 2 6 4 5 0 
203 0 1 2 
204 1 7 6 0 
205 2 0 5 4 7 
206 5 0 1 4 
207 1 4 5 2 0 
208 1 2 0 3 
209 1 0 4 3 2 7 
210 7 0 4 6 5 3 2 
211 4 7 
212 5 7 0 1 6 2 
213 4 0 3 2 7 
214 6 4 5 7 0 
215 7 0 2 1 3 
216 4 0 7 5 2 
217 0 2 1 3 7 4 5 
218 7 6 5 4 
219 0 7 
220 7 1 5 0 3 2 
221 4 5 7 
222 0 2 5 4 7 
224 5 3 7 
225 7 4 6 5 3 2 
226 0 2 1 3 7 4 5 
227 0 2 1 3 
228 1 0 2 3 
229 7 6 4 5 0 
230 6 7 
231 5 1 4 0 6 
232 1 6 7 
233 6 4 0 5 2 7 
234 2 6 1 0 
235 0 4 5 7 
236 1 3 7 
237 2 1 0 3 
238 4 0 2 5 7 
239 1 6 4 5 7 0 
240 1 5 0 
241 1 7 0 6 2 
242 7 4 0 2 3 
243 7 0 6 3 5 2 
244 5 1 4 3 0 
245 4 2 0 7 3 
246 6 7 0 4 2 
247 7 4 5 
248 4 2 1 0 3 
249 1 4 5 7 
250 7 3 
251 0 4 5 7 
252 7 5 0 4 2 
253 4 6 7 
254 0 1 2 4 5 3 
255 7 0 4 3 2 
256 6 1 3 2 0 
257 7 0 4 2 
258 0 2 1 3 
259 0 6 7 
260 1 0 2 
261 7 6 2 0 
262 6 0 2 4 1 5 
263 5 4 6 7 0 
264 1 2 0 3 
265 6 4 0 1 5 2 
266 2 0 7 6 3 5 
267 0 1 2 4 5 3 
268 0 7 6 3 5 2 
269 2 7 0 1 6 
270 5 4 6 7 0 
271 1 6 4 5 0 
272 1 4 5 3 0 
273 1 4 0 5 2 7 
274 7 2 0 1 3 
275 6 5 0 4 2 7 
276 5 2 0 1 3 
277 4 0 1 5 2 6 
278 6 2 0 3 7 
279 6 1 0 
280 4 5 0 7 
281 1 2 0 4 7 3 
282 7 6 
283 0 4 7 5 2 
284 7 0 2 5 4 
285 4 1 0 2 6 7 3 
286 0 1 2 4 5 3 
287 7 6 1 0 
288 6 5 4 7 
289 5 1 4 0 6 
290 0 1 5 3 4 2 
291 0 1 
292 1 5 4 6 7 
293 7 0 4 2 
294 6 1 4 5 3 0 
295 5 6 4 1 7 0 
296 1 6 4 0 
297 6 7 1 4 5 3 2 
298 2 5 0 4 7 
299 0 4 5 6 7 
300 1 2 3 
301 2 0 5 4 3 
302 5 4 0 1 2 6 
303 1 2 3 
304 0 1 4 
305 1 2 0 3 6 7 
306 7 1 4 5 3 2 
307 7 4 0 5 2 
308 5 6 4 1 7 0 
309 4 0 1 6 
310 6 1 4 0 5 
311 5 2 0 4 7 3 
312 4 7 0 2 
313 1 6 0 
314 7 2 3 6 
315 0 7 6 3 5 2 
316 7 0 2 1 3 4 5 
317 4 7 6 2 0 
318 0 4 1 6 
319 7 6 4 5 0 
320 6 0 2 5 4 7 
321 7 6 
322 0 4 5 2 7 
323 0 6 4 1 5 7 
324 1 2 3 6 7 
325 6 2 3 1 
326 6 4 5 7 0 
327 5 4 7 
328 1 7 4 5 3 2 
329 5 2 0 1 3 
330 2 1 5 3 4 
331 0 7 
332 1 7 0 4 6 5 3 2 
333 2 4 5 0 
334 5 7 0 4 6 3 2 
335 1 0 2 5 4 3 
336 1 5 4 6 7 
337 1 0 4 
338 5 0 2 
339 7 5 0 4 2 
340 5 7 0 4 2 
341 4 0 5 2 7 
342 6 1 4 0 5 
343 7 6 
344 5 0 2 4 7 
345 2 1 5 0 
346 6 0 2 5 4 7 
347 0 6 1 
348 6 2 0 1 3 
349 4 0 7 5 2 
350 0 1 
351 7 0 2 5 4 
352 6 1 2 4 5 3 
353 6 0 2 7 
354 0 4 7 6 5 3 2 
355 0 6 2 7 
356 0 5 4 6 7 
357 4 2 3 6 7 
358 6 1 5 0 
359 5 0 4 7 2 
360 0 5 4 6 7 
361 6 5 4 7 
362 2 1 0 3 
363 0 7 
364 1 6 7 
365 2 0 3 6 7 
366 5 0 7 
367 1 0 2 4 7 
368 1 3 2 0 
369 1 2 3 6 7 
370 7 6 1 2 4 
371 7 1 3 2 0 
372 5 4 0 2 3 7 
373 5 7 0 4 2 
374 5 0 2 4 3 
375 7 2 0 4 3 
376 4 0 1 5 2 6 
377 1 7 4 5 3 2 
378 4 1 3 2 0 
379 0 2 4 5 3 7 
380 7 0 2 1 3 
381 4 7 6 5 3 2 
382 0 4 5 2 7 
383 6 4 0 2 3 7 
384 6 7 1 0 
385 7 5 4 6 
386 0 1 5 3 2 
387 0 6 4 1 5 7 
388 1 0 2 6 7 3 
389 7 1 4 5 3 2 
390 6 4 5 7 0 
391 5 2 0 4 7 3 
392 1 0 4 
393 6 7 2 0 
394 2 0 1 3 7 4 5 
395 0 1 
396 3 6 7 
397 3 0 2 5 4 7 
398 5 1 3 4 2 
399 1 6 7 
400 1 0 4 3 2 7 
401 1 0 2 5 4 7 
402 7 3 
403 7 0 4 5 2 
404 5 6 4 7 
405 4 7 
406 6 2 0 3 7 
407 7 1 5 3 4 2 
408 4 6 1 0 
409 1 4 7 6 5 3 2 
410 7 0 4 3 2 
411 0 2 3 6 7 
412 7 2 0 3 6 
413 4 2 0 3 6 7 
414 0 7 6 3 5 2 
415 7 0 2 5 4 
416 6 4 7 5 3 2 
417 7 6 
418 0 6 1 2 4 
419 0 2 3 6 7 
420 1 7 0 4 2 
421 7 0 6 2 
422 6 0 2 4 7 
423 5 4 7 
424 1 2 0 3 6 7 
425 6 2 1 0 3 
426 2 4 5 0 
427 0 6 5 4 7 
428 1 6 4 5 7 0 
429 2 7 6 0 
430 5 1 4 0 6 
431 1 0 4 
432 1 2 4 5 3 
433 1 4 0 5 2 7 
434 7 0 6 2 
435 7 0 2 5 4 3 
436 5 6 4 0 
437 4 0 2 1 3 
438 6 4 2 5 3 7 0 
439 7 0 1 2 
440 4 0 3 2 7 
441 1 7 0 6 2 
442 7 0 2 4 1 5 6 
443 0 2 5 4 3 
444 7 1 0 3 2 
445 4 0 7 5 2 
446 0 2 3 6 7 
447 7 0 4 3 2 
448 6 0 2 5 4 3 
449 7 1 5 0 3 2 
450 0 6 5 4 7 
451 0 4 7 5 2 
452 1 0 4 6 
453 7 4 0 2 3 
454 6 4 0 1 5 2 
455 5 0 4 2 7 
456 1 5 4 7 
457 6 2 0 3 7 
458 2 0 3 6 7 
459 0 6 7 
460 1 5 0 3 2 
461 2 3 6 7 
462 5 6 4 7 
463 1 7 6 0 
464 1 4 5 6 7 0 
465 1 0 2 3 
466 7 6 
467 7 1 4 5 3 0 
468 5 0 4 7 2 
469 4 5 2 0 
470 6 4 0 
471 7 4 5 2 0 
472 4 1 0 3 2 
473 1 6 7 
474 7 0 2 1 3 
475 0 4 7 5 2 
476 7 0 1 2 
477 4 0 1 2 
478 0 1 2 
479 7 0 2 4 
480 6 7 1 0 
481 7 6 5 4 
482 0 6 7 
483 0 6 4 
484 1 0 2 6 7 3 
485 7 5 0 
486 6 0 2 4 1 5 
487 5 6 7 
488 1 7 0 4 6 5 3 2 
489 6 7 1 4 5 3 2 
490 2 3 6 7 
491 0 5 4 6 7 
492 1 0 4 
493 2 7 
494 5 4 6 7 
495 1 2 0 3 6 7 
496 1 0 4 6 
497 1 0 2 
498 7 5 0 4 2 
499 7 2 0 3 6 
500 5 0 2 
501 4 0 2 3 7 
502 6 0 2 4 1 5 
503 7 6 
504 4 5 7 
505 1 6 0 
506 7 2 3 6 
507 0 4 2 3 7 
508 7 4 6 5 3 2 
509 4 5 6 7 
510 0 4 2 3 7 
511 7 0 2 
512 6 7 2 0 
513 7 4 0 5 2 
514 0 6 7 
515 0 7 6 1 
516 1 4 0 2 3 7 
517 7 4 5 2 0 
518 6 0 2 
519 5 0 2 4 1 6 
520 1 6 0 
521 6 0 4 3 2 7 
522 2 4 0 3 7 
523 0 7 
524 1 4 5 7 
525 2 5 0 4 7 
526 5 7 
527 1 0 3 2 
528 1 6 2 4 
529 1 6 2 4 
530 7 5 0 
531 7 4 5 6 0 
532 5 6 4 0 
533 4 7 6 1 0 
534 6 0 4 3 2 7 
535 7 2 0 3 6 
536 4 1 0 5 6 
537 1 4 0 2 3 7 
538 7 4 5 2 0 
539 0 2 4 5 3 7 
540 7 1 0 2 6 3 
541 4 6 1 0 
542 0 2 3 6 7 
543 7 2 0 1 3 
544 6 7 0 1 2 
545 7 0 1 4 
546 0 4 2 3 7 
547 0 4 3 2 7 
548 1 0 2 3 7 4 5 
549 7 4 5 
550 6 0 2 
551 5 6 1 2 4 
552 1 6 4 0 
553 6 0 4 3 2 7 
554 2 3 7 
555 0 1 4 5 6 
556 1 6 4 0 
557 2 0 4 1 6 
558 5 1 0 3 2 
559 1 6 7 
560 1 6 7 
561 1 2 3 
562 7 2 0 4 3 
563 7 4 0 5 2 
564 5 6 7 
565 4 1 3 2 0 
566 6 2 0 4 7 3 
567 7 4 6 2 5 3 0 
568 4 0 2 5 7 
569 1 7 0 6 2 
570 7 0 2 4 5 3 
571 0 6 7 
572 7 6 5 4 
573 4 5 0 7 
574 0 6 1 
575 7 6 1 0 
576 6 4 0 
577 6 7 0 4 5 3 2 
578 0 5 6 4 
579 0 6 1 
580 1 6 2 4 
581 6 2 0 3 7 
582 6 0 2 4 7 
583 5 1 0 3 2 
584 1 5 3 4 2 
585 6 7 0 1 2 
586 2 0 4 7 5 
587 0 5 7 
588 1 5 0 7 
589 2 0 7 6 3 5 
590 5 0 2 4 3 7 
591 1 2 3 
592 1 2 0 3 6 7 
593 1 6 7 
594 6 2 0 3 7 
595 6 1 2 4 
596 5 1 0 
597 4 7 1 5 3 2 
598 6 0 1 4 
599 6 1 3 2 0 
600 4 0 1 
601 1 3 2 0 
602 6 2 3 1 
603 0 5 4 6 7 
604 6 7 0 1 2 
605 4 0 2 7 
606 0 3 7 
607 6 0 2 5 4 7 
608 6 4 5 0 
609 6 5 4 7 
610 0 1 2 4 5 3 
611 0 1 5 3 2 
612 1 0 7 6 3 5 2 
613 6 1 0 
614 6 0 2 4 1 5 
615 5 4 6 2 3 7 0 
616 0 2 4 7 
617 6 2 0 3 7 
618 2 4 0 5 7 
619 0 4 1 5 2 6 
620 0 4 5 7 
621 2 7 0 4 6 5 3 
622 5 4 6 2 3 7 0 
623 0 2 1 3 
624 0 5 4 2 7 
625 0 2 4 7 3 
626 6 0 2 1 3 
627 6 5 4 7 
628 5 4 0 2 3 7 
629 4 1 5 0 3 2 
630 6 2 3 7 
631 6 7 
632 4 0 1 6 
633 0 5 4 7 
634 6 0 2 4 5 3 7 
635 0 2 3 6 7 
636 6 3 7 
637 4 7 0 2 
638 0 7 6 2 
639 6 0 2 4 7 
640 6 7 2 0 
641 6 5 4 0 
642 0 1 4 5 3 
643 0 4 5 7 
644 0 7 6 1 
645 6 0 1 2 
646 6 1 4 0 5 
647 5 4 6 7 0 
648 0 2 
649 6 0 2 4 7 
650 2 7 0 1 6 
651 0 2 5 4 7 
652 0 4 1 6 
653 2 6 7 
654 5 0 2 1 3 7 4 
655 0 6 7 
656 0 1 3 2 
657 0 6 4 5 
658 6 2 3 1 
659 6 1 2 4 
660 5 6 4 7 
661 4 6 1 5 7 0 
662 6 1 0 
663 6 0 2 
664 4 5 0 2 7 
665 0 6 1 
666 6 5 4 7 
667 0 2 5 4 7 
668 6 2 0 3 7 
669 4 6 0 
670 0 6 1 
671 6 4 7 5 3 2 
672 6 1 2 4 5 3 
673 6 4 2 5 3 7 0 
674 3 2 1 
675 2 0 4 1 5 6 
676 3 6 7 
677 6 4 5 7 0 
678 6 0 4 3 2 7 
679 5 0 1 4 
680 3 4 6 2 5 7 0 
681 6 1 4 5 3 0 
682 2 4 5 6 7 0 
683 3 4 5 6 7 0 
684 3 0 2 5 4 
685 2 4 5 0 
686 5 2 0 3 6 7 
687 3 4 6 2 5 7 0 
688 2 3 6 7 
689 3 0 6 2 7 
690 6 4 0 1 5 2 
691 6 0 2 
692 5 2 0 4 7 3 
693 4 7 0 6 5 3 2 
694 6 1 0 3 2 
695 6 1 2 4 
696 4 0 6 2 7 
697 2 4 7 6 5 3 
698 6 0 2 
699 3 1 0 2 
700 6 3 7 
701 4 1 5 3 2 
702 2 0 7 6 3 5 
703 6 0 7 3 5 2 
704 6 2 0 3 7 
705 6 1 5 3 4 2 
706 3 0 2 5 4 
707 2 4 5 7 
708 3 0 2 5 4 7 
709 6 7 0 4 5 3 2 
710 6 1 0 
711 5 1 4 0 6 
712 3 0 1 2 
713 4 6 1 2 
714 2 7 0 4 6 5 3 
715 3 7 6 1 0 
716 3 0 7 6 5 2 
717 2 4 0 1 5 6 
718 5 2 3 1 
719 3 5 0 7 
720 2 1 0 3 
721 2 0 4 7 3 
722 5 6 1 0 
723 4 0 2 5 3 7 
724 5 0 2 4 7 
725 4 2 0 3 6 7 
726 5 4 7 
727 4 6 1 0 
728 4 6 0 
729 2 6 1 0 
730 4 6 7 
731 3 0 1 2 
732 5 0 2 
733 4 0 2 5 7 
734 2 1 3 0 
735 5 1 0 
736 5 0 7 
737 5 0 2 1 3 7 4 
738 3 0 6 2 7 
739 2 5 6 4 0 
740 3 4 0 2 7 
741 4 5 6 7 0 
742 5 1 4 3 0 
743 5 7 6 1 0 
744 3 1 5 0 2 
745 4 2 0 7 3 
746 2 6 7 
747 3 7 
748 3 6 4 5 0 
749 2 0 1 
750 5 1 4 0 6 
751 3 7 0 1 6 2 
752 2 4 6 5 3 7 0 
753 2 1 0 6 7 3 
754 5 1 0 
755 5 1 0 3 2 
756 5 6 1 2 4 
757 4 1 5 3 0 
758 5 6 7 
759 4 1 0 5 6 
760 4 7 0 6 5 3 2 
761 2 4 6 5 3 7 0 
762 4 7 0 2 
763 3 6 4 1 5 7 0 
764 5 2 0 4 7 3 
765 4 1 0 
766 2 7 6 1 0 
767 4 0 2 5 3 7 
768 5 4 0 1 2 6 
769 5 7 1 4 3 2 
770 3 0 4 2 7 
771 2 1 4 0 5 6 
772 3 1 2 4 5 
773 5 6 4 0 
774 4 2 0 1 3 
775 5 7 6 2 0 
776 3 7 6 2 0 
777 4 0 2 5 3 
778 2 6 4 1 5 7 0 
779 3 2 6 7 
780 3 4 0 1 5 2 6 
781 2 7 6 0 
782 5 1 0 
783 3 1 2 4 5 
784 2 1 5 0 
785 2 6 4 0 
786 5 1 2 4 3 
787 4 6 0 
788 5 0 2 4 7 
789 4 5 6 7 
790 5 1 3 2 0 
791 4 0 2 
792 4 7 0 1 6 2 
793 2 1 5 0 3 
794 4 0 2 1 3 7 5 
795 3 7 6 1 0 
796 5 4 7 
797 4 1 0 3 2 
798 2 4 0 3 7 
799 4 6 1 5 7 0 
800 5 2 0 1 3 
801 5 1 0 
802 3 7 0 1 6 2 
803 2 0 5 4 7 
804 3 0 6 2 7 
805 4 2 0 7 3 
806 4 1 0 3 2 
807 5 1 4 0 6 
808 3 4 0 5 2 7 
809 4 0 1 
810 2 0 4 5 3 7 
811 3 6 5 4 7 
812 3 2 1 
813 2 5 0 4 7 
814 5 1 0 2 6 7 3 
815 3 5 6 4 0 
816 2 0 4 5 3 7 
817 2 6 4 1 5 7 0 
818 5 4 0 2 7 
819 4 0 2 5 7 
820 5 0 2 4 3 
821 4 0 1 6 
822 5 1 0 3 2 
823 4 5 6 7 0 
824 4 0 2 5 7 
825 2 0 4 7 3 
826 4 2 0 1 3 
827 3 1 4 5 0 
828 5 6 4 0 
829 4 6 5 7 
830 3 7 
831 4 0 2 5 7 
832 5 7 
833 5 6 1 2 4 
834 3 4 0 1 5 2 6 
835 2 1 0 
836 3 0 4 1 6 
837 4 1 5 3 0 
838 4 7 0 2 
839 5 0 1 2 
840 3 7 0 4 6 5 2 
841 4 1 5 0 
842 2 0 7 6 3 5 
843 3 0 2 4 5 7 
844 3 0 7 6 5 2 
845 2 6 1 4 
846 5 0 2 4 3 7 
847 3 7 6 2 0 
848 2 4 6 5 3 7 0 
849 2 0 1 3 
850 5 0 1 2 
851 4 0 2 5 7 
852 5 0 7 6 3 2 
853 4 0 2 7 
854 5 1 3 4 2 
855 4 7 1 5 3 2 
856 4 0 2 
857 2 0 5 4 3 
858 4 0 2 
859 3 5 0 4 2 7 
860 5 0 4 7 2 
861 4 0 7 5 2 
862 2 3 1 
863 4 1 0 2 6 7 3 
864 5 7 1 4 3 2 
865 5 7 
866 3 1 0 2 
867 2 7 1 4 5 3 
868 3 6 1 0 
869 4 0 2 5 3 7 
870 4 5 2 0 
871 5 0 6 2 7 
872 3 6 1 2 4 
873 4 1 2 5 3 
874 2 6 4 5 0 
875 3 6 4 5 0 
876 3 0 2 5 4 
877 2 3 6 7 
878 5 6 4 0 
879 3 4 7 6 5 2 
880 2 4 5 0 
881 2 0 1 
882 5 4 6 2 3 7 0 
883 4 7 6 5 3 2 
884 5 1 0 
885 4 0 2 5 7 
886 5 7 6 2 0 
887 4 5 7 
888 4 5 6 0 
889 2 5 6 4 0 
890 4 7 
891 3 6 7 
892 5 4 2 0 
893 4 0 2 1 5 6 
894 2 7 6 1 0 
895 4 7 0 2 
896 4 3 7 
897 5 0 2 4 1 6 
898 3 2 1 
899 2 5 0 7 
900 3 0 1 4 
901 4 1 2 5 3 
902 4 6 1 0 
903 5 4 2 0 
904 3 6 4 0 
905 4 1 5 0 
906 2 0 4 3 7 
907 3 4 5 7 
908 3 1 0 
909 2 1 5 3 4 
910 5 1 0 
911 3 2 0 6 7 
912 2 0 5 4 7 
913 2 6 7 
914 5 1 0 
915 2 1 5 3 4 
916 3 2 1 0 
917 3 0 2 4 7 
918 2 1 0 3 
919 2 0 1 3 7 4 5 
920 3 0 2 4 7 
921 2 6 1 4 
922 2 0 4 1 5 6 
923 3 1 2 0 
924 3 2 6 7 
925 3 7 
926 2 0 5 4 7 
927 3 5 0 7 
928 2 5 0 7 
929 0 4 6 2 5 3 7 
930 3 1 2 4 5 
931 2 1 0 3 
932 3 0 2 4 1 5 6 
933 2 6 4 5 0 
934 3 0 1 4 
935 3 2 0 1 
936 3 2 1 
937 1 7 6 0 
938 2 7 1 4 5 3 
939 3 7 
940 3 1 4 0 5 6 
941 2 1 0 3 
942 3 0 2 4 5 7 
943 3 4 5 7 
944 2 0 4 7 
945 2 4 6 5 3 7 0 
946 3 7 
947 2 1 3 0 
948 3 0 2 4 5 7 
949 3 7 1 4 5 2 
950 3 4 7 6 5 2 
951 2 5 6 4 0 
952 3 6 7 
953 2 1 5 3 4 
954 2 0 3 6 7 
955 3 7 6 2 0 
956 3 0 4 2 7 
957 3 4 6 2 5 7 0 
958 2 1 5 0 3 
959 3 1 0 
960 2 1 4 5 3 
961 0 2 1 3 
962 3 7 1 4 5 2 
963 3 6 1 0 
964 3 2 0 1 
965 3 7 0 1 6 2 
966 2 6 4 0 
967 3 0 4 2 7 
968 3 6 4 5 0 
969 1 6 4 5 7 0 
970 3 0 2 1 7 4 5 
971 3 0 6 2 7 
972 3 1 5 4 2 
973 2 0 5 4 3 
974 3 2 1 0 
975 3 4 5 6 7 0 
976 3 2 0 6 7 
977 2 5 4 6 7 
978 3 6 4 0 
979 3 5 6 4 0 
980 3 6 7 
981 3 2 0 1 
982 2 6 1 0 
983 2 4 7 6 5 3 
984 3 1 4 5 0 
985 2 7 0 1 6 
986 3 6 7 
987 3 0 2 1 7 4 5 
988 3 6 4 1 5 7 0 
989 3 7 0 4 6 5 2 
990 2 1 0 3 
991 3 5 4 6 7 
992 2 0 5 4 3 
993 0 6 4 5 
994 3 1 5 0 
995 2 4 5 6 7 0 
996 3 0 4 1 6 
997 2 4 6 5 3 7 0 
998 2 4 0 3 7 
999 3 1 4 5 0 
1000 3 0 4 7 5 2 
1001 1 4 0 5 2 6 
1002 2 1 5 3 4 
1003 3 2 1 
1004 3 4 0 2 7 
1005 2 4 7 6 5 3 
1006 3 2 1 0 
1007 3 5 4 7 
1008 3 4 7 6 5 2 
1009 3 6 1 0 
1010 3 7 0 1 6 2 
1011 3 4 0 1 5 2 6 
1012 3 1 5 4 2 
1013 3 1 5 0 2 
1014 3 0 2 1 
1015 2 7 0 4 6 5 3 
1016 3 5 4 7 
1017 2 6 7 
1018 3 5 6 4 0 
1019 3 7 1 4 5 2 
1020 3 0 1 4 
1021 3 0 2 1 
1022 3 1 0 2 6 7 
1023 3 1 2 4 5 
