0 4 7 6 0 
1 1 3 7 2 
2 7 4 5 3 2 
3 1 7 3 
4 4 5 2 
5 2 7 6 1 
6 1 7 6 
7 5 4 2 
8 1 0 3 
10 1 7 4 5 3 2 
11 2 3 0 1 
12 6 3 4 2 
13 0 7 2 3 
14 5 7 3 
15 5 4 6 2 3 
16 2 3 6 4 
17 2 3 6 4 
18 3 0 1 
19 2 7 3 
20 2 3 
21 4 7 2 
22 4 7 5 3 2 
23 4 7 6 5 3 2 
24 4 0 2 
25 0 7 4 2 
26 6 0 2 
27 7 0 1 3 
28 4 1 3 2 
29 3 7 
30 2 3 0 1 
31 6 3 2 
32 5 3 7 2 
33 4 6 3 2 
34 5 4 3 2 
35 3 0 2 
36 1 0 3 2 
37 0 7 6 
38 0 1 3 
39 6 4 3 2 
40 7 0 1 3 
41 3 7 
42 4 2 3 
43 6 4 5 3 2 
44 3 7 4 6 5 2 
45 3 1 2 
46 1 7 6 3 
47 7 4 5 2 
48 1 7 6 3 
49 3 6 4 2 
50 3 0 1 2 
51 4 5 2 
52 7 4 5 2 
53 5 4 6 0 
54 4 1 3 2 
55 2 7 3 
56 6 0 1 3 
57 7 1 3 2 
58 5 7 3 
59 6 0 3 2 
60 6 0 1 3 2 
61 0 6 4 3 2 
62 0 7 4 2 
63 0 7 6 1 
64 4 7 5 3 2 
65 1 3 0 2 
66 7 3 
67 1 0 3 
68 4 0 1 3 
69 3 7 6 
70 2 0 1 3 
71 5 0 2 
72 1 3 0 2 
73 3 7 
74 0 7 4 5 3 2 
75 3 6 4 2 
76 6 4 5 3 2 
77 0 7 6 3 
78 5 3 7 2 
79 5 7 6 0 
80 2 1 3 
81 2 7 3 
82 3 6 4 2 
83 2 4 6 5 0 
84 2 0 1 3 
85 4 6 5 2 3 
86 4 0 3 2 
87 4 3 0 1 2 
88 4 3 6 2 
89 0 7 6 1 
90 6 4 5 0 
91 7 0 3 2 
92 4 7 6 3 
93 3 6 4 2 
94 2 3 
95 6 4 5 0 
96 5 3 0 1 2 
97 7 4 5 2 
98 4 7 6 3 
99 3 0 1 
100 1 7 6 3 
101 0 7 3 
102 0 1 3 2 
103 7 0 2 
104 7 3 
105 3 7 6 
106 4 7 6 0 
107 6 7 4 5 3 2 
108 3 0 1 2 
109 3 7 4 5 2 
110 1 7 2 3 
111 7 0 1 3 
112 1 3 2 
113 3 7 6 
114 0 3 7 2 
115 4 5 2 
116 7 0 1 3 
117 5 4 6 0 
118 4 5 2 
119 2 4 5 
120 6 0 1 3 
121 7 3 0 1 2 
122 5 3 
123 6 0 2 
124 6 7 2 3 
125 0 6 4 3 2 
126 0 7 2 3 
127 0 7 4 2 
128 4 0 1 3 
129 1 7 2 3 
130 7 3 6 4 2 
131 1 7 2 3 
132 4 7 6 5 3 2 
133 2 7 6 3 
134 1 7 4 5 3 2 
135 5 0 1 3 
136 1 7 6 3 
137 3 0 2 
138 0 7 6 3 
139 3 0 1 2 
140 6 4 5 3 2 
141 0 7 4 2 
142 5 7 4 6 3 2 
143 5 4 2 
144 2 7 6 1 
145 2 7 4 5 3 
146 3 0 1 2 
147 2 1 3 
148 2 7 4 5 3 
149 4 3 0 1 2 
150 4 0 1 3 
151 4 3 2 
152 4 0 1 3 
153 0 4 5 2 
154 6 7 1 
155 7 4 5 2 
156 4 3 0 1 2 
157 3 0 1 2 
158 2 4 5 
159 6 0 1 3 2 
160 5 2 3 
161 4 7 6 3 
162 5 3 0 1 2 
163 3 4 5 2 
164 1 7 4 5 3 2 
165 0 2 
166 0 7 6 3 
167 6 7 3 
168 7 3 
169 3 6 4 2 
170 5 7 4 3 2 
171 6 3 2 
172 0 1 3 
173 3 7 6 
174 1 3 0 2 
175 7 4 6 5 3 2 
176 1 3 7 2 
177 3 0 1 2 
178 0 7 6 3 
179 4 2 3 
180 7 3 
181 5 4 2 
182 5 0 1 3 
183 0 7 6 3 
184 7 3 2 
185 7 4 6 5 0 
186 5 3 
187 6 7 0 
188 6 4 3 2 
189 0 3 
190 0 3 2 
191 0 3 6 4 2 
192 5 4 6 0 
193 1 7 4 2 
194 7 6 3 
195 1 4 6 5 2 3 
196 4 7 2 3 
197 2 7 6 0 
198 1 7 4 2 
199 5 7 6 3 
200 1 3 0 2 
201 3 7 6 
202 3 0 1 
203 3 2 
204 7 3 0 1 2 
205 0 3 2 
206 4 0 1 3 
207 5 7 6 0 
208 2 7 4 
209 2 6 4 3 
211 2 7 4 5 3 
212 3 1 2 
213 5 0 3 2 
214 4 0 1 3 2 
215 4 7 6 0 
216 4 7 6 0 
217 0 3 1 2 
218 6 0 1 3 
219 7 3 6 4 2 
220 4 7 6 3 
221 3 7 6 0 
222 2 7 6 0 
223 6 3 0 1 2 
224 5 3 2 
225 4 3 0 1 2 
226 5 7 3 
227 3 7 2 
228 1 4 5 3 2 
229 0 3 1 2 
230 0 7 6 3 
231 5 7 6 0 
232 7 3 0 1 2 
233 3 7 2 
234 4 0 3 2 
235 7 4 5 2 
236 3 7 2 
237 3 7 2 
238 1 7 6 
239 7 0 1 3 
240 1 7 6 
241 3 7 
242 0 1 3 
243 4 6 3 2 
244 7 6 0 
245 4 0 1 3 
246 4 7 6 3 
247 2 3 6 4 
248 6 2 3 
249 7 0 1 3 
250 5 3 2 
251 6 3 
252 6 7 4 5 3 2 
253 0 7 6 
254 1 7 4 2 
255 0 7 6 3 
256 4 6 5 0 
257 1 2 3 
258 7 0 2 
259 1 2 3 
260 4 3 2 
261 0 3 2 
262 1 7 4 5 3 2 
263 5 4 6 0 
264 1 7 6 0 
265 3 7 6 
266 0 7 4 6 5 3 2 
267 3 7 6 0 
268 6 7 0 
269 0 7 4 2 
270 4 7 6 3 
271 5 7 6 3 
272 2 7 4 5 3 
273 2 3 
274 3 6 4 2 
275 2 7 6 1 
276 1 7 4 5 3 2 
277 7 4 5 3 2 
278 4 7 2 
279 4 2 3 
280 4 5 2 
281 0 7 6 3 
282 6 3 
283 7 3 0 1 2 
284 4 1 3 2 
285 3 7 2 
286 2 4 6 5 3 
287 6 7 4 5 3 2 
288 5 3 0 1 2 
289 5 4 2 
290 5 0 1 3 2 
291 3 2 
292 1 3 7 2 
293 0 4 6 5 2 3 
294 0 7 6 1 
295 6 0 2 
296 7 4 6 5 0 
297 3 0 1 
298 4 7 5 3 2 
299 6 0 1 3 
300 0 7 4 5 3 2 
301 3 0 1 2 
302 1 7 6 0 
303 7 3 0 1 2 
304 0 4 6 5 2 3 
305 3 6 4 2 
306 0 4 5 2 
307 4 7 5 3 2 
308 6 4 5 2 
309 5 6 4 3 2 
310 4 7 6 5 3 2 
311 2 4 5 3 
312 6 3 
313 6 7 3 
314 5 3 0 1 2 
315 6 3 0 1 2 
316 6 7 3 
317 0 4 5 2 
318 0 7 4 6 5 3 2 
320 4 3 0 1 2 
321 0 1 3 
322 6 7 3 
323 1 4 6 5 0 
324 4 7 3 
325 2 1 3 
326 1 4 6 5 0 
327 5 0 2 
328 1 4 5 3 2 
329 3 7 2 
330 0 2 3 
331 1 4 6 5 2 3 
332 6 4 5 2 
333 0 7 6 3 
334 5 7 3 
335 5 7 6 3 
336 2 3 
337 2 3 0 1 
338 2 7 3 
339 2 0 1 3 
340 2 3 6 4 
341 4 7 6 0 
342 4 0 1 3 
343 4 7 2 3 
344 4 7 6 1 
345 0 4 6 5 
346 6 7 3 
347 7 6 3 
348 4 6 5 0 
349 3 2 
350 3 7 6 1 
351 6 0 3 2 
352 5 4 3 2 
353 4 3 6 2 
354 5 7 3 
355 3 4 5 2 
356 1 3 7 2 
357 0 4 5 2 
358 0 4 5 2 
359 5 0 1 3 2 
360 7 3 
361 3 7 4 5 2 
362 4 3 7 2 
363 6 0 1 3 
364 3 7 6 
365 3 0 2 
366 1 4 6 5 2 3 
367 7 4 6 5 3 2 
368 1 3 
369 3 0 1 
370 0 7 4 2 
371 4 0 1 3 
372 7 3 
373 7 4 5 3 2 
374 4 0 1 3 
375 2 4 5 
376 6 7 3 
377 5 4 6 0 
378 5 7 3 
379 6 4 5 3 2 
380 2 4 6 5 3 
381 5 7 4 6 3 2 
382 0 2 
383 0 4 5 3 2 
384 7 4 2 
385 1 6 4 3 2 
386 7 0 1 3 2 
387 1 0 3 2 
388 4 0 1 3 
389 2 7 6 3 
390 1 7 3 
391 5 4 3 2 
393 0 3 7 2 
394 0 7 2 3 
395 3 7 
396 6 7 3 
397 0 7 6 3 
398 5 4 6 0 
399 5 0 1 3 
400 2 7 4 5 3 
401 2 7 3 
402 3 7 4 2 
403 2 4 5 
404 2 1 3 
405 4 7 3 
406 4 3 6 2 
407 4 0 2 
408 5 7 6 3 
409 0 1 3 
410 6 0 1 3 2 
411 7 4 5 3 2 
412 4 7 6 3 
413 3 7 6 
414 2 0 1 3 
415 6 7 4 5 3 2 
416 5 3 
417 4 7 6 3 
418 4 3 0 1 2 
420 1 3 2 
421 0 4 5 2 
422 0 3 1 2 
423 6 1 3 2 
424 7 3 2 
425 3 0 1 
426 5 4 2 
427 6 0 2 
428 3 0 1 
429 3 7 6 
430 1 4 5 2 
431 7 3 2 
432 1 3 2 
433 3 0 1 
434 0 4 5 2 
435 4 3 0 1 2 
436 7 3 
437 5 4 2 
438 4 6 3 2 
439 2 3 
440 6 7 3 
441 7 3 6 4 2 
442 7 3 2 
443 6 7 3 
444 6 7 2 3 
445 0 7 3 
446 0 7 6 
447 0 6 4 3 2 
448 4 3 0 1 2 
449 1 7 6 3 
450 7 3 0 1 2 
451 1 7 3 
452 4 7 3 
453 2 0 1 3 
454 1 4 6 5 2 3 
455 5 2 3 
456 1 0 3 2 
457 3 2 
458 0 7 6 3 
459 3 7 
460 6 7 2 3 
461 0 3 1 2 
462 5 7 4 6 3 2 
463 5 0 2 
464 2 7 4 5 3 
465 2 4 6 5 3 
467 2 4 6 5 0 
468 2 7 6 0 
469 4 3 0 1 2 
470 4 5 2 
471 4 3 
472 4 0 1 3 
473 0 7 6 3 
474 6 4 3 2 
475 7 6 3 
476 4 0 2 
477 3 7 4 5 2 
478 2 3 7 
479 6 0 1 3 
480 5 7 6 3 
481 4 7 2 
482 5 3 7 2 
483 3 0 1 2 
484 1 7 3 
485 0 7 6 3 
486 0 7 4 2 
487 6 2 3 
488 7 3 2 
489 3 0 2 
490 4 7 6 1 
491 6 0 1 3 2 
492 3 7 6 
493 3 7 6 
494 1 0 3 2 
495 7 3 
496 1 7 6 3 
497 3 4 5 2 
498 0 4 5 3 2 
499 4 0 1 3 
500 7 4 5 2 
501 5 3 7 2 
502 4 1 3 2 
503 2 7 6 3 
504 6 4 5 2 3 
505 7 4 5 3 2 
506 5 7 4 3 2 
507 6 7 3 
508 6 0 1 3 
509 0 6 4 3 2 
510 0 6 4 3 2 
511 0 1 3 
512 4 6 3 2 
513 1 3 6 4 2 
514 7 4 6 5 3 2 
515 1 4 5 2 
516 4 3 6 2 
517 2 3 7 
518 1 7 6 3 
519 5 7 6 0 
520 1 4 6 5 2 3 
521 3 0 1 2 
522 0 4 6 5 2 3 
523 2 3 
524 6 1 3 2 
525 0 1 3 
526 5 7 4 6 3 2 
527 5 3 2 
528 2 3 
529 2 7 6 1 
530 3 7 2 
531 2 4 5 3 
532 2 0 
533 4 3 2 
534 4 0 1 3 
535 4 0 3 2 
536 4 7 6 3 
537 0 3 2 
538 6 3 4 2 
539 7 6 3 
540 4 7 6 3 
541 3 7 6 1 
542 2 7 4 5 3 
543 6 7 0 
544 5 4 3 2 
545 4 0 1 3 
546 5 7 4 2 
547 3 7 
548 1 7 6 
549 0 3 2 
550 0 1 3 
551 6 0 3 2 
552 7 3 0 1 2 
553 1 7 6 3 
554 4 3 0 1 2 
555 6 4 5 2 3 
556 2 6 4 3 
557 3 7 4 5 2 
558 1 3 2 
559 7 4 2 
560 1 3 2 
561 3 7 6 0 
562 0 4 6 5 2 3 
563 4 0 1 3 
564 7 4 5 2 
565 5 1 3 2 
566 4 7 5 3 2 
567 2 7 4 5 3 
568 6 4 5 2 
569 7 4 5 3 2 
570 5 7 4 2 
571 6 0 1 3 2 
572 6 7 3 
573 0 4 5 2 
574 0 7 3 
575 0 7 4 5 3 2 
576 4 1 3 2 
577 1 0 3 
578 7 4 6 5 3 2 
579 1 7 3 
580 4 7 3 
581 3 7 2 
582 1 7 4 2 
583 5 7 4 2 
584 1 0 3 
585 3 7 4 5 2 
586 0 4 6 5 
587 3 6 4 2 
588 6 4 5 2 
589 0 7 4 5 3 2 
590 5 7 6 1 
591 5 7 6 3 
592 2 3 
593 2 3 
594 3 7 4 5 2 
595 2 4 6 5 3 
596 2 3 7 
597 4 6 5 2 3 
598 4 1 3 2 
599 4 6 5 2 3 
600 4 3 
601 0 7 6 
602 5 0 2 
603 7 3 6 4 2 
604 4 7 2 
605 2 0 1 3 
606 2 0 1 3 
607 6 7 3 
608 5 3 0 1 2 
609 4 0 1 3 
610 5 7 6 3 
611 3 7 2 
612 1 7 3 
613 0 7 4 5 3 2 
614 0 1 3 2 
615 6 0 2 
616 7 0 1 3 2 
617 3 7 
618 4 3 0 1 2 
619 6 7 0 
620 3 1 2 
621 3 4 5 2 
622 1 7 6 3 
623 7 3 
624 1 3 0 2 
625 3 0 1 
626 0 1 3 
627 4 0 1 3 
628 7 6 1 
629 5 4 6 0 
630 4 7 6 1 
631 2 0 3 
632 6 0 1 3 
633 7 4 6 5 3 2 
634 5 7 3 
635 6 4 5 2 
636 6 7 4 5 3 2 
637 0 4 5 2 
638 0 7 4 5 3 2 
639 3 7 
640 4 7 6 1 
641 1 2 3 
642 7 4 6 5 2 3 
643 1 0 2 
644 4 3 0 1 2 
645 2 4 5 
646 1 7 2 3 
647 5 3 6 4 2 
648 1 0 3 2 
649 2 1 3 
650 0 3 2 
651 1 3 2 
652 6 7 3 
653 0 7 3 
654 5 7 2 3 
655 6 0 1 3 
656 2 4 6 5 3 
657 2 4 5 
658 3 0 1 
659 2 7 6 3 
660 3 7 4 6 5 2 
661 4 7 3 
662 4 7 3 
663 4 7 5 3 2 
664 5 3 0 1 2 
665 0 7 4 6 5 3 2 
666 6 0 3 2 
667 7 0 1 3 
668 4 7 2 
669 3 7 4 5 2 
670 2 1 3 
671 6 7 0 
672 5 2 3 
673 4 3 
674 5 3 0 1 2 
676 1 0 2 
677 0 3 1 2 
678 0 3 2 
679 6 7 4 5 3 2 
680 7 4 2 
681 3 0 1 2 
682 4 6 5 2 3 
683 6 7 4 5 3 2 
684 3 4 5 2 
685 3 7 4 5 2 
686 1 3 2 
687 7 6 4 3 2 
688 1 3 
690 0 4 6 5 2 3 
691 4 7 5 3 2 
692 7 6 1 
693 5 3 6 4 2 
694 4 7 6 3 
695 2 7 6 3 
696 6 4 5 0 
697 5 1 3 2 
698 5 3 0 1 2 
699 6 7 0 
700 6 0 1 3 
701 0 4 5 2 
702 0 7 4 6 5 3 2 
703 0 3 2 
704 7 3 
705 0 7 6 
706 7 4 5 2 
707 1 7 6 3 
708 4 2 3 
709 2 7 4 6 5 3 
710 1 3 6 4 2 
711 5 7 6 3 
712 1 7 4 6 5 3 2 
713 3 7 
714 1 3 7 2 
715 1 0 3 
716 6 7 1 
717 0 7 4 6 5 3 2 
718 7 4 6 5 0 
719 5 0 1 3 2 
720 2 7 4 5 3 
721 2 3 
722 2 7 3 
723 2 0 3 
724 2 3 
725 4 7 6 0 
726 4 2 3 
727 4 5 3 2 
728 4 7 6 3 
729 1 7 6 3 
730 6 7 3 
731 7 4 5 3 2 
732 4 0 1 3 
733 3 6 4 2 
734 2 0 
735 6 7 3 
736 5 7 4 3 2 
737 4 0 1 3 
738 5 4 2 
739 3 7 6 
740 1 0 3 
741 0 3 7 2 
742 0 1 3 
743 6 7 1 
744 7 4 5 3 2 
745 3 7 4 5 2 
746 4 7 3 
747 6 7 4 5 3 2 
748 3 2 
749 3 7 4 5 2 
750 1 6 4 3 2 
751 7 1 3 2 
752 1 3 2 
753 1 7 6 
754 1 7 2 3 
755 5 4 3 2 
756 7 2 3 
757 4 7 5 3 2 
758 5 4 2 
759 2 4 5 
760 6 3 
761 6 4 5 0 
762 5 2 3 
763 6 7 3 
764 6 7 2 3 
765 1 7 6 
766 0 3 
767 1 4 6 5 0 
768 4 7 5 3 2 
769 2 0 
770 6 0 1 3 
771 1 4 6 5 2 3 
772 4 6 5 0 
773 2 0 1 3 
774 2 7 3 
775 5 7 6 3 
776 3 0 1 
777 3 0 1 2 
778 3 0 1 
779 3 0 1 
780 6 7 3 
781 0 3 2 
782 5 3 0 1 2 
783 5 3 0 1 2 
784 2 0 3 
785 2 0 1 3 
786 3 7 2 
787 2 6 4 3 
788 2 7 4 6 5 3 
789 5 7 4 3 2 
790 4 5 3 2 
791 5 3 2 
792 4 6 3 2 
793 2 7 4 5 3 
794 7 6 1 
795 7 3 2 
796 5 4 6 0 
797 3 0 2 
798 2 3 7 
799 6 7 4 2 
800 5 6 4 3 2 
801 5 4 2 
802 5 1 3 2 
803 3 2 
804 1 3 0 2 
805 0 4 6 5 2 3 
806 0 4 5 2 
807 6 3 0 1 2 
808 7 4 5 2 
809 3 4 6 5 0 
810 5 7 6 3 
811 6 2 3 
812 3 0 1 2 
813 3 7 6 1 
814 0 7 3 
815 7 3 0 1 2 
816 0 2 
817 3 6 4 2 
818 3 4 5 2 
819 5 7 6 3 
820 6 0 1 3 
821 5 7 4 3 2 
822 5 7 4 3 2 
823 2 1 3 
824 6 3 0 1 2 
825 7 0 1 3 
826 7 3 0 1 2 
827 6 4 5 0 
828 7 3 6 4 2 
829 0 3 1 2 
830 0 7 6 3 
831 3 0 1 2 
832 7 0 1 3 2 
833 2 3 0 1 
834 7 3 2 
835 1 3 7 2 
836 0 1 3 2 
837 2 1 3 
838 2 1 3 
839 5 7 6 3 
840 3 6 4 2 
841 3 4 5 2 
842 3 4 6 5 2 
843 3 4 6 5 2 
844 6 0 1 3 
845 0 7 4 6 5 3 2 
846 7 4 2 
847 7 6 3 
848 2 7 4 6 5 3 
849 2 4 5 
850 3 7 6 
851 2 4 5 
852 2 3 
853 7 6 3 
854 5 4 6 2 3 
855 6 3 0 1 2 
856 7 3 
857 2 3 0 1 
858 6 0 1 3 2 
859 7 0 1 3 
860 7 2 3 
861 3 0 1 
862 2 0 
863 6 7 3 
864 7 4 6 5 0 
865 7 3 2 
866 1 7 4 2 
867 3 6 4 2 
868 1 0 2 
869 0 7 3 
870 1 7 6 3 
871 6 3 4 2 
872 1 4 5 2 
873 2 7 3 
874 1 7 2 3 
875 6 7 3 
876 2 4 5 3 
877 3 7 2 
878 7 4 5 2 
879 7 4 5 2 
880 6 7 4 5 3 2 
881 2 7 6 1 
882 6 0 2 
883 1 4 5 2 
884 0 7 6 3 
885 0 7 4 2 
886 1 0 3 2 
887 5 0 1 3 
888 1 3 
889 2 6 4 3 
890 1 7 3 
891 6 4 5 3 2 
892 2 7 4 5 3 
893 5 0 3 2 
894 6 7 4 5 3 2 
895 7 3 
896 1 0 3 
897 2 7 6 1 
898 0 6 4 3 2 
899 1 0 3 2 
900 0 4 6 5 
901 7 3 2 
902 5 4 3 2 
903 5 0 1 3 
904 7 3 
905 2 0 
906 7 0 3 2 
907 6 0 1 3 
908 6 7 3 
909 0 2 
910 0 7 3 
911 6 2 3 
912 2 4 5 
913 2 0 
914 2 1 3 
915 2 7 6 1 
916 2 6 4 3 
917 7 4 5 2 
918 5 7 4 2 
919 6 2 3 
920 7 2 3 
921 2 0 1 3 
922 6 0 2 
923 7 6 3 
924 7 0 1 3 
925 2 4 6 5 3 
926 7 6 3 
927 6 7 0 
928 7 6 3 
929 7 4 5 3 2 
930 5 4 2 
932 1 0 3 2 
933 7 0 2 
934 5 4 6 2 3 
935 6 0 1 3 
936 7 6 1 
937 2 4 5 
938 7 0 1 3 
939 7 4 2 
940 7 3 6 4 2 
941 3 7 4 5 2 
942 7 2 3 
943 7 0 3 2 
944 6 4 5 3 2 
945 2 7 4 6 5 3 
946 6 4 5 2 
947 7 3 2 
948 0 3 7 2 
949 0 3 2 
950 1 7 4 2 
951 0 1 3 2 
952 1 7 6 3 
953 1 3 2 
954 1 0 3 2 
955 6 4 5 2 
956 2 3 7 
957 5 0 1 3 
958 6 4 3 2 
959 7 3 2 
960 7 6 1 
961 2 6 4 3 
962 7 6 3 
963 1 3 2 
964 5 7 3 
965 0 7 4 5 3 2 
966 2 4 5 3 
967 5 7 6 3 
968 3 7 2 
969 0 1 3 2 
970 3 7 6 0 
971 1 0 3 
972 6 7 4 5 3 2 
973 0 1 3 
974 5 4 6 0 
975 5 2 3 
976 2 4 6 5 3 
977 2 6 4 3 
978 1 7 4 6 5 3 2 
979 1 0 3 
980 1 3 2 
981 5 0 1 3 
982 5 4 3 2 
983 5 7 6 3 
984 5 7 4 6 3 2 
985 2 7 3 
986 6 7 3 
987 6 4 5 0 
988 5 0 3 2 
989 1 3 0 2 
990 0 4 6 5 
991 6 2 3 
992 7 3 0 1 2 
993 7 2 3 
994 5 2 3 
995 1 3 0 2 
996 1 3 2 
997 1 7 6 3 
998 5 3 2 
999 6 7 4 5 3 2 
1000 7 3 
1001 1 7 2 3 
1002 5 7 2 3 
1003 7 4 5 2 
1004 1 0 3 2 
1005 1 0 3 2 
1006 1 4 5 3 2 
1007 7 6 3 
1008 1 7 3 
1009 1 4 6 5 2 3 
1010 2 0 1 3 
1011 7 3 2 
1012 7 6 3 
1013 5 4 3 2 
1014 5 3 6 4 2 
1015 0 2 
1016 7 4 2 
1017 1 7 4 6 5 3 2 
1018 1 6 4 3 2 
1019 6 0 1 3 
1020 2 3 0 1 
1021 5 3 6 4 2 
1022 7 3 
1023 7 0 1 3 
