0 6 0 3 7 2 
1 5 0 6 7 
2 7 5 4 
3 4 5 0 2 7 3 
4 5 2 3 1 4 
5 7 2 0 1 
6 6 0 2 5 3 
7 4 5 3 7 
8 3 7 0 2 4 5 6 
9 0 3 7 2 5 
10 3 0 4 6 7 1 5 
11 2 1 0 3 6 
12 2 7 4 5 6 
13 0 6 7 1 5 
14 7 0 3 1 5 
15 4 5 1 0 7 
16 6 2 3 0 7 1 
17 7 0 4 5 
18 0 6 7 
19 0 7 1 2 
20 2 5 4 7 
21 4 1 6 0 7 
22 7 0 3 2 5 
23 0 5 1 7 6 4 
24 0 5 4 7 
25 6 0 4 7 1 5 
26 7 5 1 4 0 
27 6 2 3 0 1 
28 4 5 1 0 7 
29 1 0 2 3 6 
30 5 0 6 7 1 
31 0 5 4 7 
32 1 5 4 0 2 7 
33 5 2 3 0 1 
34 5 4 0 6 
35 6 0 4 5 7 
36 6 4 7 
37 4 7 5 6 
38 2 3 1 0 5 7 6 
39 6 7 3 2 5 0 4 
40 6 2 3 0 1 
41 2 3 0 
42 1 4 7 5 0 6 
43 5 2 1 6 3 0 
44 1 2 0 4 5 6 3 7 
45 4 2 0 3 7 
46 7 4 6 5 
47 4 2 0 3 7 
48 6 0 2 3 7 
49 1 2 3 5 4 
50 2 1 6 3 0 
51 2 3 0 5 4 
52 4 0 7 3 5 6 2 1 
53 0 5 2 7 3 4 
54 0 2 1 7 
55 7 2 3 0 1 
56 5 0 2 7 
57 4 5 0 7 
58 7 2 3 0 
59 1 7 3 2 6 5 0 4 
60 7 0 1 3 5 
61 6 0 5 1 4 
62 0 4 5 6 
63 3 1 0 2 6 
64 6 3 5 4 0 2 
65 5 1 4 0 7 
66 7 0 4 5 
67 4 3 5 0 2 6 
68 6 4 7 5 
69 7 5 4 0 2 
70 6 4 0 5 
71 4 0 5 7 
72 3 0 7 2 5 
73 0 3 2 5 4 
74 3 0 7 2 5 
75 2 5 4 0 7 
76 2 1 0 3 6 
77 0 7 3 5 4 6 2 1 
78 7 0 3 2 6 
79 4 0 5 7 
80 7 1 2 5 4 3 6 
81 7 4 5 6 
82 0 2 3 7 1 
83 0 5 7 6 
84 2 6 0 7 
85 6 7 2 3 4 5 0 
86 7 5 1 6 0 4 
87 0 7 4 5 6 
88 0 5 2 7 3 4 
89 6 7 2 0 5 
90 7 5 0 2 3 4 
91 7 0 3 1 5 
92 4 2 3 0 1 
93 1 0 7 3 2 6 5 4 
94 7 0 2 3 
95 0 3 1 5 2 7 6 
96 0 5 2 7 3 4 
97 5 1 2 7 4 3 6 
98 5 0 1 4 
99 7 5 4 
100 6 1 2 7 
101 4 0 2 5 7 
102 2 5 4 3 7 
103 6 2 0 3 7 
104 6 0 7 3 2 5 4 
105 2 3 0 1 6 
106 1 5 4 3 7 
107 5 2 3 0 1 
108 0 5 2 4 
109 4 5 7 0 6 
110 7 0 3 2 5 
111 5 0 1 6 
112 6 7 2 0 5 
113 1 0 7 3 5 4 6 2 
114 3 1 0 2 6 
115 2 7 6 5 4 
116 4 7 6 5 
117 0 4 5 6 
118 0 7 2 3 4 5 6 
119 7 1 6 0 
120 5 0 4 7 
121 4 5 2 0 
122 7 2 1 3 0 
123 1 0 2 3 6 
124 6 0 2 4 5 
125 6 2 3 0 7 1 
126 0 2 3 
127 3 5 4 7 
128 6 1 2 0 5 4 
129 5 3 4 0 2 6 
130 7 1 0 5 
131 4 7 5 0 6 
132 6 4 1 2 3 5 
133 7 6 2 0 5 
134 6 0 2 5 7 
135 4 6 7 
136 3 5 4 0 1 6 
137 0 6 7 
138 3 5 4 0 7 
139 2 1 7 6 
140 2 3 0 1 6 
141 1 5 4 7 
142 5 0 2 3 7 
143 4 0 6 7 
144 6 0 5 1 4 
145 7 1 0 5 
146 0 5 1 4 7 
147 0 7 6 5 4 
148 2 1 5 7 4 3 6 
149 4 7 5 6 
150 7 6 0 
151 0 1 6 7 
152 0 4 1 2 6 3 5 
153 6 2 1 3 0 
154 7 1 2 0 5 4 
155 7 0 3 5 4 6 2 1 
156 4 5 2 0 
157 1 5 4 0 7 
158 5 0 3 7 2 
159 0 2 4 5 
160 0 2 5 3 6 
161 5 0 6 7 
162 5 6 0 7 
163 7 4 5 6 
164 7 1 2 0 5 4 
165 5 4 0 1 6 
166 2 1 6 3 0 
167 6 0 7 1 5 
168 7 1 0 5 
169 2 1 7 0 5 
170 1 7 2 0 
171 5 7 4 6 
172 1 2 3 0 7 
173 4 2 0 5 1 6 3 7 
174 4 0 7 3 2 6 5 
175 4 2 0 3 7 
176 6 0 2 5 3 
177 1 4 7 6 5 
178 3 1 0 5 2 7 6 
179 2 7 6 0 5 
180 4 7 6 2 0 5 
181 0 1 4 5 
182 0 7 6 5 4 
183 7 0 3 2 6 5 4 
184 5 4 7 
185 4 7 5 0 6 
186 7 0 4 6 1 5 
187 1 0 3 7 2 5 
188 6 7 1 2 0 
189 6 2 0 4 5 1 3 7 
190 0 2 1 7 
191 3 7 6 2 0 5 
192 6 0 7 
193 5 4 1 2 6 3 
194 4 1 2 6 3 5 
195 4 7 5 6 
196 6 1 2 5 7 4 3 
197 7 5 1 4 0 
198 6 0 2 3 7 
199 4 0 3 7 2 5 
200 3 2 5 1 4 
201 0 6 7 
202 3 0 2 5 6 
203 3 7 6 2 0 5 
204 2 0 3 7 
205 0 4 5 7 
206 6 0 2 3 7 
207 4 1 6 0 7 
208 6 4 7 5 0 
209 7 4 0 5 6 
210 0 2 1 6 3 
211 0 2 3 7 
212 2 7 6 0 5 
213 4 2 0 3 7 
214 7 3 5 4 0 2 6 
215 1 7 4 5 6 
216 0 1 6 7 
217 6 0 2 5 7 
218 7 4 5 0 6 
219 7 0 6 
220 5 6 0 7 
221 1 0 3 7 2 6 
222 5 7 6 2 0 
223 1 7 0 3 2 4 5 6 
224 0 4 6 7 
225 5 4 7 6 
226 5 6 0 7 
227 7 0 3 2 6 
228 6 5 4 0 1 
229 4 7 2 3 5 0 6 
230 2 1 4 0 5 
231 5 2 0 4 1 6 3 7 
232 6 0 1 3 5 
233 2 0 4 5 1 6 3 7 
234 1 4 6 7 
235 1 0 2 4 5 
236 1 3 5 4 0 2 6 
237 4 6 0 7 
238 7 3 1 0 5 2 6 
239 4 7 6 5 
240 2 7 3 4 5 0 6 
241 1 5 4 3 7 
242 3 5 4 0 2 6 
243 2 4 7 6 5 
244 4 7 6 5 
245 0 7 3 5 4 6 2 1 
246 0 1 2 7 6 
247 7 3 2 6 5 0 4 
248 5 4 3 7 
249 4 0 1 3 5 
250 7 0 3 2 6 5 4 
251 1 7 6 5 4 
252 6 4 0 5 
253 6 2 3 5 1 4 
254 0 6 7 1 5 
255 3 2 0 
256 6 4 1 2 3 5 
257 5 4 0 7 
258 7 1 0 5 
259 4 2 1 3 0 
260 6 5 4 3 7 
261 7 5 1 4 0 
262 6 0 7 3 2 5 4 
263 0 2 1 3 
264 3 2 5 1 4 
265 0 1 2 5 4 
266 3 0 4 6 7 1 5 
267 2 0 4 5 
268 2 5 4 7 
269 0 7 3 2 6 5 4 
270 7 0 3 1 5 
271 4 0 5 2 3 
272 6 3 2 0 5 4 
273 6 1 2 7 
274 0 4 6 7 
275 0 1 4 5 
276 2 3 5 4 0 6 
277 4 5 1 0 7 
278 6 1 2 7 
279 0 2 3 1 6 
280 0 6 7 
281 5 1 2 7 4 3 6 
282 7 2 3 5 1 4 
283 7 0 2 4 5 
284 4 5 0 2 7 3 
285 1 2 3 0 
286 5 0 2 7 3 4 
287 0 2 3 7 
288 0 3 5 4 2 6 
289 5 4 0 2 7 
290 5 2 3 0 7 1 
291 7 4 5 6 
292 5 7 6 4 
293 4 2 3 0 1 6 
294 2 7 3 4 5 0 6 
295 7 0 3 5 4 6 2 1 
296 5 0 7 3 2 6 4 
297 2 7 1 0 
298 1 3 2 0 5 4 
299 7 1 2 0 
300 1 5 4 0 6 
301 4 5 7 0 6 
302 6 0 7 3 2 5 4 
303 4 7 6 2 0 5 
304 6 2 3 0 
305 1 0 3 5 
306 3 0 7 5 4 6 2 1 
307 3 0 2 4 5 
308 4 0 1 6 
309 0 5 7 6 
310 0 4 5 7 
311 6 1 2 5 7 4 3 
312 5 4 7 6 
313 4 1 6 0 7 
314 7 1 6 0 
315 1 5 4 3 7 
316 6 5 2 4 0 
317 6 0 1 3 5 
318 0 7 3 2 6 5 4 
319 3 5 0 2 7 4 
320 5 7 0 6 
321 5 0 2 7 3 4 
322 6 0 2 5 3 
323 4 0 5 6 
324 6 0 3 7 2 
325 6 5 1 7 0 4 
326 6 0 1 3 5 
327 5 1 7 6 0 4 
328 3 2 1 0 
329 0 7 6 2 5 
330 1 4 6 7 
331 2 7 4 5 6 
332 2 1 3 0 
333 0 5 4 2 7 
334 7 0 3 1 5 
335 4 0 1 3 5 
336 6 0 2 5 3 
337 7 0 2 5 3 6 
338 0 3 1 5 2 7 6 
339 0 2 3 7 
340 2 0 4 5 1 6 3 7 
341 4 2 1 6 3 0 
342 4 0 1 3 5 
343 0 4 7 5 6 
344 0 5 4 2 7 
345 6 2 3 5 1 4 
346 7 6 0 
347 7 5 4 
348 4 0 5 6 
349 1 0 3 7 2 6 
350 5 4 7 0 6 
351 0 6 7 
352 0 2 3 
353 5 2 3 0 1 
354 5 1 2 0 4 
355 7 2 0 1 
356 6 2 3 0 
357 4 0 5 6 
358 3 7 1 2 0 
359 6 5 2 4 0 
360 6 3 5 4 0 2 
361 2 0 4 5 1 6 3 7 
362 1 7 6 2 0 5 
363 5 0 4 7 
364 1 0 6 
365 4 7 0 3 2 5 6 
366 7 3 2 0 5 4 
367 4 6 0 7 
368 4 6 7 
369 1 7 0 3 2 4 5 6 
370 3 0 4 6 7 1 5 
371 2 5 0 7 3 4 
372 4 0 1 6 
373 0 1 2 3 6 
374 0 2 3 1 6 
375 5 1 2 7 4 3 6 
376 5 7 4 6 
377 5 2 3 0 1 
378 7 0 3 2 4 5 6 
379 1 7 4 5 6 
380 6 1 0 7 
381 7 3 1 0 5 2 6 
382 0 7 6 5 4 
383 0 2 3 1 6 
384 6 1 2 7 
385 5 0 1 6 
386 7 0 5 2 3 4 
387 4 0 5 2 3 
388 6 0 7 3 5 4 2 1 
389 7 3 2 6 5 0 4 
390 4 7 5 6 
391 4 5 2 0 
392 3 0 2 4 5 
393 0 2 1 3 
394 1 7 0 5 
395 2 0 3 7 6 
396 2 7 6 0 5 
397 0 2 3 7 
398 7 6 0 
399 4 0 5 1 
400 6 7 1 2 0 
401 5 4 7 0 6 
402 0 2 3 7 
403 0 3 7 2 5 
404 2 1 7 0 5 
405 6 5 1 4 0 7 
406 7 5 1 6 0 4 
407 0 5 2 7 3 4 
408 0 5 6 3 7 
409 5 6 3 7 
410 7 3 2 6 5 0 4 
411 7 0 2 3 
412 5 4 6 7 
413 1 4 7 5 0 6 
414 7 0 4 6 1 5 
415 0 2 5 7 
416 0 2 3 
417 5 1 4 0 
418 5 0 3 7 2 6 
419 4 6 0 7 
420 6 3 2 0 5 4 
421 6 7 2 3 4 5 0 
422 2 0 3 7 5 
423 6 2 3 0 7 1 
424 5 2 1 3 0 
425 2 7 6 5 4 
426 3 4 1 2 6 5 
427 7 0 2 5 3 6 
428 0 2 1 7 
429 4 0 3 1 5 
430 6 5 3 7 
431 4 0 5 2 3 
432 6 4 0 5 
433 1 5 4 0 7 
434 3 2 0 1 
435 2 7 4 5 6 
436 4 1 2 6 3 5 
437 0 5 6 3 7 
438 0 4 5 7 
439 7 5 0 6 
440 5 0 2 3 6 
441 4 5 1 0 7 
442 5 4 1 2 6 3 
443 1 0 3 7 2 6 
444 5 6 0 7 
445 6 7 5 4 
446 0 5 1 7 6 4 
447 3 1 2 6 7 
448 6 3 1 0 5 2 7 
449 5 6 0 7 
450 7 1 2 6 
451 4 6 7 
452 6 0 3 1 5 
453 7 1 2 6 
454 6 5 4 0 1 
455 4 0 2 5 3 6 
456 3 6 0 7 
457 0 6 7 1 5 
458 3 0 2 5 6 
459 2 3 0 7 1 
460 2 0 7 3 5 4 6 1 
461 0 7 3 2 6 5 4 
462 7 5 6 3 
463 5 7 6 2 0 
464 6 1 2 0 5 4 
465 7 4 5 0 6 
466 0 5 2 4 
467 0 5 6 3 7 
468 2 0 5 1 4 
469 4 5 6 3 7 
470 7 2 0 4 5 1 6 3 
471 0 5 1 4 
472 0 1 7 5 
473 6 4 7 
474 5 4 0 6 
475 7 6 0 
476 4 1 2 7 6 
477 1 0 2 4 5 
478 5 7 6 4 
479 0 6 7 1 5 
480 0 1 2 7 6 
481 5 4 0 6 
482 5 2 3 0 
483 7 4 6 
484 6 1 2 0 5 4 
485 4 5 0 2 7 3 
486 2 0 1 7 
487 6 5 1 7 0 4 
488 6 7 2 3 4 5 0 
489 2 7 4 5 6 
490 1 0 3 7 2 5 
491 5 0 3 1 
492 1 2 6 3 0 
493 4 6 0 7 
494 7 0 4 6 1 5 
495 4 5 7 
496 6 0 1 3 5 
497 1 0 3 5 
498 3 2 1 6 0 
499 2 1 7 6 
500 4 1 2 5 7 3 6 
501 1 4 0 5 
502 0 5 1 7 6 4 
503 7 0 5 1 4 
504 5 0 1 3 
505 4 2 3 0 7 1 
506 7 3 5 4 0 2 6 
507 1 5 4 0 7 
508 6 4 0 5 
509 5 1 6 0 7 
510 0 6 7 
511 3 0 6 7 1 5 
512 6 5 1 7 0 4 
513 5 1 4 0 7 
514 7 5 4 3 
515 4 5 2 0 
516 6 0 7 3 2 5 4 
517 7 0 6 
518 6 2 3 0 1 
519 4 5 0 2 7 
520 3 7 2 4 5 0 6 
521 0 2 1 7 
522 3 2 1 6 0 
523 2 3 0 1 6 
524 2 5 6 3 7 
525 0 1 2 6 7 
526 7 5 4 0 
527 4 1 6 0 7 
528 6 5 7 0 
529 7 2 0 3 
530 0 1 2 5 4 
531 0 7 6 5 4 
532 2 1 6 7 
533 4 2 3 5 1 
534 7 6 0 
535 0 6 7 
536 0 7 1 2 
537 6 2 1 3 0 
538 7 0 6 
539 7 5 4 
540 4 5 0 1 6 
541 1 2 3 0 
542 5 6 3 7 
543 0 1 7 5 
544 0 5 2 4 
545 5 2 3 0 7 1 
546 5 1 4 0 7 
547 7 6 0 
548 6 1 0 2 3 
549 4 7 5 6 
550 2 0 3 7 6 
551 6 1 2 7 
552 6 2 0 4 5 1 3 7 
553 2 0 5 1 4 
554 1 7 4 5 6 
555 5 0 3 1 
556 1 5 7 0 6 
557 4 0 5 1 
558 7 0 6 1 5 
559 4 6 7 
560 6 5 4 0 7 
561 1 4 7 6 5 
562 3 5 4 7 
563 2 4 7 5 0 6 
564 4 2 1 3 0 
565 0 2 5 7 
566 0 2 1 3 
567 7 3 2 0 5 4 
568 5 7 4 6 
569 4 6 0 7 
570 7 2 0 4 5 1 6 3 
571 1 0 2 3 7 
572 6 2 0 1 7 
573 6 5 7 0 
574 0 2 4 5 
575 3 7 0 2 4 5 6 
576 6 0 4 5 7 
577 5 7 3 2 6 0 4 
578 7 1 2 6 
579 4 3 2 0 5 
580 6 0 1 
581 7 3 1 0 5 2 6 
582 6 4 7 5 
583 4 2 3 0 
584 3 7 1 2 0 
585 0 1 2 3 6 
586 3 0 2 5 6 
587 2 3 0 5 4 
588 2 1 4 0 5 
589 0 6 7 
590 7 0 6 1 5 
591 4 5 2 0 
592 6 4 1 2 3 5 
593 7 5 6 3 
594 0 7 2 3 4 5 6 
595 0 2 1 6 3 
596 2 7 4 5 6 
597 4 0 3 1 5 
598 7 0 2 5 
599 0 7 3 2 6 5 4 
600 0 4 6 7 1 5 
601 6 5 4 0 7 
602 7 0 2 3 
603 7 4 6 
604 4 1 2 7 6 
605 1 2 5 7 4 3 6 
606 5 4 7 
607 0 1 6 7 
608 0 2 1 7 
609 5 0 2 7 
610 5 3 1 0 2 7 6 
611 7 0 5 2 3 4 
612 6 2 3 0 7 1 
613 4 3 2 0 5 
614 2 1 0 3 6 
615 6 5 4 3 7 
616 6 2 3 0 1 
617 2 0 4 6 7 1 5 
618 1 5 4 0 2 7 
619 5 0 2 3 4 
620 1 2 3 0 7 
621 4 7 6 5 
622 7 6 0 
623 4 1 0 5 
624 6 5 7 0 
625 1 0 2 3 7 
626 3 5 6 7 
627 2 0 3 7 5 
628 4 0 3 7 2 6 
629 0 3 1 5 2 7 6 
630 0 1 6 
631 7 1 0 5 
632 5 2 3 1 4 
633 4 0 1 3 5 
634 7 1 2 6 
635 1 7 6 2 0 5 
636 6 7 3 2 5 0 4 
637 6 0 2 3 7 
638 0 6 7 
639 3 4 1 2 6 5 
640 6 4 7 5 
641 5 0 2 4 
642 7 0 4 5 
643 4 1 0 5 
644 6 0 3 1 5 
645 7 4 6 
646 6 5 4 7 
647 4 7 5 6 
648 3 0 4 6 7 1 5 
649 0 4 7 5 6 
650 3 5 4 0 2 7 
651 2 1 0 3 6 
652 2 5 1 7 6 0 4 
653 0 5 2 3 4 
654 7 3 1 0 5 2 6 
655 4 0 6 7 1 5 
656 6 5 7 0 
657 7 1 2 6 
658 0 3 1 5 
659 0 2 1 6 3 
660 3 2 0 5 4 
661 4 0 3 7 2 6 
662 7 4 6 5 
663 0 7 3 2 6 5 4 
664 0 4 5 6 
665 6 5 4 7 
666 6 2 1 3 0 
667 7 1 2 6 
668 4 5 1 7 6 0 
669 1 5 7 0 6 
670 5 3 1 0 2 7 6 
671 0 5 1 4 
672 0 5 4 7 
673 5 4 0 6 
674 5 7 0 6 
675 7 1 0 5 
676 6 0 7 3 5 4 2 1 
677 4 5 0 7 
678 2 1 5 7 4 3 6 
679 6 0 2 4 5 
680 6 2 3 5 1 4 
681 2 0 1 7 
682 1 2 6 7 
683 5 1 4 0 
684 1 7 0 3 2 4 5 6 
685 4 5 1 7 6 0 
686 7 1 2 6 
687 4 5 7 
688 6 5 4 0 2 7 
689 1 0 6 
690 3 0 7 5 4 6 2 1 
691 2 0 5 1 4 
692 5 0 1 4 
693 0 1 7 5 
694 0 7 3 2 6 5 4 
695 7 0 2 3 
696 5 0 1 6 
697 4 5 2 0 
698 7 6 0 
699 1 7 4 5 6 
700 6 0 3 7 2 
701 6 7 3 2 5 0 4 
702 0 2 5 7 
703 3 5 4 7 
704 7 5 6 3 
705 5 4 0 1 6 
706 7 5 0 6 
707 5 2 1 3 0 
708 6 7 0 3 2 4 5 
709 7 0 2 5 
710 6 2 1 3 0 
711 4 1 2 6 7 
712 3 5 4 0 1 6 
713 0 5 4 1 6 
714 3 0 6 7 1 5 
715 2 5 0 7 3 4 
716 2 4 7 5 0 6 
717 0 2 3 1 6 
718 7 0 2 4 5 
719 4 5 3 7 
720 6 7 1 2 0 
721 7 2 3 0 1 
722 1 3 0 5 2 7 6 
723 0 1 2 3 6 
724 2 7 4 5 6 
725 4 1 2 0 5 
726 7 5 4 0 2 
727 0 3 2 5 4 
728 3 1 2 0 5 4 
729 6 7 4 5 
730 7 1 2 6 
731 5 0 2 3 7 
732 4 2 3 0 1 6 
733 2 1 0 5 4 
734 5 4 7 0 6 
735 3 0 7 5 4 6 2 1 
736 3 0 4 6 7 1 5 
737 5 2 3 0 1 6 
738 5 2 3 0 7 1 
739 6 7 5 4 
740 6 2 3 0 
741 4 1 2 5 7 3 6 
742 2 1 3 0 
743 6 0 2 5 7 
744 6 7 0 3 2 4 5 
745 3 0 7 2 6 5 4 
746 3 2 0 5 4 
747 5 2 3 0 
748 2 0 5 3 6 
749 4 7 2 3 5 0 6 
750 7 2 3 0 1 
751 4 0 1 3 5 
752 7 5 4 
753 2 0 4 6 7 1 5 
754 3 0 7 5 4 6 2 1 
755 2 3 0 1 
756 4 2 1 3 0 
757 2 0 7 3 6 5 4 
758 2 5 4 3 7 
759 7 2 0 4 5 1 6 3 
760 5 0 2 3 4 
761 4 2 3 5 1 
762 7 1 2 5 4 3 6 
763 3 2 0 4 5 1 6 7 
764 6 7 2 3 4 5 0 
765 5 1 2 0 4 
766 2 0 6 7 
767 3 4 1 2 6 5 
768 6 2 0 4 5 1 3 7 
769 5 0 3 7 2 
770 7 1 0 5 
771 4 7 2 3 5 0 6 
772 6 7 0 3 2 4 5 
773 7 4 6 
774 7 1 2 0 
775 4 7 6 5 
776 3 1 2 5 7 4 6 
777 0 4 5 7 
778 3 2 0 7 
779 2 0 5 7 
780 2 7 0 3 4 5 6 
781 3 0 6 7 1 5 
782 7 4 5 6 
783 5 0 7 3 2 6 4 
784 6 7 4 5 
785 7 0 3 2 4 5 6 
786 2 1 5 7 4 3 6 
787 3 5 2 4 0 
788 2 6 0 7 
789 4 0 2 5 
790 7 4 5 6 
791 2 0 4 5 1 6 3 7 
792 3 5 4 0 7 
793 5 0 1 3 
794 5 0 2 7 3 4 
795 5 4 7 6 
796 4 5 0 2 7 3 
797 2 3 5 4 0 6 
798 5 2 3 0 1 6 
799 3 5 7 0 6 
800 3 7 6 2 0 5 
801 5 0 1 3 
802 5 2 3 1 4 
803 4 0 7 3 5 6 2 1 
804 5 4 0 6 
805 4 1 2 6 7 
806 2 3 0 
807 5 4 7 0 6 
808 5 7 1 2 0 
809 2 3 0 5 4 
810 3 2 0 1 
811 5 2 0 1 7 
812 2 0 6 7 
813 4 1 2 6 3 5 
814 4 0 1 6 
815 4 2 3 5 1 
816 4 5 0 1 6 
817 3 0 7 2 5 
818 3 0 1 6 
819 2 1 6 7 
820 4 1 2 7 6 
821 2 3 0 1 
822 2 0 7 3 5 4 6 1 
823 5 2 1 6 3 0 
824 5 7 2 3 4 0 6 
825 4 0 5 1 
826 5 4 0 2 7 
827 3 7 1 2 0 
828 5 0 4 6 7 1 
829 5 0 2 3 6 
830 2 4 6 7 
831 3 0 5 2 4 
832 5 0 7 3 2 6 4 
833 5 0 3 1 
834 5 1 0 2 3 6 
835 5 3 2 0 4 
836 5 0 3 7 2 
837 5 1 7 0 
838 4 2 3 5 1 
839 5 1 0 2 3 6 
840 3 0 5 2 4 
841 0 6 7 
842 3 0 6 7 
843 0 1 4 5 
844 2 7 0 3 4 5 6 
845 3 0 5 2 4 
846 5 7 2 3 4 0 6 
847 5 1 2 7 6 
848 5 7 0 3 2 4 6 
849 5 1 7 0 
850 2 0 6 7 1 5 
851 3 0 5 2 4 
852 2 5 4 0 
853 4 5 7 
854 4 2 0 3 7 
855 3 5 4 0 2 6 
856 3 5 4 0 7 
857 5 4 7 6 
858 5 6 3 7 
859 5 0 2 4 
860 5 4 0 2 7 
861 2 0 5 7 
862 5 2 4 0 
863 3 4 1 2 6 5 
864 3 5 4 0 1 6 
865 5 0 2 4 
866 5 1 2 7 4 3 6 
867 2 0 4 6 7 1 5 
868 2 0 3 7 
869 3 5 6 7 
870 2 7 6 5 4 
871 3 5 4 0 2 6 
872 3 1 0 2 6 
873 2 5 4 0 7 
874 3 0 2 5 6 
875 3 0 2 7 
876 2 0 7 3 5 4 6 1 
877 1 0 6 
878 3 0 7 2 6 
879 1 7 0 3 2 4 5 6 
880 2 5 4 0 7 
881 2 1 3 0 
882 3 0 2 5 7 
883 1 0 6 7 5 
884 2 0 4 5 7 
885 2 7 1 0 
886 2 3 5 4 0 6 
887 1 5 4 0 7 
888 3 5 4 7 
889 1 7 2 0 
890 1 2 3 0 
891 1 2 3 5 4 
892 1 2 0 7 
893 3 1 2 6 7 
894 2 5 4 0 1 6 
895 0 1 6 7 
896 2 5 4 3 7 
897 1 3 2 0 5 4 
898 3 7 4 5 6 
899 1 6 0 7 
900 3 5 6 7 
901 1 5 4 0 6 
902 3 2 1 6 0 
903 1 2 3 0 6 
904 3 0 1 5 
905 1 2 3 0 
906 1 2 0 7 
907 1 2 0 4 5 6 3 7 
908 2 7 3 6 5 0 4 
909 3 4 7 6 5 
910 3 4 1 2 6 5 
911 1 6 0 7 
912 3 2 1 0 
913 1 7 4 5 6 
914 2 0 3 7 
915 3 2 0 1 6 
916 2 0 1 6 
917 1 5 4 0 6 
918 3 4 7 6 5 
919 2 5 4 0 7 
920 1 2 0 7 
921 2 3 0 
922 2 1 0 5 4 
923 3 0 6 7 
924 3 5 4 0 2 7 
925 2 5 4 0 7 
926 3 5 4 0 2 6 
927 3 4 7 6 5 
928 3 0 1 5 
929 2 3 0 7 1 
930 3 0 7 2 6 
931 2 5 4 0 
932 2 5 1 7 6 0 4 
933 3 1 2 7 6 
934 2 4 7 5 0 6 
935 3 2 1 6 0 
936 3 7 2 6 5 0 4 
937 2 7 1 0 
938 3 6 0 7 
939 3 1 2 6 7 
940 2 4 1 6 3 5 
941 1 0 5 4 
942 3 0 1 5 
943 1 0 6 7 
944 2 0 3 7 
945 1 2 3 0 
946 3 0 7 2 6 5 4 
947 1 7 0 5 
948 2 0 5 3 4 
949 1 2 5 7 4 3 6 
950 1 0 6 
951 1 0 3 7 2 5 
952 1 2 0 5 4 
953 1 4 0 5 
954 1 5 4 0 7 
955 1 0 6 7 5 
956 1 0 4 5 7 
957 3 7 4 5 6 
958 1 0 5 2 3 4 
959 1 5 2 4 0 
960 2 0 5 7 
961 1 5 0 2 7 3 4 
962 3 5 4 7 
963 1 5 7 6 0 4 
964 3 6 0 7 
965 1 2 0 7 
966 3 2 0 1 
967 1 0 4 6 7 5 
968 3 0 5 2 4 
969 1 2 3 0 
970 1 0 6 7 5 
971 1 4 0 5 
972 2 7 4 5 6 
973 3 1 4 0 5 
974 3 1 4 0 5 
975 1 5 4 0 6 
976 3 5 4 0 1 6 
977 1 0 3 5 
978 1 2 6 7 
979 1 2 0 4 5 6 3 7 
980 2 1 6 0 7 
981 1 7 3 2 6 5 0 4 
982 3 5 7 0 6 
983 1 6 0 7 
984 1 4 0 5 
985 2 1 6 0 7 
986 2 7 4 5 6 
987 3 1 0 5 2 7 6 
988 2 7 0 3 4 5 6 
989 1 2 3 0 7 
990 3 5 1 7 6 0 4 
991 1 4 0 5 
992 1 5 4 0 7 
993 2 5 1 7 6 0 4 
994 3 5 6 7 
995 2 6 0 7 
996 3 0 1 6 
997 3 2 1 0 
998 3 0 5 1 4 
999 3 0 2 5 6 
1000 3 1 0 2 6 
1001 3 7 2 4 5 0 6 
1002 1 0 5 4 
1003 1 0 3 5 
1004 1 0 2 5 7 
1005 1 0 6 7 
1006 3 0 7 2 6 
1007 1 2 0 3 7 
1008 3 5 4 0 2 6 
1009 1 3 0 5 2 7 6 
1010 3 2 0 1 7 
1011 1 2 3 5 4 
1012 2 1 0 5 4 
1013 1 0 6 
1014 1 2 0 3 7 
1015 1 3 0 5 2 7 6 
1016 3 0 2 4 5 
1017 1 0 4 5 7 
1018 1 0 6 7 5 
1019 1 2 0 5 4 
1020 1 0 5 2 3 4 
1021 1 4 2 6 3 5 
1022 1 7 2 3 4 5 0 6 
1023 1 7 3 2 6 5 0 4 
