0 5 4 7 6 2 3 
1 0 6 3 4 7 2 
2 7 5 4 6 3 2 
3 5 4 6 7 3 
4 5 6 7 4 3 2 
5 1 4 5 3 2 
6 3 4 7 5 6 2 0 
7 4 5 7 6 2 3 
8 5 6 3 7 4 0 
9 4 5 3 2 
10 2 6 3 7 0 4 1 
11 4 3 
12 7 3 2 4 0 1 
13 5 7 6 4 0 
14 7 6 4 3 2 
15 5 6 3 7 2 
16 7 6 3 5 2 
17 3 6 5 7 4 2 
18 5 6 7 3 0 2 
19 2 4 6 5 7 
20 3 4 0 2 
21 1 3 4 2 0 
22 4 5 3 2 
23 1 7 4 6 3 
24 6 5 7 3 0 2 
25 1 3 0 4 5 2 
26 5 6 7 4 
27 1 2 0 5 6 7 3 
28 6 7 5 4 2 0 
29 0 6 3 7 4 2 
30 5 7 4 6 3 
31 2 4 5 3 0 1 
32 4 3 5 7 6 2 0 
33 6 0 3 2 1 
34 2 3 0 
35 3 5 4 1 0 
36 7 4 5 0 1 
37 6 2 5 3 4 0 
38 2 3 
39 0 1 7 4 5 6 
40 3 7 6 4 
41 4 5 6 7 3 2 
42 3 5 4 2 
43 0 3 5 7 6 2 
44 1 3 4 2 0 
45 3 2 0 5 1 
46 3 1 7 4 5 6 0 
47 0 2 5 1 3 
48 3 2 4 0 
49 2 4 5 3 
50 0 5 7 6 4 2 3 
51 6 0 3 7 5 1 2 
52 5 2 0 1 
53 3 0 2 1 
54 2 4 6 7 5 3 
55 4 3 0 2 
56 6 7 0 5 1 
57 1 0 
58 4 0 2 3 5 1 
59 0 6 4 5 7 1 
60 5 2 4 0 3 
61 2 6 5 7 3 0 
62 5 3 4 2 
63 6 5 4 7 3 2 
64 4 5 6 7 3 2 
65 0 6 4 5 7 1 
66 7 2 0 1 
67 5 6 3 4 7 0 2 
68 5 0 3 2 1 
69 1 7 6 4 3 
70 3 2 
71 4 5 3 2 
72 5 4 6 7 3 2 
73 4 6 5 7 2 
74 2 4 6 7 5 3 
75 4 2 0 1 
76 7 3 2 
77 5 1 7 4 6 0 
78 6 0 3 7 5 1 2 
79 5 4 3 0 1 
80 7 6 4 3 2 
81 3 2 
82 5 7 6 3 0 
83 2 3 0 
84 3 2 
85 1 6 3 4 7 2 0 
86 4 3 2 0 
87 1 5 3 4 2 0 
88 6 5 7 3 0 2 
89 1 5 4 0 3 
90 5 6 3 4 7 0 2 
91 1 4 6 5 7 2 
92 6 3 0 2 
93 0 3 4 2 
94 5 7 6 4 2 0 
95 2 3 4 0 
96 4 6 7 5 2 
97 6 2 0 5 1 3 
98 2 3 0 
99 3 0 2 1 
100 7 6 4 5 0 1 
101 6 7 0 5 1 
102 2 3 4 0 
103 0 3 4 5 2 1 
104 3 7 6 5 4 2 0 
105 4 6 7 5 2 3 
106 3 4 7 5 6 2 0 
107 0 7 6 5 4 2 
108 1 4 6 7 5 2 3 
109 3 4 0 2 
110 3 2 0 
111 0 4 6 7 5 3 
112 3 7 6 4 0 5 
113 2 3 4 0 1 
114 0 4 6 7 5 3 
115 6 3 2 4 0 
116 5 0 4 1 3 
117 3 0 2 5 4 1 
118 2 4 5 3 
119 4 2 0 1 
120 6 7 0 5 1 
121 1 6 3 7 4 2 
122 4 3 0 2 
123 0 6 7 5 1 
124 4 5 6 7 3 2 
125 2 0 3 5 4 1 
126 5 4 6 7 3 2 
127 6 1 0 
128 5 7 4 6 0 2 
129 0 3 7 6 5 1 2 
130 7 1 0 
131 5 6 7 3 0 2 
132 5 7 6 4 0 
133 1 2 0 
134 3 2 
135 4 6 7 5 
136 5 6 3 4 7 0 2 
137 5 2 0 6 7 3 1 
138 2 0 7 6 5 1 3 
139 4 3 
140 7 6 3 0 4 1 2 
141 5 3 4 2 
142 6 3 2 4 0 
143 5 4 6 7 2 
144 7 4 5 0 1 
145 3 4 7 6 2 
146 5 4 3 2 
147 2 7 6 5 4 0 
148 3 2 4 0 
149 1 2 0 5 6 7 3 
150 4 6 5 7 0 2 
151 1 6 3 7 5 4 0 
152 6 0 2 3 5 4 1 
153 1 6 3 5 7 2 
154 5 4 7 6 
155 1 2 0 5 3 
156 6 4 5 7 3 2 
157 0 4 3 
158 5 0 1 
159 2 0 3 1 
160 4 3 5 7 6 2 0 
161 6 3 5 7 2 
162 2 7 6 4 3 
163 3 4 5 2 
164 7 3 0 4 5 2 1 
165 6 5 3 4 2 0 
166 2 5 3 4 0 
167 0 4 5 3 1 
168 3 1 0 
169 4 5 7 6 2 3 
170 3 2 0 5 6 7 1 
171 0 6 7 5 4 
172 1 7 5 6 3 0 
173 3 6 5 7 0 2 
174 3 2 0 5 6 7 1 
175 0 2 5 1 3 
176 3 6 4 5 7 0 1 
177 2 7 6 4 1 0 
178 0 6 3 7 5 4 
179 6 7 5 4 
180 5 6 7 0 1 
181 3 7 4 6 0 2 
182 2 0 5 6 7 3 1 
183 4 7 5 6 3 0 
184 6 3 2 4 0 1 
185 1 7 6 4 0 5 
186 4 7 6 0 5 
187 0 6 5 7 2 
188 4 5 7 6 2 3 
189 2 6 7 0 5 1 
190 5 2 3 0 
191 6 7 4 3 
192 5 3 4 2 0 
193 3 2 0 
194 7 5 6 4 2 3 
195 4 6 7 3 2 
196 6 3 4 2 0 
197 1 3 0 2 
198 3 7 5 6 0 
199 4 5 3 2 0 
200 5 1 7 4 6 0 
201 4 3 5 1 0 
202 1 2 4 0 3 
203 4 5 3 0 1 
204 7 0 1 
205 5 6 3 4 7 0 2 
206 6 4 5 3 2 
207 5 4 7 6 
208 7 4 5 3 2 
209 2 4 6 7 5 
210 5 7 6 4 3 
211 2 3 0 
212 3 5 7 6 4 2 
213 1 7 2 6 4 3 
214 4 6 5 7 3 2 
215 1 5 0 4 3 
216 6 3 5 7 2 0 
217 1 4 7 6 2 3 
218 5 0 7 6 1 3 
219 1 7 4 6 0 2 
220 6 3 5 7 2 
221 0 4 7 6 5 
222 5 3 2 
223 2 6 4 5 7 0 1 
224 4 3 2 
225 6 5 7 3 0 2 
226 2 0 1 
227 2 3 4 0 
228 7 5 4 0 3 
229 6 3 4 0 2 
230 2 4 5 3 
231 0 3 2 4 1 
232 3 4 6 5 7 2 
233 4 6 7 5 
234 3 7 6 4 
235 0 7 2 6 4 3 
236 1 3 2 4 0 
237 3 4 5 2 
238 3 0 2 5 4 1 
239 0 7 4 6 3 
240 2 5 4 0 3 
241 2 3 4 0 
242 0 5 4 3 
243 6 4 5 3 2 
244 4 3 2 0 1 
245 3 2 
246 2 7 6 4 0 5 
247 4 7 6 3 
248 6 0 2 3 5 4 1 
249 1 2 5 3 4 0 
250 4 7 6 5 
251 0 3 2 1 
252 4 5 0 1 
253 3 5 4 6 7 2 
254 5 4 7 6 2 3 
255 6 3 4 7 5 2 0 
256 5 3 4 7 6 2 0 
257 0 2 4 3 
258 7 2 0 1 
259 5 0 3 7 6 1 2 
260 5 3 4 2 
261 1 3 5 7 6 2 0 
262 3 2 4 0 
263 4 6 5 7 3 0 2 
264 5 7 2 6 4 3 
265 4 0 3 7 6 5 1 2 
266 2 5 7 6 4 3 
267 4 5 6 7 3 2 
268 7 6 3 4 2 0 
269 4 6 7 3 2 
270 6 2 5 3 4 0 
271 6 0 3 2 1 
272 7 4 5 0 1 
273 3 0 7 6 5 1 2 
274 5 3 0 2 
275 0 6 7 5 1 
276 3 4 6 7 5 
277 1 3 4 0 2 
278 4 0 2 3 5 1 
279 1 4 5 3 0 
280 6 7 4 3 2 
281 0 3 2 
282 5 4 6 7 3 2 
283 0 4 5 3 2 
284 5 6 3 7 0 4 1 2 
285 0 5 4 1 3 
286 5 6 7 4 3 2 
287 2 3 5 4 1 0 
288 7 4 6 5 2 3 
289 6 0 7 5 1 3 
290 2 3 0 
291 0 3 2 
292 7 4 6 5 2 
293 7 2 4 0 3 
294 2 6 5 7 0 
295 0 6 7 5 4 
296 3 0 7 6 5 1 
297 4 7 6 5 2 0 
298 3 0 7 6 5 1 
299 0 1 
300 1 4 5 3 0 
301 3 6 7 5 4 
302 3 6 7 4 2 
303 1 4 5 0 
304 3 0 2 5 4 1 
305 2 5 3 4 0 
306 0 3 5 4 1 
307 6 5 7 0 2 
308 5 4 3 0 1 
309 3 1 7 4 5 6 0 
310 2 0 5 1 3 
311 5 7 6 3 0 
312 6 1 0 
313 1 6 7 0 5 
314 4 6 7 5 2 3 
315 0 6 5 7 3 2 
316 4 6 7 5 2 
317 2 3 5 4 1 0 
318 7 3 4 5 6 2 0 
319 6 3 7 4 2 
320 5 4 6 7 3 2 
321 0 3 2 1 
322 7 6 4 3 2 
323 5 1 7 4 6 0 
324 5 4 7 6 
325 1 6 7 4 3 2 
326 0 2 5 1 3 
327 4 7 6 2 3 
328 5 2 0 1 3 
329 4 3 2 0 
330 2 0 3 7 6 5 1 
331 4 7 5 6 3 0 
332 7 3 5 6 2 0 
333 5 7 2 6 4 3 
334 6 2 5 3 4 0 
335 5 3 7 6 2 0 
336 7 6 3 5 2 
337 3 7 5 6 0 
338 5 4 7 6 2 3 
339 2 6 3 5 7 
340 3 6 4 7 2 0 
341 1 6 5 7 4 3 2 
342 4 5 3 2 
343 1 7 6 4 0 
344 6 0 1 
345 1 0 3 7 6 5 2 
346 5 0 7 6 1 3 
347 1 0 
348 6 4 5 0 1 
349 0 7 4 6 2 
350 5 7 6 4 2 0 
351 1 7 4 6 0 2 
352 4 1 0 
353 6 1 7 4 5 0 
354 1 6 5 7 4 3 2 
355 3 7 4 6 0 2 
356 7 5 4 6 3 2 
357 6 0 1 
358 2 6 3 4 7 0 
359 0 5 4 6 7 3 2 
360 3 2 4 0 1 
361 4 5 0 1 3 
362 0 2 5 3 4 
363 0 6 3 7 5 4 
364 0 3 2 
365 3 6 5 7 4 2 
366 0 3 2 1 
367 0 3 5 7 6 2 
368 3 6 7 4 2 
369 2 0 3 1 
370 0 3 2 1 
371 6 4 5 3 2 
372 5 3 2 4 0 
373 3 1 0 
374 2 0 1 
375 4 0 1 
376 6 7 4 3 
377 0 7 4 6 3 
378 4 0 3 2 1 
379 0 6 7 5 1 
380 4 3 7 5 6 2 0 
381 2 3 0 
382 4 3 2 0 1 
383 4 6 7 3 2 
384 5 4 0 3 
385 3 2 0 
386 7 4 3 
387 5 4 6 7 2 3 
388 6 3 4 7 2 0 
389 1 5 3 4 2 
390 3 2 0 5 6 7 1 
391 4 1 7 5 6 0 
392 5 6 3 7 4 0 
393 6 7 4 1 0 
394 2 5 3 4 
395 4 5 6 7 3 2 
396 7 6 4 5 0 1 
397 7 6 0 5 1 
398 6 7 4 3 2 
399 5 0 3 2 1 
400 7 6 3 5 4 0 
401 3 5 4 1 0 
402 5 4 3 2 
403 2 4 3 
404 3 2 0 5 6 7 1 
405 1 4 7 6 5 
406 4 5 0 1 
407 1 4 7 6 5 
408 7 4 6 5 3 
409 1 5 4 6 7 3 2 
410 5 4 6 7 2 
411 1 4 6 7 5 2 
412 5 4 6 7 3 2 
413 0 3 2 4 
414 5 4 3 2 
415 2 0 3 1 
416 4 7 2 6 3 
417 6 4 3 
418 2 6 5 7 0 
419 3 4 6 7 5 
420 1 6 3 7 5 4 0 
421 6 4 5 3 0 1 
422 2 1 0 
423 2 6 5 7 0 
424 2 6 3 7 0 4 1 
425 4 7 2 6 3 
426 3 4 6 7 5 
427 1 0 2 3 5 4 
428 1 7 2 6 4 3 
429 3 6 7 4 2 
430 3 4 0 2 
431 2 7 6 4 3 
432 3 0 1 
433 2 4 5 0 1 
434 0 3 5 4 1 
435 6 7 5 4 
436 4 5 0 3 
437 3 6 7 0 4 1 2 
438 2 5 3 4 0 
439 5 6 3 7 2 
440 6 4 5 3 2 
441 1 6 7 4 3 2 
442 4 5 3 2 0 
443 2 6 7 4 3 
444 4 7 6 0 5 
445 2 7 6 4 3 
446 5 6 4 7 0 1 
447 6 4 7 2 3 
448 5 2 3 4 0 
449 3 6 7 0 4 1 2 
450 7 0 3 6 5 1 2 
451 5 6 7 0 1 
452 5 3 0 4 2 1 
453 1 6 7 4 3 2 
454 3 2 0 
455 4 7 6 0 2 
456 5 6 4 7 0 1 
457 4 1 0 
458 2 7 6 4 3 
459 4 2 0 3 
460 7 0 3 2 1 
461 0 6 3 7 4 1 2 
462 6 3 2 4 0 1 
463 4 5 7 6 2 3 
464 7 5 0 4 1 3 
465 0 7 6 4 1 
466 5 3 0 4 2 1 
467 3 6 4 5 7 0 1 
468 3 6 7 0 4 1 2 
469 1 7 6 4 0 
470 4 0 7 6 5 1 3 
471 1 3 0 2 
472 6 7 4 3 2 
473 1 0 
474 4 6 3 7 2 0 
475 1 5 4 6 7 3 2 
476 6 4 7 5 
477 0 6 5 7 2 
478 5 4 0 1 
479 3 7 4 6 0 2 
480 4 6 7 3 2 
481 6 1 7 4 5 0 
482 2 4 5 6 7 3 
483 3 4 6 7 5 
484 7 2 0 5 1 3 
485 6 1 7 4 5 0 
486 2 6 3 5 7 
487 2 6 7 4 3 
488 3 7 4 6 0 2 
489 4 3 2 0 
490 3 2 4 0 
491 0 4 5 3 1 
492 1 7 4 5 6 0 
493 3 5 7 6 2 0 
494 3 2 0 5 1 
495 2 6 7 5 4 
496 3 6 7 5 4 0 
497 2 6 3 7 4 
498 0 1 
499 6 4 7 5 2 
500 5 6 4 7 0 1 
501 3 0 7 6 5 1 
502 2 3 0 4 5 1 
503 4 6 3 7 2 0 
504 6 3 0 4 5 2 1 
505 1 5 3 4 2 0 
506 4 6 3 7 2 0 
507 2 0 5 1 3 
508 4 5 6 7 3 2 
509 2 0 1 
510 5 4 6 7 3 
511 6 3 5 7 2 
512 5 7 2 6 4 3 
513 3 6 5 7 2 
514 7 2 5 3 4 0 
515 5 3 4 2 
516 5 7 6 4 0 
517 1 3 2 
518 3 2 5 4 0 
519 4 6 7 5 
520 5 2 0 1 
521 4 6 7 5 2 3 
522 2 5 0 4 1 3 
523 4 5 3 2 0 
524 7 6 4 1 0 
525 5 3 0 4 2 1 
526 6 7 4 3 
527 5 3 0 4 2 1 
528 7 6 4 3 
529 3 2 0 1 
530 4 0 3 7 6 5 1 2 
531 2 6 7 4 3 
532 3 6 4 5 7 0 1 
533 1 3 2 4 0 
534 4 5 6 7 3 2 
535 1 3 5 4 0 
536 6 2 0 1 
537 1 7 6 4 0 5 
538 5 0 7 6 1 3 
539 1 6 3 7 4 2 
540 7 4 6 5 2 
541 0 3 5 4 1 
542 4 3 2 0 
543 2 7 4 6 0 
544 4 6 5 7 0 2 
545 6 4 5 3 0 1 
546 2 4 3 
547 3 2 0 5 6 7 1 
548 7 5 0 4 1 3 
549 6 5 0 4 1 3 
550 2 0 5 1 3 
551 2 0 3 7 6 5 1 
552 3 0 7 6 5 1 
553 4 0 1 
554 3 2 0 5 6 7 1 
555 0 2 3 
556 1 7 4 6 3 
557 3 4 7 6 2 
558 3 2 0 5 6 7 1 
559 2 4 0 3 
560 3 7 5 6 0 
561 2 0 3 1 
562 0 7 6 4 5 
563 6 2 3 0 
564 5 1 7 4 6 0 
565 3 4 7 6 5 
566 2 7 6 4 1 0 
567 4 3 2 0 
568 6 5 4 0 3 
569 1 6 3 4 7 2 0 
570 4 3 2 0 1 
571 2 4 0 3 
572 4 6 3 7 2 
573 2 4 5 3 
574 5 4 3 2 
575 6 4 7 5 
576 5 4 3 0 1 
577 3 2 4 0 
578 7 4 6 3 
579 5 3 4 7 6 2 0 
580 5 3 7 6 2 0 
581 1 3 0 2 
582 3 6 4 7 2 0 
583 4 7 6 1 0 
584 5 3 4 2 0 
585 4 3 2 
586 2 3 4 7 5 6 0 
587 5 4 6 7 2 
588 7 6 5 4 2 0 
589 5 3 0 4 2 1 
590 6 3 7 0 4 1 2 
591 5 4 3 2 
592 7 6 4 3 
593 3 4 5 6 7 2 
594 5 6 4 7 0 1 
595 2 4 6 5 7 
596 3 0 2 
597 1 4 6 7 5 2 3 
598 4 5 0 1 
599 1 3 2 4 0 
600 6 4 7 5 2 
601 1 3 5 4 0 
602 5 7 6 4 2 3 
603 1 5 3 4 2 
604 6 4 7 5 2 
605 0 7 5 6 3 
606 5 4 3 2 
607 2 3 4 0 
608 4 5 0 1 3 
609 6 5 7 4 3 2 
610 2 7 6 4 0 5 
611 3 5 4 0 
612 7 2 6 4 3 
613 6 3 2 
614 2 3 
615 2 3 0 
616 3 6 7 5 4 0 
617 4 7 2 6 3 
618 3 7 4 6 
619 0 1 
620 1 0 
621 2 0 5 6 7 3 1 
622 3 4 5 2 
623 2 6 3 7 0 4 1 
624 3 2 4 0 
625 3 5 7 6 4 2 
626 0 1 
627 6 3 2 4 0 1 
628 5 4 6 7 2 3 
629 3 7 4 6 
630 2 5 4 6 7 3 
631 4 3 5 1 0 
632 6 3 4 2 0 
633 1 6 7 4 3 2 
634 7 4 6 2 3 
635 2 0 1 
636 4 6 3 7 2 
637 2 4 7 6 3 
638 5 3 7 6 2 0 
639 6 4 7 5 2 3 
640 5 0 7 6 1 3 
641 3 7 6 4 
642 7 6 0 5 1 
643 5 3 4 2 0 
644 4 0 1 
645 1 6 5 7 4 3 2 
646 3 5 7 6 4 2 
647 4 7 6 5 
648 5 6 7 0 2 
649 4 7 6 5 2 0 
650 2 0 3 1 
651 4 6 3 7 2 
652 7 4 6 5 2 
653 4 7 6 0 2 
654 6 5 3 4 2 
655 5 4 7 6 2 3 
656 7 4 6 2 3 
657 2 6 3 7 4 
658 5 4 6 7 2 
659 2 5 3 4 0 
660 3 5 4 0 
661 1 0 
662 4 6 3 7 0 2 
663 1 2 5 3 4 0 
664 6 7 4 0 2 
665 1 0 
666 5 3 0 4 2 1 
667 1 0 3 2 
668 6 3 7 5 4 0 
669 0 6 5 7 4 3 2 
670 5 0 2 3 4 1 
671 2 0 5 1 3 
672 4 6 3 7 0 1 2 
673 6 3 0 4 5 2 1 
674 2 0 5 6 7 3 1 
675 3 0 7 6 5 1 
676 7 5 3 4 2 
677 6 5 0 4 1 3 
678 2 5 3 4 0 
679 2 3 4 7 5 6 0 
680 3 6 5 7 0 2 
681 4 5 3 2 
682 3 7 2 6 4 
683 0 5 4 3 
684 1 0 3 2 
685 3 5 4 0 
686 2 3 0 4 5 1 
687 2 6 3 7 4 
688 3 2 0 5 1 
689 2 6 3 4 7 0 
690 0 4 5 3 2 
691 6 4 5 7 3 2 
692 6 4 5 3 2 
693 3 0 2 5 4 1 
694 2 3 4 0 
695 4 6 7 3 2 
696 7 4 6 5 2 
697 1 4 3 
698 4 6 5 7 0 2 
699 2 3 4 0 
700 4 3 2 0 
701 2 3 4 0 1 
702 7 4 6 5 
703 6 3 4 7 0 2 
704 7 6 5 3 0 2 
705 3 0 2 
706 7 1 4 5 6 0 
707 7 6 0 5 1 
708 6 7 4 1 0 
709 1 5 4 0 3 
710 3 4 5 6 7 2 
711 6 7 5 4 2 0 
712 7 6 5 4 
713 6 4 7 5 
714 2 7 6 5 4 0 
715 7 4 6 5 2 
716 7 5 6 3 0 
717 7 6 3 4 0 2 
718 6 7 4 3 2 
719 6 5 7 4 3 2 
720 7 6 4 3 2 
721 3 6 4 7 0 2 
722 7 6 3 5 2 
723 2 0 3 1 
724 3 4 6 7 5 2 
725 1 0 3 7 6 5 2 
726 7 6 5 4 3 2 
727 1 4 6 7 5 2 
728 6 1 7 4 5 0 
729 1 0 3 2 
730 7 6 4 5 0 1 
731 1 2 3 0 
732 6 3 2 4 0 
733 0 3 5 7 6 2 
734 7 4 6 5 2 3 
735 1 3 0 2 
736 7 6 3 4 2 0 
737 6 7 4 3 2 
738 1 0 3 2 
739 0 5 3 4 2 
740 7 4 6 5 2 3 
741 6 3 4 7 2 0 
742 0 5 3 4 2 
743 2 5 3 4 
744 1 5 0 4 3 
745 7 6 5 4 2 0 
746 0 4 3 
747 0 4 5 3 1 
748 1 5 4 6 7 3 2 
749 0 7 4 6 3 
750 0 3 4 2 
751 2 4 6 7 5 3 
752 0 6 7 4 3 2 
753 0 4 5 3 2 
754 0 3 5 4 1 
755 6 4 7 2 3 
756 6 7 4 1 0 
757 3 4 
758 2 5 3 4 0 
759 4 7 6 3 
760 6 4 5 3 2 
761 1 0 7 6 5 3 
762 7 6 4 0 5 
763 3 6 7 4 2 
764 4 7 6 1 0 
765 2 3 0 
766 7 4 6 5 2 
767 6 7 4 3 2 
768 7 3 5 4 1 0 
769 3 0 2 5 4 1 
770 7 5 3 4 2 
771 6 5 0 4 1 3 
772 6 5 4 0 3 
773 1 4 5 0 
774 0 7 6 5 1 3 
775 6 3 7 5 4 0 
776 7 3 5 6 2 0 
777 6 7 5 4 2 0 
778 1 6 3 4 7 0 2 
779 7 5 3 4 2 0 
780 7 3 5 6 2 0 
781 7 2 0 5 6 3 1 
782 6 7 4 3 
783 6 7 4 1 0 
784 7 0 2 3 5 4 1 
785 0 4 6 5 7 2 
786 7 3 4 0 2 
787 0 4 6 7 5 3 
788 0 7 5 6 3 
789 1 2 0 5 6 7 3 
790 7 6 3 4 2 
791 1 2 3 0 
792 6 4 5 0 1 
793 1 0 7 6 5 3 
794 7 4 5 6 3 2 
795 1 6 7 4 3 2 
796 6 5 3 4 2 
797 0 3 2 1 
798 7 2 0 5 1 3 
799 1 4 3 
800 7 0 3 6 5 1 2 
801 6 0 3 2 1 
802 1 3 2 4 0 
803 0 5 3 4 2 
804 7 4 6 0 2 
805 6 7 4 0 5 
806 0 7 6 4 3 
807 2 6 3 4 7 0 
808 1 4 6 5 7 2 
809 7 5 0 4 1 3 
810 0 3 2 1 
811 0 6 5 7 3 2 
812 1 7 6 5 4 2 0 
813 0 7 5 6 3 
814 0 4 5 3 2 
815 2 6 4 5 7 0 1 
816 0 7 6 4 1 
817 0 3 4 2 
818 0 6 3 4 7 2 
819 6 0 3 7 5 1 2 
820 1 3 4 7 5 6 2 0 
821 3 7 2 6 4 
822 2 6 5 7 4 3 
823 4 0 2 3 5 1 
824 6 3 5 7 2 0 
825 1 4 5 3 0 
826 0 4 7 6 2 3 
827 2 0 3 1 
828 2 5 3 4 0 
829 2 4 5 6 7 3 
830 7 6 0 5 1 
831 6 7 4 3 
832 7 4 5 3 2 
833 0 5 4 3 
834 7 6 3 5 4 0 
835 6 3 7 0 4 1 2 
836 6 2 0 1 
837 1 4 5 3 2 
838 0 7 5 6 3 
839 6 0 2 3 5 4 1 
840 5 2 3 4 0 
841 4 5 6 7 3 2 
842 1 3 2 4 0 
843 2 3 4 0 
844 2 5 7 6 4 3 
845 0 6 4 5 7 1 
846 6 3 4 7 5 2 0 
847 5 6 3 7 0 4 1 2 
848 1 2 3 0 
849 0 1 
850 1 7 4 6 3 
851 4 6 3 7 0 1 2 
852 5 6 3 7 4 0 
853 4 7 6 3 
854 1 4 3 
855 7 6 3 5 2 
856 0 6 5 7 2 
857 7 6 5 3 0 2 
858 0 7 4 6 2 
859 7 3 2 4 0 
860 1 6 5 7 4 3 2 
861 7 6 5 3 0 2 
862 1 3 0 4 5 2 
863 7 6 3 4 2 
864 0 6 7 5 4 
865 0 3 7 6 5 1 2 
866 7 6 4 3 
867 7 2 5 3 4 0 
868 0 6 5 7 2 
869 1 6 7 4 3 2 
870 7 4 5 6 3 2 
871 7 5 0 4 1 3 
872 7 2 4 0 3 
873 0 6 3 4 7 2 
874 7 0 3 2 1 
875 7 6 4 3 
876 6 0 3 7 5 1 2 
877 6 2 4 0 3 
878 7 2 6 4 3 
879 6 4 7 5 3 
880 6 5 7 0 2 
881 2 6 3 4 7 0 
882 0 3 2 4 
883 0 7 4 6 2 
884 0 4 6 7 5 2 
885 3 7 6 5 4 2 0 
886 3 2 0 1 
887 4 3 5 1 0 
888 6 0 3 2 1 
889 7 6 4 3 2 
890 0 2 4 3 
891 4 3 0 2 
892 0 4 7 6 5 
893 5 6 7 4 
894 5 6 7 0 1 
895 6 3 4 0 2 
896 5 6 7 3 0 2 
897 7 3 4 0 2 
898 7 6 5 3 0 2 
899 6 3 4 7 5 2 0 
900 4 6 3 7 5 0 
901 0 6 7 5 4 
902 3 5 7 6 4 2 
903 5 4 6 7 2 3 
904 5 0 3 2 1 
905 6 3 0 4 5 2 1 
906 2 7 4 6 0 
907 5 3 4 2 0 
908 7 3 2 
909 5 4 6 7 3 
910 7 4 6 5 
911 5 6 3 7 2 
912 0 4 7 6 5 
913 7 0 3 2 1 
914 5 4 6 7 2 
915 2 6 3 4 7 0 
916 0 4 5 1 
917 1 3 4 7 5 6 2 0 
918 4 3 0 2 
919 0 7 6 4 1 
920 7 6 4 3 2 
921 7 5 4 6 3 2 
922 5 4 0 1 
923 1 5 3 4 2 0 
924 7 4 6 5 3 
925 0 6 5 7 4 3 2 
926 7 2 3 0 
927 2 1 0 
928 4 6 7 0 5 1 
929 7 5 3 4 2 0 
930 2 4 5 3 
931 1 6 5 7 0 2 
932 7 6 3 4 2 0 
933 1 4 6 7 5 2 
934 7 2 4 0 3 
935 0 5 7 6 4 2 3 
936 3 6 5 7 4 2 
937 4 7 6 2 3 
938 2 3 4 0 1 
939 0 4 5 3 1 
940 6 1 7 4 5 0 
941 3 7 4 6 
942 3 4 5 2 
943 6 7 5 3 0 
944 3 2 0 5 6 7 1 
945 2 6 3 4 7 0 
946 0 3 5 4 1 
947 6 3 4 7 0 2 
948 1 2 0 5 3 
949 3 0 2 1 
950 3 4 5 0 1 
951 4 6 5 7 3 2 
952 7 6 5 0 2 
953 1 6 3 7 4 2 
954 0 3 5 7 6 2 
955 2 3 4 7 5 6 0 
956 0 3 2 4 
957 2 6 3 7 0 4 1 
958 5 4 0 1 
959 4 3 
960 7 4 6 5 3 
961 0 2 5 3 4 
962 7 2 0 1 
963 5 3 4 1 0 
964 5 4 6 7 2 3 
965 1 4 6 7 5 2 
966 3 4 7 6 2 
967 4 7 2 6 3 
968 4 5 0 3 
969 4 6 5 7 2 
970 4 6 7 5 
971 2 3 4 0 1 
972 2 6 3 7 4 
973 0 3 2 1 
974 7 6 3 4 0 2 
975 7 6 5 4 
976 1 6 3 7 5 4 0 
977 7 5 6 4 2 3 
978 1 0 2 3 5 4 
979 4 6 7 5 2 
980 5 4 0 1 
981 4 0 1 
982 1 5 0 4 3 
983 7 6 3 0 4 1 2 
984 0 2 3 
985 1 5 0 4 3 
986 0 1 
987 4 3 2 0 
988 1 0 
989 5 4 3 
990 1 6 4 5 7 0 
991 4 7 6 1 0 
992 0 1 
993 0 4 5 3 1 
994 7 2 3 0 
995 7 6 3 5 2 
996 1 3 4 2 0 
997 1 4 6 7 5 3 
998 0 5 4 6 7 3 2 
999 7 4 6 5 2 
1000 7 6 4 0 5 
1001 0 3 4 2 
1002 7 3 0 4 5 2 1 
1003 7 6 4 0 5 
1004 1 7 2 6 4 3 
1005 6 3 5 7 2 
1006 7 6 5 4 2 0 
1007 1 5 7 6 4 2 3 
1008 6 4 3 
1009 0 3 4 7 5 6 2 
1010 0 6 3 7 5 4 
1011 0 7 6 4 1 
1012 1 7 5 6 3 0 
1013 3 1 7 4 5 6 0 
1014 2 6 5 7 0 
1015 4 3 7 5 6 2 0 
1016 7 2 4 0 3 
1017 1 0 7 6 5 3 
1018 0 7 6 4 5 
1019 0 7 5 6 3 
1020 3 4 
1021 5 6 7 4 3 2 
1022 5 6 3 7 4 2 
1023 4 5 0 3 
