0 1 2 7 3 6 
1 3 2 7 1 6 
2 6 2 5 3 
3 0 5 4 6 
4 2 7 1 3 6 
5 3 2 6 1 7 5 4 
6 2 5 4 
7 7 0 2 1 6 
8 6 2 3 4 1 5 
9 2 5 4 6 
10 0 3 1 
11 4 3 1 0 
12 5 3 1 6 4 0 
13 1 2 7 4 6 5 3 
14 1 2 3 0 6 
15 5 1 6 7 2 0 
16 4 3 5 2 6 
17 6 7 4 5 
18 6 4 5 
19 5 4 6 
20 2 3 1 6 
21 3 1 0 
22 0 2 7 1 3 6 
23 7 2 5 6 4 3 
24 3 5 4 6 
25 5 4 1 7 
26 3 2 0 1 
27 3 4 5 2 6 
28 2 3 1 6 
29 3 5 2 6 
30 5 2 7 3 1 0 
31 4 6 5 1 7 
32 4 3 2 
33 3 5 4 2 1 0 
34 6 2 5 7 4 3 
35 6 7 1 5 4 
36 2 4 3 5 
37 5 4 6 3 7 0 
38 3 1 4 0 5 6 
39 1 0 2 
40 2 1 6 7 0 
41 5 3 1 6 4 0 
42 3 0 7 1 6 
43 1 4 6 5 
44 3 2 1 4 0 5 6 
45 4 2 7 6 5 3 
46 4 6 5 3 7 0 
47 5 6 0 7 2 1 
48 6 7 1 5 4 
49 2 4 6 5 3 7 0 
50 5 0 7 1 6 
51 1 4 6 5 
52 2 1 0 3 6 
53 4 1 7 0 6 
54 3 2 5 7 6 4 
55 2 0 6 5 3 1 
56 4 1 7 0 6 
57 1 2 0 
58 3 2 0 1 
59 0 2 4 3 5 
60 1 2 0 
61 7 4 5 2 6 3 
62 6 2 7 1 3 
63 5 4 6 
64 1 2 3 7 6 
65 3 4 6 5 7 0 
66 6 4 5 3 7 0 
67 0 2 3 4 1 5 
68 0 2 1 4 3 5 6 
69 3 5 2 6 
70 2 0 3 1 
71 7 3 2 
72 6 4 5 2 3 
73 2 5 4 6 
74 0 2 3 1 7 6 
75 4 2 6 1 3 7 5 
76 5 6 4 2 0 
77 1 2 
78 1 3 5 4 0 7 
79 5 2 3 0 6 
80 4 2 5 7 6 3 
81 6 4 5 2 3 
82 6 5 4 
83 5 3 1 0 
84 2 3 1 6 
85 2 3 4 1 5 
86 0 6 1 2 
87 7 1 0 6 4 5 
88 3 1 0 2 6 
89 5 1 6 7 2 0 
90 3 2 4 5 
91 3 2 4 1 5 7 6 
92 2 1 7 0 6 
93 3 4 6 5 
94 5 6 2 4 3 7 
95 4 3 5 2 6 
96 4 2 3 5 
97 2 3 
98 6 1 2 
99 6 3 2 
100 1 4 6 5 
101 5 2 3 4 
102 3 5 4 6 
103 1 0 7 6 4 5 
104 2 3 1 6 
105 5 6 1 2 0 
106 3 0 6 2 5 1 
107 3 5 1 6 4 0 
108 3 2 1 0 
109 4 6 0 7 2 1 
110 4 0 6 2 5 7 1 
111 5 0 6 2 3 1 
112 6 1 7 0 
113 0 7 5 6 4 2 1 
114 4 6 5 1 7 
115 1 2 4 3 5 
116 0 3 5 2 4 6 
117 4 2 6 1 3 7 5 
118 3 2 7 1 0 
119 0 7 1 3 6 
120 4 7 1 5 6 
121 1 7 5 6 4 
122 1 0 2 5 
123 0 7 2 1 6 
124 0 7 2 1 6 
125 7 0 6 2 5 3 1 
126 6 2 4 5 7 3 
127 5 3 2 4 6 
128 0 4 6 5 
129 3 5 4 
130 6 5 4 
131 0 5 6 4 2 1 
132 3 4 6 5 7 0 
133 3 2 1 4 0 5 6 
134 2 4 1 5 7 6 
135 7 5 4 6 
136 6 0 2 1 
137 2 0 6 5 7 1 
138 0 3 2 
139 4 5 6 2 1 
140 5 0 7 2 1 6 
141 1 6 7 2 0 
142 0 1 7 6 
143 5 2 4 1 7 6 
144 4 0 6 2 5 7 1 
145 6 7 4 5 
146 6 2 3 1 7 
147 5 6 4 2 1 
148 2 1 0 3 6 
149 3 2 6 5 
150 0 5 3 1 6 4 
151 7 1 6 2 0 
152 3 5 4 2 1 0 
153 7 5 6 4 2 1 
154 3 2 7 1 6 
155 3 2 5 4 
156 2 6 1 0 
157 1 3 5 4 0 7 
158 5 7 6 4 2 1 
159 4 2 3 1 5 
160 4 1 0 5 6 
161 2 4 5 
162 6 1 3 7 0 
163 6 5 3 1 4 0 
164 2 3 1 0 
165 5 0 6 2 3 1 
166 3 0 7 1 6 
167 0 3 1 
168 2 0 7 1 6 3 
169 4 3 5 2 6 
170 3 1 4 0 5 6 
171 1 7 5 6 4 
172 3 2 
173 4 2 3 1 6 
174 4 5 2 1 0 
175 5 2 7 3 1 0 
176 6 1 0 2 5 
177 2 4 5 6 3 
178 5 7 1 6 4 
179 1 0 7 6 4 5 
180 2 7 1 0 3 6 
181 4 2 3 5 
182 3 7 1 5 6 4 
183 2 6 4 3 7 5 
184 4 6 5 3 7 0 
185 1 2 7 3 0 
186 3 1 4 0 5 6 
187 0 3 5 2 6 
188 1 2 6 3 7 5 4 
189 7 0 2 6 1 
190 6 2 4 3 7 5 
191 5 1 7 0 6 
192 1 2 4 0 3 5 6 
193 3 2 7 1 6 
194 6 2 3 4 1 5 
195 0 3 2 
196 2 1 0 
197 3 0 6 2 5 1 
198 2 6 4 3 7 5 
199 7 0 2 6 1 
200 6 2 4 3 7 5 
201 2 3 5 6 
202 0 2 5 7 6 4 3 
203 4 2 6 1 3 7 5 
204 5 1 2 
205 1 3 2 
206 1 2 6 5 3 
207 5 4 6 
208 4 6 1 2 0 
209 6 0 7 1 3 
210 6 5 4 1 7 
211 5 2 3 0 6 
212 2 7 1 5 6 4 
213 3 1 2 
214 0 1 2 5 
215 7 1 0 2 
216 3 2 
217 5 2 7 4 6 3 
218 3 1 0 2 6 
219 3 1 0 
220 2 6 1 0 
221 2 1 4 0 5 6 
222 6 2 1 4 0 3 5 
223 4 3 5 2 6 
224 4 2 0 1 3 
225 2 7 5 6 4 1 
226 6 2 4 5 7 3 
227 6 2 3 1 7 
228 2 4 5 3 6 
229 5 1 4 0 6 
230 2 4 1 7 5 
231 1 0 2 
232 2 7 1 0 3 6 
233 5 4 1 7 
234 3 1 2 
235 2 4 6 5 3 7 0 
236 3 7 1 0 6 
237 4 2 1 0 3 5 6 
238 4 5 6 
239 5 6 0 7 2 1 
240 7 6 4 5 
241 2 7 5 6 4 1 
242 5 2 7 3 1 0 
243 1 4 7 5 
244 7 0 6 2 5 1 
245 4 3 2 
246 3 0 2 6 1 
247 2 3 5 6 
248 4 1 0 5 6 
249 1 2 3 6 
250 2 0 6 5 3 1 
251 0 1 2 
252 0 4 2 5 
253 7 2 3 1 6 
254 7 5 4 6 
255 4 0 3 1 
256 1 6 0 7 2 
257 3 1 0 
258 6 1 2 
259 0 5 3 1 6 4 
260 2 4 5 
261 2 3 
262 2 4 5 3 6 
263 7 4 6 5 3 0 
264 6 2 4 5 3 
265 0 3 1 
266 0 1 7 6 
267 7 1 0 3 2 6 
268 5 1 6 3 7 0 
269 0 5 6 4 2 1 
270 1 0 7 6 4 5 
271 5 4 6 
272 7 2 6 5 3 
273 6 2 4 5 7 3 
274 6 1 0 2 
275 5 4 2 6 3 
276 2 3 4 1 5 
277 3 1 7 0 6 
278 0 7 1 5 6 4 
279 7 2 4 5 6 3 
280 3 4 5 2 6 
281 5 4 2 
282 3 2 
283 3 4 2 5 
284 2 1 0 5 
285 3 1 6 7 0 
286 4 6 0 7 2 1 
287 4 1 0 2 
288 4 2 3 1 6 
289 1 2 3 0 6 
290 6 5 4 
291 6 2 3 5 4 
292 3 4 1 7 5 
293 5 4 
294 3 2 7 1 6 
295 1 5 4 2 0 
296 2 1 6 7 0 
297 5 1 0 2 
298 3 4 1 7 5 
299 2 1 0 
300 2 6 0 7 1 
301 4 2 7 1 3 6 
302 4 5 3 1 6 0 
303 5 4 2 1 0 
304 6 1 7 2 0 
305 2 0 7 1 6 
306 5 1 0 2 
307 1 0 2 5 
308 2 0 6 1 
309 4 1 0 2 
310 1 2 3 5 4 
311 2 7 5 6 4 1 
312 7 1 0 2 5 
313 1 5 6 4 2 
314 3 6 2 4 7 5 
315 0 2 4 1 5 7 6 
316 1 2 6 5 3 
317 7 5 4 6 
318 6 0 7 2 1 
319 5 0 6 1 4 2 
320 1 2 7 3 6 
321 3 7 5 6 4 2 1 
322 6 3 1 0 
323 0 2 7 4 6 5 3 
324 2 4 5 6 3 
325 1 2 6 5 3 
326 0 7 2 1 6 
327 7 4 2 5 
328 6 0 3 1 
329 2 5 4 6 
330 2 0 3 1 
331 4 0 7 2 1 6 
332 5 2 7 6 4 3 
333 1 5 4 6 
334 1 5 4 
335 5 7 1 0 3 6 
336 4 6 5 
337 5 2 3 1 7 6 
338 6 5 4 1 7 
339 5 4 6 
340 2 1 0 
341 3 6 2 4 7 5 
342 0 7 1 6 
343 7 1 0 2 5 
344 2 4 1 5 7 6 
345 5 6 1 2 0 
346 0 2 6 1 
347 0 5 4 
348 2 7 4 6 5 3 
349 3 1 0 2 
350 5 2 0 1 3 
351 6 1 2 
352 4 2 3 0 6 
353 2 3 5 4 6 
354 6 2 1 0 
355 6 3 5 1 4 0 7 
356 2 5 4 1 0 
357 5 3 2 
358 0 6 2 5 7 1 
359 1 2 4 5 3 6 
360 2 0 7 1 6 
361 5 4 1 7 
362 0 1 2 5 
363 2 5 7 6 4 3 
364 3 4 2 5 
365 4 6 5 1 7 
366 4 0 6 1 2 5 
367 5 2 3 0 6 
368 6 5 4 
369 2 5 4 
370 5 1 0 7 6 4 
371 1 2 4 5 6 7 3 
372 2 1 0 
373 4 3 5 2 6 
374 3 2 7 1 0 
375 3 5 6 4 2 1 
376 4 5 6 
377 1 6 7 4 5 
378 3 2 4 5 6 7 
379 0 2 3 4 1 5 
380 1 3 5 4 0 7 
381 7 1 6 3 0 
382 6 4 5 
383 5 2 3 0 6 
384 1 0 7 6 3 
385 3 2 4 1 5 7 6 
386 6 5 4 
387 0 3 5 2 6 
388 7 1 0 3 6 
389 3 5 4 6 
390 2 0 6 5 7 1 
391 7 3 2 
392 6 2 0 1 3 
393 3 4 1 7 5 
394 3 5 1 4 0 7 
395 4 6 0 7 2 1 
396 5 0 6 1 4 2 
397 1 3 0 
398 0 1 7 6 4 5 
399 4 3 1 0 
400 4 2 5 
401 6 2 3 0 
402 7 0 1 6 3 
403 4 2 3 1 5 
404 2 1 0 
405 0 7 2 1 6 
406 0 2 6 1 3 7 5 4 
407 7 2 3 1 0 
408 3 1 2 
409 4 6 2 3 7 5 
410 3 0 1 
411 2 3 4 1 5 
412 1 0 3 
413 3 1 0 7 6 4 5 
414 5 4 2 1 0 
415 6 5 4 2 0 
416 4 3 5 1 0 7 
417 2 3 5 1 4 0 7 
418 7 2 3 1 6 
419 7 4 5 2 6 3 
420 2 4 1 7 5 
421 5 4 
422 3 1 0 
423 1 3 5 2 4 6 
424 1 5 6 4 2 
425 5 0 7 2 1 6 
426 3 1 0 
427 2 5 3 1 6 4 0 
428 0 7 1 5 6 4 
429 7 4 5 2 6 3 
430 4 6 5 1 7 
431 7 2 1 4 0 3 5 6 
432 6 1 3 7 0 
433 2 3 5 4 
434 4 2 1 5 7 6 
435 1 2 0 
436 2 7 1 5 6 4 
437 4 6 2 3 7 5 
438 2 4 1 5 7 6 
439 2 6 5 3 
440 4 1 0 5 6 
441 0 2 4 3 5 
442 3 5 1 4 0 7 
443 0 3 1 
444 1 2 4 5 7 6 
445 7 5 3 1 6 4 0 
446 6 5 4 2 1 
447 5 2 1 4 0 3 6 
448 1 0 7 6 4 5 
449 3 1 0 2 
450 6 3 1 0 
451 0 2 3 1 6 
452 2 0 6 5 7 1 
453 3 1 6 7 0 
454 3 1 0 2 5 
455 7 1 2 
456 6 2 4 3 7 5 
457 2 5 6 4 1 
458 0 4 6 5 3 7 
459 4 1 0 5 6 
460 5 6 4 2 1 
461 1 6 7 4 5 
462 1 2 
463 5 1 6 3 7 0 
464 4 6 7 5 
465 6 1 2 0 
466 6 3 2 
467 5 2 4 3 
468 1 0 7 6 3 
469 3 5 2 6 
470 0 5 3 1 6 4 
471 7 3 2 
472 3 5 1 4 0 7 
473 5 3 2 
474 3 4 2 5 
475 3 2 
476 3 2 4 5 
477 3 2 7 4 6 5 
478 5 0 3 1 
479 4 2 5 7 6 3 
480 4 1 7 5 
481 2 1 0 3 6 
482 6 4 5 
483 6 5 4 2 1 
484 2 6 5 3 
485 5 2 3 1 6 
486 3 4 6 5 7 0 
487 1 2 5 7 6 4 3 
488 2 1 7 0 6 
489 5 2 3 4 
490 3 2 6 5 
491 2 5 4 1 0 
492 3 2 6 1 7 5 4 
493 4 2 7 3 1 0 
494 4 5 3 1 6 0 
495 5 1 0 2 
496 6 1 0 7 4 5 
497 2 0 3 1 
498 5 4 6 
499 1 2 3 5 4 
500 3 5 4 6 
501 4 1 0 2 
502 3 6 7 4 5 
503 2 4 1 7 5 
504 4 5 6 
505 1 0 7 6 
506 3 2 6 1 7 5 4 
507 0 6 5 4 1 7 
508 1 3 0 
509 7 1 0 2 
510 6 3 1 0 
511 5 0 2 6 1 
512 1 6 3 7 0 
513 2 1 0 
514 6 2 4 3 5 
515 0 6 5 4 1 7 
516 2 1 0 
517 3 2 4 1 5 
518 2 1 
519 7 1 0 2 
520 6 5 4 
521 2 1 0 5 
522 0 7 5 6 4 2 1 
523 4 2 7 3 1 0 
524 5 0 6 1 4 2 
525 1 2 7 4 6 5 3 
526 1 0 6 4 2 5 
527 5 2 1 4 0 3 6 
528 4 2 5 3 6 
529 6 2 5 7 4 3 
530 6 4 5 
531 5 6 0 7 2 1 
532 2 1 7 0 6 
533 3 2 0 1 
534 0 5 6 4 2 
535 7 1 6 3 0 
536 3 2 6 1 7 5 4 
537 5 2 1 4 0 3 6 
538 3 1 0 2 5 
539 3 6 5 4 1 7 
540 2 3 4 1 5 
541 3 2 5 7 6 4 
542 5 2 7 6 4 3 
543 4 2 3 5 
544 4 3 2 
545 2 0 6 5 3 1 
546 6 2 1 0 
547 6 4 5 
548 2 3 
549 5 4 6 
550 3 2 0 6 
551 1 6 7 2 0 
552 2 0 7 1 6 
553 5 2 3 4 
554 3 5 2 4 6 
555 2 0 6 5 3 1 
556 3 2 7 1 0 
557 4 2 3 5 
558 4 3 5 2 6 
559 5 3 2 6 
560 6 5 4 
561 2 5 4 1 0 
562 5 4 2 
563 1 3 0 
564 2 6 7 4 5 
565 4 0 7 2 1 6 
566 3 0 2 6 1 
567 2 4 5 6 7 3 
568 4 0 7 1 6 
569 1 0 6 4 2 5 
570 3 0 2 6 1 
571 0 3 2 
572 1 0 2 6 
573 7 2 3 0 6 
574 6 0 7 1 3 
575 5 4 6 3 7 0 
576 1 2 6 5 3 
577 3 1 6 7 0 
578 6 2 1 0 
579 0 6 2 5 3 1 
580 2 3 5 4 
581 3 5 6 4 2 0 
582 2 0 6 1 4 5 
583 7 0 1 6 
584 6 1 0 2 
585 2 5 4 6 
586 0 3 1 
587 4 6 7 5 
588 5 3 1 0 
589 1 2 6 5 3 
590 1 0 2 
591 5 2 7 4 6 3 
592 4 1 0 2 5 
593 6 2 5 7 4 3 
594 6 1 4 0 5 
595 5 2 4 1 7 6 
596 2 1 0 
597 3 6 1 2 0 
598 0 1 3 2 6 
599 7 6 0 2 1 
600 3 2 7 4 6 5 
601 5 3 2 6 
602 3 2 4 5 6 7 
603 3 2 1 6 
604 2 1 0 
605 3 6 1 2 0 
606 5 2 1 4 0 3 6 
607 4 1 0 3 2 6 
608 4 2 6 1 3 7 5 
609 2 1 
610 6 1 7 2 0 
611 6 5 4 
612 2 5 6 4 0 
613 4 1 0 3 2 6 
614 3 2 4 5 
615 1 5 4 6 
616 2 0 6 5 7 1 
617 5 4 6 
618 3 1 6 7 2 0 
619 2 1 4 0 5 6 
620 3 1 2 
621 4 3 5 1 0 7 
622 4 3 5 2 6 
623 5 0 3 1 
624 6 4 5 
625 2 3 1 0 
626 5 2 1 4 0 3 6 
627 1 7 5 6 4 2 
628 2 7 3 1 0 
629 4 7 5 6 2 1 
630 3 2 
631 2 6 4 3 7 5 
632 4 6 0 7 2 1 
633 1 2 7 3 6 
634 3 2 7 1 6 
635 0 6 1 4 2 5 
636 1 0 3 2 6 
637 7 2 6 1 3 5 4 
638 6 4 2 5 
639 5 2 3 1 7 6 
640 1 2 3 0 6 
641 3 2 
642 6 3 2 
643 0 4 6 5 3 7 
644 2 1 0 
645 3 2 1 6 
646 2 3 1 0 
647 7 1 2 
648 6 5 4 
649 2 7 1 3 6 
650 0 3 2 
651 4 0 6 2 5 3 1 
652 5 7 6 4 2 1 
653 1 2 3 6 
654 1 0 7 2 6 
655 5 2 3 1 6 
656 4 2 1 0 3 5 6 
657 6 1 7 2 0 
658 6 0 7 1 3 
659 5 7 6 4 2 1 
660 2 0 6 1 
661 3 0 6 2 5 1 
662 0 3 1 
663 7 4 6 5 
664 3 2 6 5 
665 5 0 7 2 1 6 
666 3 2 0 1 
667 3 0 1 
668 2 4 6 5 
669 3 1 7 0 6 
670 5 4 6 
671 4 5 3 1 6 0 
672 4 3 5 2 6 
673 2 1 0 3 6 
674 6 2 1 3 7 5 4 
675 6 5 4 2 0 
676 2 1 7 0 6 
677 5 6 4 1 7 
678 3 5 2 4 6 
679 1 0 7 6 
680 2 1 4 0 5 6 
681 5 6 1 2 0 
682 3 2 4 1 5 
683 2 3 5 4 6 
684 3 2 0 1 
685 4 2 3 0 6 
686 4 5 
687 5 6 4 2 0 
688 6 7 1 0 3 
689 2 1 0 3 6 
690 5 4 1 7 
691 1 6 5 4 7 
692 2 6 5 4 1 7 
693 4 2 5 
694 3 5 6 4 2 0 
695 2 0 6 1 4 5 
696 4 2 1 5 7 6 
697 1 2 0 3 
698 3 2 7 1 0 
699 0 3 5 2 4 6 
700 1 4 6 5 
701 7 0 6 2 5 1 
702 6 0 7 1 
703 5 0 7 1 6 3 
704 1 2 4 5 3 6 
705 2 6 0 7 1 
706 6 0 7 1 3 
707 0 6 1 2 
708 2 5 4 6 
709 3 2 6 5 
710 2 5 4 
711 7 5 6 4 2 1 
712 6 3 5 2 
713 2 7 1 3 6 
714 0 3 1 
715 4 0 7 1 6 
716 5 2 7 4 6 3 
717 1 0 2 6 
718 1 0 7 6 
719 5 4 2 6 3 
720 4 0 7 1 6 3 
721 6 3 5 1 4 0 7 
722 6 0 1 4 2 5 
723 5 7 1 6 4 
724 1 4 2 5 
725 0 1 6 3 7 
726 0 2 3 1 7 6 
727 7 6 4 5 
728 1 2 6 3 7 5 4 
729 5 1 2 
730 0 7 5 6 4 2 1 
731 0 6 7 4 5 
732 1 3 2 
733 1 6 2 0 
734 5 1 0 2 
735 4 6 5 1 7 
736 4 2 1 5 7 6 
737 1 2 4 3 5 
738 6 2 4 5 3 
739 6 4 5 
740 1 2 4 5 6 7 3 
741 5 6 4 1 7 
742 3 2 4 5 
743 1 2 0 3 
744 2 0 6 5 7 1 
745 5 2 4 3 6 
746 3 2 4 5 6 
747 2 1 0 
748 3 1 0 
749 4 1 0 5 6 
750 4 0 7 2 1 6 
751 4 5 2 1 0 
752 6 0 2 5 3 1 
753 2 0 6 1 
754 5 2 4 3 
755 1 6 3 7 0 
756 2 3 5 6 
757 4 2 5 7 6 3 
758 3 2 4 1 5 7 6 
759 2 5 4 1 0 
760 4 5 6 2 0 
761 1 3 2 
762 3 2 4 1 5 
763 0 5 4 2 1 
764 1 2 0 3 
765 7 1 2 
766 6 1 4 0 5 
767 5 2 6 3 
768 1 2 3 7 6 
769 1 2 3 7 6 
770 6 1 4 0 5 
771 0 1 7 6 
772 0 7 1 5 6 4 
773 1 0 7 6 3 
774 1 6 7 2 0 
775 7 2 1 4 0 3 5 6 
776 6 0 7 1 
777 0 2 6 1 3 7 5 4 
778 0 2 1 
779 4 5 6 2 1 
780 5 3 1 4 0 7 
781 1 7 0 3 6 
782 1 2 3 7 6 
783 5 2 7 4 6 3 
784 4 1 0 2 
785 6 2 3 1 7 
786 6 1 0 2 
787 5 7 1 0 3 6 
788 0 5 4 2 1 
789 0 2 1 
790 0 2 4 5 3 6 
791 7 6 1 2 0 
792 1 0 7 6 
793 5 3 1 0 
794 0 1 7 6 4 5 
795 0 4 2 5 
796 1 0 3 
797 1 2 6 5 3 
798 5 6 7 4 
799 4 3 5 1 0 7 
800 4 5 6 
801 1 6 0 7 2 
802 6 7 4 5 
803 6 2 4 5 3 
804 1 5 4 6 
805 5 2 1 0 
806 0 3 2 
807 1 4 7 5 
808 1 3 0 
809 5 1 6 7 2 0 
810 0 3 1 
811 0 7 1 6 3 
812 0 4 5 2 6 3 
813 4 2 3 5 
814 4 1 7 0 6 
815 5 2 6 1 3 7 4 
816 6 1 0 3 2 
817 0 6 7 2 1 
818 5 2 4 3 6 
819 1 2 0 3 
820 0 1 4 5 6 
821 4 1 0 7 6 5 
822 1 4 5 2 6 3 
823 0 4 6 5 
824 4 5 6 
825 1 0 2 5 
826 1 7 0 3 6 
827 0 2 3 6 
828 1 0 6 4 2 5 
829 7 6 2 4 3 5 
830 6 2 3 4 1 5 
831 5 4 6 
832 1 5 3 6 4 0 
833 1 6 3 7 0 
834 6 2 3 1 
835 0 5 6 4 2 
836 0 1 2 
837 1 5 6 4 2 
838 1 0 2 
839 7 0 6 2 5 1 
840 6 2 4 3 7 5 
841 0 2 7 1 3 6 
842 0 2 3 6 
843 4 2 0 1 3 
844 5 6 4 2 0 
845 1 2 3 7 6 
846 1 6 7 4 5 
847 5 7 6 4 2 1 
848 4 1 0 2 
849 6 2 5 3 
850 6 5 4 
851 5 2 4 3 6 
852 1 0 6 2 5 3 
853 0 4 6 5 
854 0 4 6 5 3 7 
855 7 2 3 4 1 5 
856 0 2 4 5 6 7 3 
857 5 4 6 
858 0 4 6 5 
859 0 1 3 2 6 
860 1 0 3 
861 1 2 7 4 6 5 3 
862 5 2 4 3 
863 4 3 2 
864 4 2 5 6 7 3 
865 0 5 6 4 2 
866 6 1 0 7 4 5 
867 6 1 0 7 4 5 
868 1 0 6 4 2 5 
869 4 7 1 0 3 6 
870 0 2 7 3 1 
871 0 5 6 4 2 
872 0 1 3 2 6 
873 5 3 1 4 0 7 
874 0 6 1 2 
875 0 4 2 5 
876 0 5 6 4 2 
877 4 7 1 5 6 
878 4 2 3 5 
879 5 1 0 2 
880 6 7 1 5 4 
881 0 6 2 5 3 1 
882 5 1 6 7 2 0 
883 1 0 7 2 6 
884 0 2 3 5 4 
885 4 1 0 7 6 5 
886 0 2 4 5 6 7 3 
887 0 2 1 3 
888 4 1 0 2 
889 0 1 7 6 
890 1 3 0 
891 0 3 5 2 4 6 
892 0 2 1 3 
893 7 2 3 5 4 
894 6 5 4 2 1 
895 5 7 1 0 3 6 
896 0 1 3 2 6 
897 1 3 2 
898 6 1 0 2 
899 6 4 5 
900 0 4 5 2 6 3 
901 1 0 2 5 
902 0 2 3 4 1 5 
903 7 6 4 5 
904 7 6 1 2 0 
905 0 2 3 6 
906 7 0 1 6 
907 4 5 6 
908 7 0 6 2 5 1 
909 7 3 2 
910 7 4 6 5 
911 7 4 6 5 
912 4 0 7 1 6 3 
913 7 1 0 3 6 
914 6 0 2 1 
915 5 6 4 2 0 
916 0 5 4 6 
917 4 1 6 3 7 0 
918 0 3 1 
919 4 0 2 6 1 
920 0 3 1 
921 4 3 5 2 6 
922 0 6 5 4 1 7 
923 7 2 4 6 5 3 
924 1 5 4 2 0 
925 7 2 4 5 6 3 
926 6 2 3 1 7 
927 4 2 5 6 7 3 
928 6 7 1 5 4 
929 6 4 5 2 3 
930 6 0 2 5 3 1 
931 7 2 5 6 4 3 
932 4 5 2 1 0 
933 7 3 5 2 4 6 
934 4 6 7 5 
935 7 3 1 0 
936 7 0 6 1 4 2 5 
937 7 3 1 0 
938 6 2 4 3 5 
939 7 6 0 2 1 
940 6 0 2 5 7 1 
941 7 3 5 1 4 0 
942 7 2 3 1 6 
943 7 2 4 5 6 3 
944 7 0 6 1 4 2 5 
945 7 0 1 6 
946 7 3 5 1 4 0 
947 7 0 6 2 5 1 
948 7 0 1 6 3 
949 7 3 5 2 6 
950 7 6 2 4 3 5 
951 7 2 1 3 6 
952 7 3 2 
953 7 2 4 6 5 3 
954 6 1 3 7 0 
955 7 6 0 2 1 
956 6 0 7 1 
957 7 2 4 1 5 6 
958 7 6 5 4 1 
959 7 1 6 2 0 
960 7 1 0 6 
961 7 4 1 5 
962 7 1 0 2 
963 6 0 2 5 7 1 
964 7 4 6 5 3 0 
965 1 2 6 3 7 5 4 
966 0 2 4 5 3 6 
967 7 2 4 6 5 3 
968 7 1 0 3 6 
969 0 5 3 1 6 4 
970 0 1 7 6 4 5 
971 7 6 2 4 3 5 
972 7 2 3 1 6 
973 0 7 1 3 6 
974 0 2 7 3 1 
975 7 0 1 6 
976 7 2 4 5 3 6 
977 7 2 3 1 0 
978 7 2 4 5 3 6 
979 4 5 3 1 6 0 
980 0 4 1 7 5 
981 0 7 1 6 
982 0 2 3 5 4 
983 7 2 1 0 
984 0 4 2 5 
985 7 1 6 3 0 
986 0 2 7 4 6 5 3 
987 0 1 2 5 
988 1 0 6 4 2 5 
989 7 2 1 4 0 3 5 6 
990 6 4 5 2 3 
991 6 5 4 
992 7 2 3 1 0 
993 6 3 5 2 4 
994 7 2 3 1 6 
995 7 5 6 4 2 0 
996 4 2 1 0 3 5 6 
997 7 6 2 4 3 5 
998 4 2 5 7 6 3 
999 7 2 0 1 3 
1000 7 2 4 5 6 3 
1001 7 4 6 5 3 0 
1002 6 5 4 
1003 7 5 6 4 2 1 
1004 6 2 4 1 5 7 
1005 7 0 2 6 1 
1006 7 6 1 2 0 
1007 7 1 6 2 0 
1008 7 5 6 4 2 1 
1009 7 5 4 
1010 7 2 3 0 6 
1011 7 5 3 1 6 4 0 
1012 7 4 6 5 
1013 7 0 6 1 4 2 5 
1014 7 5 4 2 1 0 
1015 7 4 6 5 
1016 7 0 3 1 
1017 7 1 0 3 6 
1018 6 7 5 4 2 1 
1019 7 4 1 5 
1020 6 2 4 1 5 7 
1021 7 0 6 2 5 1 
1022 7 3 1 0 
1023 7 1 0 6 4 5 
