0 6 2 0 3 5 
1 0 1 4 
2 6 5 4 
3 6 5 0 2 1 3 4 
4 7 2 1 3 4 
5 0 1 2 3 4 
6 7 6 4 
7 0 1 6 4 
8 6 5 4 
9 1 7 6 5 
10 0 1 2 3 4 
11 2 0 3 5 
12 7 1 0 4 
13 6 7 5 
14 6 2 0 3 5 
15 6 5 4 
16 1 6 7 4 
17 2 5 4 
18 2 5 4 
19 3 1 0 2 4 
20 1 0 4 
22 7 1 2 0 3 4 
23 6 1 4 
24 3 7 6 5 
25 6 0 2 4 
26 7 5 4 
27 7 1 2 0 3 4 
28 6 1 2 0 3 4 
29 1 0 2 4 
30 4 1 2 0 3 
31 7 5 4 
32 2 6 7 5 
33 1 6 7 4 
34 5 1 4 
35 7 0 2 4 
36 2 1 0 4 
37 0 1 4 
38 3 5 0 2 1 4 
39 7 1 2 5 
40 6 1 7 
41 6 1 2 0 3 4 
42 0 7 6 5 
43 6 1 
44 5 1 7 
45 5 1 0 6 4 
46 3 4 
47 0 6 7 4 
48 2 4 
49 1 2 3 4 
50 0 5 4 
51 3 0 2 4 
52 2 5 4 
53 4 6 7 5 
54 7 6 4 
55 2 1 0 4 
56 3 6 7 5 
57 0 4 
58 7 5 4 
59 1 7 6 4 
60 5 1 2 6 7 
61 1 0 2 4 
62 0 2 4 
63 2 1 0 4 
64 6 1 0 2 4 
65 0 1 6 4 
66 6 1 0 2 4 
67 7 1 4 
68 6 7 4 
69 0 1 2 6 7 
70 7 2 0 3 5 
71 0 6 4 
72 6 1 0 2 4 
73 1 2 0 3 5 
74 0 5 4 
75 2 1 0 3 4 
76 7 4 
77 6 1 7 
78 6 1 2 0 3 4 
79 4 5 
80 1 6 
81 2 1 6 
82 2 1 3 4 
83 3 1 0 4 
84 1 6 7 4 
85 4 6 7 
86 6 0 2 4 
87 5 7 6 
88 1 5 4 
89 6 1 2 7 
90 6 1 0 4 
91 7 0 2 4 
92 6 1 7 
93 1 0 2 4 
94 4 1 7 
95 7 0 2 4 
96 2 7 6 5 
97 1 7 6 5 
98 5 1 0 4 
99 4 7 6 
100 1 4 
101 0 1 6 
102 3 6 7 5 
103 7 1 
104 5 6 7 4 
105 4 1 
106 0 1 4 
107 6 1 2 7 5 
108 5 6 4 
109 5 0 2 1 3 4 
110 3 1 0 4 
111 0 5 4 
112 3 6 2 0 4 
113 1 7 6 5 
114 0 6 7 4 
115 3 6 7 4 
116 2 1 0 4 
117 4 1 0 6 
118 5 0 2 4 
119 2 1 4 
120 0 4 
121 0 2 4 
122 5 1 7 
123 1 5 4 
124 5 1 0 6 4 
125 1 7 6 5 
126 0 2 4 
127 2 5 4 
128 6 5 0 2 1 3 4 
129 0 6 4 
130 5 1 2 7 
131 4 5 
132 4 6 7 
133 0 1 2 3 4 
134 7 6 5 
135 0 6 7 4 
136 5 6 4 
137 1 0 2 4 
138 1 2 0 3 5 
139 3 6 7 4 
140 7 6 4 
141 5 1 0 4 
142 6 1 4 
143 4 6 7 
144 1 2 0 3 4 
145 2 1 0 3 4 
146 2 1 7 
147 3 1 4 
148 1 5 4 
149 5 4 
150 7 5 4 
151 5 4 
152 3 5 4 
153 6 1 0 4 
154 7 6 5 
155 7 1 4 
156 6 7 4 
157 1 0 4 
158 4 5 
159 7 6 4 
160 2 1 4 
161 1 4 
162 5 6 7 4 
163 7 6 2 0 3 4 
164 0 5 2 1 3 4 
165 0 6 2 3 4 
166 3 0 2 4 
167 7 6 5 
168 5 6 7 4 
169 5 1 0 6 4 
170 0 2 4 
171 6 1 0 4 
172 5 4 
173 5 6 2 0 3 4 
174 3 5 4 
175 2 1 6 7 
176 2 4 
177 1 0 2 4 
178 0 1 4 
179 3 1 4 
180 2 1 0 3 4 
181 4 0 2 
182 5 1 2 0 3 4 
183 2 7 6 4 
184 0 2 3 5 
185 0 1 2 3 4 
186 4 0 2 
187 1 7 6 5 
188 5 6 7 4 
189 1 4 
190 0 7 6 5 
191 2 7 6 5 
192 6 1 4 
193 0 1 4 
194 4 6 
195 4 2 0 3 5 
196 4 0 2 
197 0 1 2 4 
198 7 2 0 3 5 
199 0 6 7 4 
200 5 6 4 
201 1 0 4 
202 0 7 6 5 
203 2 6 4 
204 2 1 0 4 
205 6 5 0 2 1 3 4 
206 6 4 
207 4 6 
208 1 0 4 
209 2 1 4 
210 2 6 4 
211 3 1 0 2 4 
212 1 0 2 4 
213 4 5 
214 7 6 5 
215 5 6 7 
216 3 1 0 4 
217 6 5 4 
218 7 1 2 0 3 4 
219 7 6 5 
220 6 2 0 3 4 
221 1 2 3 4 
222 4 1 0 2 
223 7 5 4 
224 2 6 7 5 
225 1 6 4 
226 5 2 1 3 4 
227 4 6 7 5 
228 0 4 
229 0 5 2 1 3 4 
230 3 6 2 0 4 
231 7 1 6 
232 4 5 0 2 1 3 
233 4 0 2 
234 0 1 4 
235 6 7 4 
236 5 4 
237 5 7 6 
238 3 5 4 
239 1 7 6 5 
240 2 1 6 
241 1 0 6 4 
242 0 5 2 1 3 4 
243 3 1 2 0 4 
244 2 5 4 
245 4 6 7 5 
246 5 4 
247 2 1 7 5 
248 0 7 6 4 
249 0 5 4 
250 5 4 
251 1 7 6 5 
252 5 1 2 7 
253 3 1 2 0 4 
254 0 6 7 4 
255 2 1 4 
256 6 1 0 4 
257 0 1 2 3 4 
258 4 5 
259 5 2 0 3 
260 4 5 
261 0 1 2 6 7 
262 7 1 
263 1 7 
264 4 5 
265 1 7 6 5 
266 0 1 4 
267 2 5 4 
268 7 6 4 
269 5 1 0 2 4 
270 6 2 1 3 4 
271 4 0 2 
272 0 7 6 5 
273 2 7 6 5 
274 2 5 4 
275 3 0 2 4 
276 1 2 7 5 
277 4 6 
278 7 0 2 4 
279 5 2 1 3 4 
280 3 1 0 4 
281 6 5 4 
282 7 1 0 6 4 
283 7 6 5 
284 6 5 4 
285 1 0 6 4 
286 4 1 6 
287 7 5 0 2 1 3 4 
288 2 1 6 
289 0 5 4 
290 5 7 6 4 
291 4 2 1 3 
292 0 1 2 7 5 
293 0 1 2 6 7 
294 3 5 4 
295 7 6 4 
296 5 6 7 4 
297 4 6 7 
298 1 0 2 4 
299 6 5 4 
300 5 4 
301 5 1 2 0 3 4 
302 3 1 2 0 4 
303 0 5 4 
304 2 6 7 5 
305 1 4 
306 0 1 2 4 
307 2 6 7 4 
308 3 1 4 
309 4 1 0 
310 4 1 2 6 7 
311 2 6 7 4 
312 0 1 4 
313 0 1 6 4 
314 5 7 6 
315 0 1 4 
316 4 6 7 
317 1 5 0 2 3 4 
318 0 1 4 
319 3 6 4 
320 6 1 2 0 3 4 
321 1 7 6 5 
322 4 1 0 
323 4 7 6 5 
324 4 5 
325 1 6 7 4 
326 7 1 0 4 
327 0 1 2 3 4 
328 6 1 
329 1 2 0 3 4 
330 0 1 2 6 7 
331 2 1 0 4 
332 7 5 4 
333 5 6 4 
334 7 6 4 
335 4 1 
336 3 4 
337 2 1 0 4 
338 2 1 3 4 
339 3 7 6 4 
340 1 5 4 
341 5 4 
342 7 6 2 0 3 4 
343 5 1 0 4 
344 3 1 6 
345 6 7 4 
346 7 6 4 
347 7 1 2 0 3 4 
348 6 1 0 4 
349 1 2 7 5 
350 4 1 
351 7 2 1 3 4 
352 3 5 0 2 1 4 
353 1 5 4 
354 5 2 1 3 4 
355 4 2 0 3 5 
356 0 7 6 5 
357 0 6 2 3 4 
358 3 1 6 
359 7 1 4 
360 5 4 
361 4 5 
362 3 5 4 
363 6 1 2 7 5 
364 4 1 2 0 3 
365 5 6 7 4 
366 3 6 7 5 
367 0 5 4 
368 2 5 0 1 3 4 
369 6 5 4 
370 3 1 0 6 4 
371 3 1 4 
372 2 0 4 
373 4 1 0 
374 5 0 2 4 
375 2 1 7 
376 1 7 6 5 
377 6 7 4 
378 5 4 
379 1 6 4 
380 5 1 0 4 
381 1 5 0 2 3 4 
382 0 2 1 3 4 
383 2 1 7 5 
384 6 1 
385 0 1 2 4 
386 4 5 
387 4 7 6 
388 4 1 2 6 7 
389 0 6 7 4 
390 7 6 5 
391 0 5 4 
392 5 1 2 0 3 4 
393 1 5 4 
394 0 5 4 
395 2 1 7 
396 6 2 0 3 5 
397 5 1 0 2 4 
398 6 7 4 
399 5 1 2 0 3 4 
400 1 2 3 4 
401 2 1 0 4 
402 3 1 2 0 4 
403 3 6 7 5 
404 7 1 2 0 3 4 
405 4 1 6 
406 7 1 0 2 4 
407 5 6 7 4 
408 1 5 0 2 3 4 
409 7 6 4 
410 7 6 2 0 3 4 
411 7 1 2 5 
412 6 7 5 
413 1 5 4 
414 4 1 0 2 
415 7 1 6 
416 2 7 6 5 
417 1 6 7 4 
418 5 7 6 4 
419 4 6 2 0 3 
420 0 1 2 7 5 
421 0 5 4 
422 3 6 4 
423 7 1 
424 5 1 2 0 3 4 
425 4 7 6 
426 0 1 4 
427 6 7 4 
428 5 1 6 
429 5 1 2 6 7 
430 3 1 7 
431 3 1 7 
432 2 6 0 3 4 
433 1 7 
434 0 1 4 
435 3 5 4 
436 2 1 6 7 
437 4 6 7 
438 5 6 4 
439 2 1 0 3 4 
440 0 5 4 
441 0 2 4 
442 5 1 0 4 
443 1 6 7 5 
444 5 1 7 
445 1 5 4 
446 0 1 2 3 4 
447 2 0 3 5 
448 6 2 0 3 5 
449 0 5 4 
450 4 6 7 
451 4 5 
452 4 6 2 0 3 
453 0 1 7 
454 7 5 4 
455 0 5 4 
456 5 1 2 6 7 
457 1 4 
458 0 5 4 
459 2 6 7 4 
460 7 4 
461 5 7 6 
462 6 2 1 3 4 
463 4 2 0 3 5 
464 1 7 6 5 
465 2 1 7 
466 2 1 0 4 
467 3 5 4 
468 1 7 6 5 
469 4 1 0 
470 7 6 5 
471 5 6 7 4 
472 3 0 2 4 
473 6 5 4 
474 7 1 
475 7 5 4 
476 6 1 2 0 3 4 
477 1 6 2 0 3 4 
478 4 1 0 
479 7 1 0 4 
480 2 1 6 
481 1 0 4 
482 5 7 6 
483 4 1 0 2 
484 0 1 6 4 
485 0 5 4 
486 3 6 4 
487 7 5 4 
488 5 1 2 0 3 4 
489 4 1 6 
490 0 6 7 5 
491 6 1 2 7 
492 5 2 0 3 
493 5 1 2 6 7 
494 3 5 4 
495 0 1 4 
496 2 1 6 7 
497 1 0 4 
498 0 6 7 4 
499 3 1 0 6 4 
500 2 1 0 3 4 
501 5 4 
502 5 1 2 7 
503 2 7 6 5 
504 0 1 4 
505 0 1 4 
506 5 4 
507 1 2 3 4 
508 5 1 7 
509 1 4 
510 0 7 6 5 
511 2 1 0 4 
512 6 1 0 4 
513 0 1 4 
514 4 1 2 0 3 
516 4 2 1 3 
517 0 1 4 
518 7 1 2 6 
519 0 1 2 3 4 
520 5 1 2 6 7 
521 2 5 0 1 3 4 
522 0 1 4 
523 2 6 0 3 4 
524 7 6 2 0 3 4 
525 5 4 
526 6 1 0 2 4 
527 4 6 
528 1 7 
529 2 1 0 4 
530 2 1 7 
531 3 5 4 
532 1 6 
533 4 6 7 
534 7 6 4 
535 5 6 7 4 
536 3 1 4 
537 6 7 4 
538 7 2 1 3 4 
539 7 1 0 6 4 
540 6 5 0 2 1 3 4 
541 1 0 4 
542 4 1 
543 7 6 5 
544 2 1 7 5 
545 1 5 0 2 3 4 
546 5 4 
547 4 6 7 
548 0 1 2 4 
549 0 1 6 
550 2 1 4 
551 7 6 5 
552 5 4 
553 4 6 7 
554 0 1 4 
555 6 2 0 3 4 
556 5 2 0 3 
557 5 4 
558 3 1 6 
559 0 2 3 5 
560 2 0 4 
561 1 6 2 0 3 4 
562 0 1 4 
563 3 4 
564 2 1 0 4 
565 4 0 2 
566 5 4 
567 2 0 4 
568 0 1 4 
569 1 5 4 
570 5 7 6 
571 1 4 
572 5 1 0 4 
573 1 2 0 3 4 
574 0 1 2 4 
575 2 1 3 4 
576 6 4 
577 0 2 4 
578 4 5 
579 4 0 2 
580 4 0 2 
581 0 1 6 4 
582 7 6 4 
583 0 5 4 
584 5 1 0 4 
585 1 5 4 
586 0 5 4 
587 2 1 4 
588 7 1 2 6 
589 5 0 2 4 
590 6 7 4 
591 4 1 2 7 5 
592 1 0 4 
593 2 1 3 4 
594 2 6 7 4 
595 3 1 2 7 5 
596 1 6 7 4 
597 4 1 2 6 7 
598 7 5 4 
599 5 7 6 4 
600 3 1 2 7 5 
601 6 5 4 
602 7 6 2 0 3 4 
603 7 6 5 
604 6 2 0 3 5 
605 1 2 7 5 
606 4 1 0 
607 7 6 4 
608 2 6 7 4 
609 0 1 7 
610 5 6 4 
611 4 2 1 3 
612 0 1 6 4 
613 0 1 2 7 5 
614 3 2 0 5 
615 7 6 4 
616 5 7 6 4 
617 4 1 0 
618 0 2 4 
619 6 7 4 
620 5 4 
621 5 2 1 3 4 
622 3 1 4 
623 1 2 3 4 
624 2 1 0 4 
625 1 4 
626 0 2 3 5 
627 3 5 0 2 1 4 
628 2 0 3 5 
629 4 1 2 0 3 
630 5 6 2 0 3 4 
631 2 1 0 4 
632 0 2 4 
633 0 5 2 1 3 4 
634 5 1 7 
635 1 6 2 0 3 4 
636 5 6 4 
637 1 5 4 
638 0 5 4 
639 2 6 7 5 
640 6 7 4 
641 0 1 4 
642 6 7 5 
643 4 6 7 
644 4 1 
645 0 6 7 5 
646 7 1 2 0 3 4 
647 0 1 4 
648 4 1 
649 1 0 6 4 
650 0 1 2 3 4 
651 2 7 6 4 
652 7 6 5 
653 5 2 0 3 
654 6 5 4 
655 4 1 2 6 7 
656 1 6 7 4 
657 2 1 0 4 
658 3 1 2 0 4 
659 3 5 4 
660 1 7 
661 4 1 
662 7 6 5 
663 6 1 2 0 3 4 
664 3 2 0 5 
665 6 1 7 
666 7 2 1 3 4 
667 7 1 0 4 
668 6 0 2 4 
669 1 0 2 4 
670 4 1 2 7 5 
671 7 2 1 3 4 
672 2 6 7 4 
673 1 4 
674 5 7 6 4 
675 4 2 1 3 
676 0 1 2 3 4 
677 0 1 2 4 
678 3 1 4 
679 6 7 5 
680 5 6 7 
681 4 6 7 
682 1 2 3 4 
683 6 5 4 
684 5 4 
685 5 6 7 4 
686 3 4 
687 0 1 2 3 4 
688 2 1 0 6 4 
689 1 4 
690 0 2 4 
691 3 4 
692 2 0 4 
693 4 5 
694 5 1 0 2 4 
695 2 1 7 5 
696 0 6 2 3 4 
697 0 1 2 4 
698 5 1 4 
699 1 5 0 2 3 4 
700 5 7 6 
701 1 7 6 5 
702 0 1 2 7 5 
703 2 7 6 5 
704 6 7 4 
705 0 1 4 
706 4 1 0 
707 4 1 0 6 
708 4 5 
709 0 1 6 
710 7 1 4 
711 1 2 7 5 
712 5 4 
713 1 5 4 
714 0 5 2 1 3 4 
715 2 6 7 4 
716 7 1 2 0 3 4 
717 5 1 2 7 
718 7 6 4 
719 5 6 7 
720 0 6 7 4 
721 2 1 4 
722 2 1 6 7 
723 3 6 2 0 4 
724 1 2 6 7 
725 4 6 7 
726 7 0 2 4 
727 5 6 7 4 
728 3 2 1 4 
729 6 1 2 0 3 4 
730 7 2 1 3 4 
731 7 2 0 3 5 
732 6 4 
733 1 6 7 4 
734 4 1 0 
735 7 6 4 
736 2 0 4 
737 1 0 4 
738 5 1 2 6 7 
739 4 1 
740 0 1 6 4 
741 1 6 7 5 
742 3 5 4 
743 7 6 4 
744 5 6 7 4 
745 4 1 0 
746 0 2 4 
747 6 1 2 7 5 
748 4 1 
749 5 4 
750 3 0 2 4 
751 2 1 0 4 
752 2 4 
753 3 5 0 2 1 4 
754 3 6 7 4 
755 3 4 
756 2 1 4 
757 4 2 1 3 
758 5 1 0 4 
759 2 7 6 5 
760 3 1 2 7 5 
761 3 6 7 4 
762 5 1 2 7 
763 1 5 4 
764 5 1 0 6 4 
765 3 1 4 
766 3 6 7 5 
767 2 5 4 
768 6 7 5 
769 3 2 0 5 
770 5 6 7 4 
771 4 6 
772 4 6 2 0 3 
773 3 1 4 
774 7 5 0 2 1 3 4 
775 2 6 7 4 
776 5 4 
777 2 7 6 5 
778 0 5 4 
779 2 1 0 4 
780 7 1 2 6 
781 5 1 6 
782 6 1 0 4 
783 4 6 7 
784 3 1 2 7 5 
785 2 6 4 
786 2 6 7 4 
787 3 1 0 2 4 
788 1 5 4 
789 4 1 2 0 3 
790 7 5 4 
791 4 0 2 
792 3 1 0 4 
793 7 5 0 2 1 3 4 
794 7 1 4 
795 7 0 2 4 
796 6 7 5 
797 3 6 7 4 
799 7 4 
800 2 7 6 5 
801 3 5 0 2 1 4 
802 5 1 0 2 4 
803 4 6 7 
804 2 0 4 
805 3 1 6 
806 3 1 2 0 4 
807 7 6 4 
808 5 1 4 
809 4 1 0 2 
810 3 5 4 
811 6 5 0 2 1 3 4 
812 5 1 0 6 4 
813 4 1 7 
814 3 7 6 4 
815 2 6 7 5 
816 2 1 4 
817 3 2 0 5 
818 3 1 4 
819 2 1 3 4 
820 2 1 0 4 
821 5 1 4 
822 5 0 2 4 
823 3 7 6 4 
824 3 1 4 
825 3 1 0 2 4 
826 5 2 1 3 4 
827 0 1 6 4 
828 5 0 2 1 3 4 
829 3 2 0 5 
830 3 6 4 
831 2 1 7 
832 6 7 5 
833 3 2 0 5 
834 4 6 7 
835 5 4 
836 4 6 7 
837 3 7 6 4 
838 7 1 0 4 
839 6 7 4 
840 5 1 2 0 3 4 
841 3 6 7 5 
842 1 0 6 4 
843 2 5 4 
844 6 7 5 
845 5 2 0 3 
846 6 1 0 4 
847 4 2 1 3 
848 3 1 0 6 4 
849 2 1 0 4 
850 2 6 7 4 
851 3 7 6 5 
852 1 4 
853 4 6 7 
854 7 1 2 5 
855 5 1 0 4 
856 3 1 6 
857 6 1 2 7 5 
858 7 6 5 
859 6 1 2 0 3 4 
860 6 1 2 7 5 
861 3 5 0 2 1 4 
862 4 6 2 0 3 
863 7 6 4 
864 2 1 0 3 4 
865 3 6 2 0 4 
866 5 0 2 4 
867 4 1 0 
868 3 1 2 0 4 
869 3 7 6 4 
870 2 1 4 
871 7 6 4 
872 5 6 2 0 3 4 
873 5 7 6 
874 3 6 7 4 
875 6 2 0 3 5 
876 5 0 2 4 
877 5 6 7 4 
878 3 1 0 6 4 
879 2 4 
880 2 5 0 1 3 4 
881 3 6 2 0 4 
882 3 1 0 4 
883 3 5 4 
884 2 4 
885 4 7 6 
886 4 1 2 0 3 
887 2 4 
888 3 1 2 6 7 
889 3 1 7 
890 6 0 2 4 
891 1 2 0 3 4 
892 4 5 
893 1 0 2 4 
894 0 6 7 5 
895 2 6 4 
896 6 7 4 
897 1 6 4 
898 6 4 
899 7 6 4 
900 6 1 0 2 4 
901 1 2 6 7 
902 7 1 0 4 
903 1 0 4 
904 6 5 4 
905 1 6 
906 1 4 
907 2 1 7 
908 7 1 0 6 4 
909 6 2 0 3 4 
910 6 1 2 7 
911 6 7 5 
912 3 1 2 0 4 
913 2 1 0 3 4 
914 4 5 
915 3 6 7 4 
916 7 0 2 4 
917 3 1 0 4 
918 6 1 2 0 3 4 
919 7 1 2 0 3 4 
920 7 1 2 6 
921 3 1 0 4 
922 1 6 7 4 
923 7 6 4 
924 2 6 7 4 
925 4 6 
926 4 7 6 
927 7 6 5 
928 6 1 0 2 4 
929 1 5 4 
930 4 0 2 
931 7 1 4 
932 1 7 6 5 
933 7 6 2 0 3 4 
934 3 0 2 4 
935 3 1 2 6 7 
936 6 5 4 
937 3 7 6 5 
938 7 6 4 
939 6 7 5 
940 2 0 4 
941 3 7 6 5 
942 3 7 6 4 
943 6 7 5 
944 6 1 2 7 
945 6 1 0 4 
946 0 5 4 
947 7 6 5 
948 6 7 4 
949 1 7 6 5 
950 4 6 7 5 
951 6 1 0 4 
952 3 2 0 5 
953 6 7 5 
954 7 1 4 
955 6 1 2 0 3 4 
956 2 1 4 
957 1 6 7 4 
958 1 6 
959 6 7 5 
960 6 7 4 
961 1 5 4 
962 6 1 0 4 
963 7 6 4 
964 6 5 4 
965 1 4 
966 7 0 2 4 
967 1 5 0 2 3 4 
968 7 1 
969 1 5 4 
970 1 6 
971 7 1 0 4 
972 7 0 2 4 
973 6 1 
974 6 5 4 
975 6 7 4 
976 6 1 2 0 3 4 
977 3 0 2 4 
978 2 1 0 4 
979 3 4 
980 1 6 4 
981 1 4 
982 7 5 4 
983 2 1 0 4 
984 3 1 4 
985 3 1 0 2 4 
986 1 4 
987 7 1 2 6 
988 2 0 4 
989 3 5 4 
991 7 6 5 
992 6 1 0 4 
993 1 2 6 7 
994 4 1 0 
995 3 1 2 7 5 
996 7 6 2 0 3 4 
997 4 6 
998 7 0 2 4 
999 3 5 4 
1000 6 7 4 
1001 3 5 0 2 1 4 
1002 6 2 0 3 4 
1003 7 5 4 
1004 2 1 0 4 
1005 1 6 2 0 3 4 
1006 4 1 0 2 
1007 6 1 4 
1008 6 1 2 0 3 4 
1009 6 7 4 
1010 4 1 6 
1011 4 0 2 
1012 6 1 0 4 
1013 1 0 2 4 
1014 4 1 0 6 
1015 6 4 
1016 1 6 
1017 6 1 
1018 4 1 0 
1019 7 1 2 0 3 4 
1020 2 4 
1021 1 6 
1022 7 5 4 
1023 6 1 4 
