0 2 0 3 5 1 
1 5 3 2 7 0 1 
2 7 2 3 1 0 
3 3 4 1 0 
4 2 0 3 5 1 
5 0 3 2 1 
6 5 7 4 6 
7 6 3 2 7 5 0 1 
8 1 3 7 2 6 5 0 
9 6 0 3 2 5 1 
10 3 7 5 4 
11 6 0 3 2 5 1 
12 6 4 7 5 
13 5 4 1 0 
14 0 2 3 5 1 
15 7 2 3 1 0 
16 3 2 1 0 
17 7 3 4 1 0 
18 0 3 2 5 1 
19 2 4 3 0 1 5 
20 6 4 7 5 
21 0 6 4 5 7 
22 2 1 3 4 0 7 
23 0 4 7 6 
24 6 3 2 7 5 0 1 
25 3 4 7 5 
26 5 7 0 6 
27 0 4 3 2 1 5 
28 5 3 6 4 7 1 
29 5 7 0 6 
30 1 0 5 
31 1 3 2 0 
32 0 2 3 1 
33 4 3 5 2 7 0 1 
34 2 7 5 1 6 0 
35 1 0 7 5 
36 6 2 7 3 0 5 
37 1 4 3 2 0 5 
38 3 2 0 1 
39 5 1 3 0 
40 6 7 0 5 
41 3 0 7 5 1 
42 1 4 5 0 
43 4 7 
44 2 0 3 7 4 5 1 
45 6 3 2 7 5 0 1 
46 0 4 1 5 
47 7 0 4 1 5 
48 4 3 2 0 1 
49 3 2 7 6 0 
50 1 4 5 7 
51 3 4 1 5 0 
52 5 4 0 
53 0 1 5 
54 1 4 5 7 
55 4 2 7 3 0 5 
56 1 2 0 7 3 5 6 
57 6 4 5 7 
58 5 3 2 1 0 
59 5 3 4 2 7 0 
60 6 4 5 7 
61 5 7 4 
62 7 4 1 5 0 
63 7 0 6 3 1 5 
64 0 1 7 5 6 
65 6 4 7 5 
66 7 0 5 1 
67 3 7 6 2 5 1 
68 2 0 1 5 
69 0 4 5 
70 5 4 
71 6 7 4 5 
72 1 2 6 7 5 0 
73 6 3 7 2 5 0 
74 3 4 7 6 
75 6 3 7 2 5 0 
76 6 3 2 4 0 7 1 
77 5 2 3 0 1 
78 0 3 2 5 1 
79 7 3 5 1 6 
80 3 0 2 5 1 
81 7 0 5 6 
82 0 2 7 5 
83 2 0 1 
84 6 1 5 0 
85 0 4 1 5 
86 2 3 0 1 
87 0 7 6 3 1 5 
88 6 0 1 
89 3 2 1 0 
90 5 7 0 6 
91 0 2 7 3 5 
92 5 4 
93 5 3 2 1 0 
94 1 7 0 5 6 
95 1 2 0 7 3 5 6 
96 1 4 5 7 
97 4 0 1 5 
98 2 0 7 5 1 
99 1 4 3 2 0 5 
100 6 3 4 1 0 
101 1 7 3 5 6 
102 3 2 5 0 1 
103 5 1 3 2 4 0 7 
104 6 0 3 2 7 4 5 1 
105 3 5 2 7 0 1 
106 1 4 5 7 
107 4 7 6 3 2 5 1 
108 2 3 4 1 5 
109 6 3 4 1 0 
110 0 1 3 
111 7 5 0 1 
112 4 1 3 0 
113 3 2 1 0 
114 1 3 2 0 
115 3 4 1 0 
116 5 7 
117 0 2 7 3 5 1 6 
118 1 3 4 0 7 
119 4 7 
120 1 4 7 6 
121 6 2 3 1 0 
122 5 3 2 7 0 6 1 
123 5 7 
124 6 0 2 3 1 
125 5 4 7 
126 7 0 6 3 1 5 
127 7 1 3 2 4 0 
128 0 3 2 1 
129 6 3 1 4 0 7 
130 7 3 4 2 0 5 
131 3 4 0 
132 2 7 5 0 1 
133 0 4 7 6 
134 5 4 
135 6 0 3 2 5 1 
136 1 4 5 7 
137 6 0 1 
138 3 2 1 0 
139 6 3 4 2 1 5 
140 6 3 0 4 2 1 5 
141 5 0 1 
142 0 6 4 5 7 
143 5 4 
144 3 1 4 0 7 
145 7 3 2 0 1 
146 0 4 5 
147 2 7 0 5 6 
148 6 3 4 2 7 0 5 
149 0 3 4 2 1 5 
150 2 1 3 0 
151 0 3 2 1 
152 6 4 5 7 
153 3 4 0 
154 5 7 
155 0 4 
156 5 0 2 3 1 
157 5 3 2 4 1 
158 1 3 6 4 7 
159 1 7 0 5 6 
160 0 2 6 7 5 
161 4 3 2 5 0 1 
162 2 3 0 1 
163 1 3 2 7 5 0 6 
164 6 0 3 2 7 4 5 1 
165 1 2 7 0 5 
166 3 0 4 1 5 
167 5 7 4 6 
168 6 4 5 7 
169 3 2 5 0 1 
170 1 0 7 5 
171 4 3 2 1 5 
172 2 3 5 1 
173 6 0 3 2 5 1 
174 0 3 4 1 
175 7 2 3 0 5 1 
176 4 5 
177 3 0 2 1 
178 1 3 0 
179 3 4 1 0 
180 5 1 0 
181 0 2 3 7 6 
182 1 3 4 0 7 
183 4 7 5 1 6 0 
184 1 2 3 7 6 0 
185 6 7 4 5 
186 5 7 0 6 3 1 
187 5 3 2 0 1 
188 6 3 2 1 0 
189 5 3 2 4 0 7 1 
190 6 7 0 5 
191 7 4 5 
192 1 4 5 7 
193 6 2 7 5 0 
194 7 0 3 2 4 5 1 
195 3 4 2 0 1 5 
196 2 0 1 5 
197 0 1 3 2 4 7 
198 5 1 7 6 0 
199 6 3 2 7 5 0 1 
200 0 7 6 3 2 5 1 
201 6 4 7 
202 3 0 1 5 
203 6 3 1 4 0 7 
204 6 2 3 0 5 1 
205 5 7 4 
206 1 3 2 5 0 
207 7 0 5 6 
208 2 4 1 0 5 
209 7 0 4 1 5 
210 3 7 0 6 1 5 
211 3 4 0 
212 6 4 5 7 
213 0 7 4 6 5 
214 2 7 5 4 
215 0 3 2 5 1 
216 7 2 3 1 0 
217 3 2 0 1 
218 5 0 3 2 1 
219 1 2 3 0 
220 5 4 0 
221 5 0 1 
222 0 3 2 5 1 
223 1 3 2 7 5 0 6 
224 0 1 5 
225 4 2 0 7 3 5 1 6 
226 2 7 0 5 6 
227 1 0 3 2 7 4 5 
228 6 4 5 
229 1 0 
230 3 2 4 5 1 
231 5 3 2 1 0 
232 6 2 7 5 0 
233 3 4 2 1 5 
234 1 4 5 
235 4 7 
236 2 0 4 1 5 
237 7 3 6 4 1 
238 1 2 3 0 
239 7 0 6 5 1 
240 4 3 2 1 5 
241 3 4 5 7 
242 1 7 5 6 0 
243 3 2 5 0 1 
244 5 2 7 0 
245 2 4 7 6 
246 1 3 2 4 0 7 
247 4 7 5 
248 1 3 2 5 0 
249 6 3 2 4 5 1 
250 5 2 0 7 3 1 6 
251 5 3 2 4 0 7 1 
252 7 5 0 1 
253 5 7 0 6 
254 7 2 3 6 0 
255 7 3 2 1 0 
256 0 3 4 1 
257 6 3 2 5 0 1 
258 7 0 6 5 1 
259 3 4 7 6 
260 2 0 7 3 5 1 6 
261 0 4 5 
262 5 0 1 
263 6 4 1 5 0 
264 1 7 6 3 2 5 
265 4 7 0 6 3 1 5 
266 3 2 1 0 
267 6 4 7 
268 6 1 5 0 
269 5 0 1 
270 0 3 2 7 4 5 1 
271 7 4 6 
272 3 2 1 0 
273 7 0 6 5 1 
274 0 2 7 3 5 
275 2 0 1 5 
276 6 2 7 0 5 
277 2 4 7 5 
278 2 0 1 5 
279 0 7 4 6 5 
280 6 2 3 0 1 
281 3 7 5 4 
282 4 2 3 0 5 1 
283 0 4 1 5 
284 4 5 7 
285 5 0 7 6 1 
286 1 0 5 
287 1 3 4 0 7 
288 0 3 4 1 
289 4 1 7 5 6 0 
290 2 0 7 6 5 1 
291 0 7 5 6 
292 6 2 0 7 3 5 1 
293 1 7 5 4 
294 3 2 1 0 
295 5 7 0 6 
296 6 3 2 1 0 
297 3 7 0 5 6 
298 0 1 5 
299 4 3 2 0 7 1 
300 2 3 1 0 
301 6 2 3 0 1 
302 0 3 4 2 1 5 
303 7 0 6 5 1 
304 4 0 
305 3 2 0 5 1 
306 1 2 7 3 0 5 
307 3 0 1 5 
308 5 2 6 7 0 
309 0 2 3 7 6 
310 1 3 4 0 7 
311 4 3 2 5 1 
312 2 4 5 7 
313 4 3 7 2 6 5 0 
314 5 7 0 6 3 1 
315 5 0 7 1 
316 6 7 3 5 1 
317 5 7 1 6 0 
318 7 3 2 1 0 
319 7 4 6 5 
320 3 1 2 4 0 7 
321 5 3 2 4 1 
322 7 3 0 4 2 1 5 
323 3 4 5 
324 2 4 1 0 5 
325 0 2 3 5 1 
326 5 6 4 7 
327 6 7 5 1 0 
328 1 7 6 3 2 5 
329 6 3 2 4 0 7 1 
330 2 3 1 0 
331 6 3 2 0 1 
332 6 2 0 7 3 5 1 
333 5 1 7 6 0 
334 0 6 4 5 7 
335 7 3 5 1 6 
336 3 0 1 5 
337 7 3 6 4 1 
338 0 2 7 5 
339 2 3 1 0 
340 7 3 4 1 
341 0 7 3 5 1 6 
342 2 3 7 5 0 6 1 
343 0 3 2 1 
344 5 2 3 7 6 0 
345 3 4 5 
346 5 0 7 6 1 
347 0 2 3 7 6 
348 5 0 7 6 1 
349 4 1 5 0 
350 2 0 7 3 5 1 6 
351 1 4 0 5 
352 0 3 7 2 6 5 
353 4 5 
354 2 3 0 5 1 
355 1 3 0 
356 6 3 2 4 5 1 
357 1 7 0 6 3 5 
358 3 7 6 2 5 1 
359 5 4 7 
360 6 3 1 4 0 7 
361 3 2 1 0 
362 1 5 7 
363 4 3 5 2 7 0 1 
364 2 3 1 0 
365 6 2 3 0 1 
366 2 7 4 6 5 
367 7 0 6 3 1 5 
368 4 0 1 5 
369 3 2 5 1 
370 1 7 5 0 
371 3 4 1 
372 5 4 7 
373 0 2 7 3 5 
374 1 7 5 6 0 
375 4 3 5 2 7 0 1 
376 1 2 3 0 
377 6 3 2 4 0 7 1 
378 5 2 3 0 1 
379 5 0 3 2 7 4 1 
380 6 3 2 0 1 
381 5 4 
382 7 0 6 5 1 
383 7 1 5 0 
384 0 7 5 1 
385 6 7 4 5 
386 7 4 0 
387 3 2 1 0 
388 2 7 4 6 5 
389 0 3 2 7 4 5 1 
390 5 0 3 2 7 4 1 
391 6 0 1 5 
392 1 4 7 
393 7 0 1 5 
394 3 7 5 1 6 0 
395 7 0 1 
396 6 7 0 5 
397 5 4 7 6 
398 0 7 5 6 
399 7 0 1 5 
400 3 0 2 1 
401 5 3 1 4 0 7 
402 0 3 4 2 1 5 
403 2 3 1 0 
404 6 3 4 2 1 5 
405 0 7 3 5 1 6 
406 0 4 5 7 
407 0 3 4 1 
408 6 4 7 5 
409 3 6 4 7 1 
410 4 2 3 1 0 
411 0 2 3 7 6 
412 5 3 2 7 0 1 
413 5 4 7 6 
414 1 2 3 0 
415 1 0 7 5 
416 0 4 1 5 
417 4 7 3 5 1 6 
418 2 3 6 4 7 1 
419 2 4 7 5 
420 7 3 4 2 0 5 
421 1 4 7 6 
422 3 7 6 2 5 1 
423 5 3 2 0 1 
424 7 3 4 1 
425 3 2 0 7 5 1 6 
426 1 2 7 0 5 
427 4 3 5 2 7 0 1 
428 2 0 3 1 
429 7 4 5 
430 0 2 3 7 6 
431 7 4 5 
432 4 3 1 
433 3 2 7 6 0 
434 0 5 7 
435 3 0 1 5 
436 5 1 3 2 4 0 7 
437 0 6 4 5 7 
438 1 3 5 2 7 0 
439 4 0 1 
440 1 7 5 6 0 
441 6 2 3 7 0 
442 5 1 0 
443 5 2 7 3 0 
444 6 3 5 2 7 0 1 
445 5 2 3 0 1 
446 7 1 5 0 
447 7 0 1 5 
448 0 1 5 
449 6 3 2 5 1 
450 7 0 1 5 
451 3 4 5 7 
452 2 3 4 1 5 
453 0 3 7 2 6 5 
454 4 2 7 0 5 
455 6 3 2 1 0 
456 1 4 5 0 
457 6 4 3 2 0 1 5 
458 3 2 5 0 1 
459 6 7 5 1 0 
460 6 4 5 7 
461 4 1 7 5 6 0 
462 0 4 1 5 
463 7 4 5 
464 3 2 7 5 0 6 1 
465 7 1 5 6 0 
466 0 1 3 2 4 7 
467 2 4 3 0 1 5 
468 6 3 2 5 0 1 
469 1 4 7 6 
470 2 7 5 0 1 
471 0 4 5 
472 6 3 2 7 5 0 1 
473 3 4 2 7 0 5 
474 5 3 0 4 2 1 
475 0 2 7 3 5 1 6 
476 5 7 0 6 
477 5 0 1 
478 1 0 3 2 5 
479 1 3 2 4 5 
480 0 3 4 2 1 5 
481 4 2 3 1 0 
482 2 0 1 5 
483 1 4 3 2 0 5 
484 6 1 7 5 0 
485 1 3 4 2 5 
486 3 4 2 7 0 5 
487 5 6 4 7 
488 6 3 4 7 1 
489 3 2 0 1 
490 1 0 2 3 
491 4 2 3 7 6 0 
492 2 3 4 1 
493 6 7 4 5 
494 0 7 5 6 
495 7 0 1 5 
496 4 7 6 
497 3 2 0 1 
498 1 7 6 3 2 5 
499 3 4 2 7 0 5 
500 5 7 1 6 0 
501 0 3 2 4 7 1 
502 1 0 4 5 
503 4 0 1 5 
504 1 3 2 5 
505 6 4 7 
506 4 6 5 7 
507 5 6 4 7 
508 6 4 1 0 5 
509 5 4 1 0 
510 7 0 1 5 
511 7 3 2 6 5 0 
512 0 4 1 5 
513 6 4 7 
514 7 6 3 2 5 1 
515 3 6 4 5 7 
516 2 5 7 
517 0 2 3 7 6 
518 5 3 1 4 0 7 
519 6 4 7 
520 1 4 0 
521 6 1 7 5 0 
522 3 7 5 1 6 0 
523 6 7 5 4 
524 6 2 3 0 5 1 
525 5 4 0 
526 0 3 2 4 7 1 
527 7 2 3 1 0 
528 3 0 7 6 5 1 
529 7 2 6 5 0 
530 0 2 3 1 
531 2 5 7 
532 6 7 3 2 5 1 
533 0 2 3 1 
534 2 4 3 0 1 5 
535 1 2 3 0 5 
536 6 2 3 0 5 1 
537 3 4 2 7 0 5 
538 5 7 0 6 
539 0 4 7 5 
540 5 4 
541 5 3 2 0 1 
542 1 0 5 
543 1 7 6 3 2 5 
544 0 3 5 2 7 1 
545 4 2 3 0 5 1 
546 2 0 4 1 5 
547 1 4 7 
548 4 3 1 0 7 
549 1 4 7 
550 3 2 1 0 
551 5 6 4 7 
552 6 3 2 4 0 7 1 
553 3 0 2 7 4 5 1 
554 1 3 2 0 
555 4 3 6 7 1 
556 2 0 1 5 
557 6 0 7 5 1 
558 0 4 1 5 
559 7 3 2 0 1 
560 4 0 2 3 1 
561 3 0 2 7 4 5 1 
562 1 0 7 5 
563 3 2 4 0 7 1 
564 5 1 0 
565 0 2 3 1 
566 1 0 3 2 7 4 5 
567 4 5 7 
568 1 3 2 7 5 0 6 
569 7 4 3 2 0 1 5 
570 5 3 2 1 0 
571 5 3 2 0 1 
572 6 2 7 0 5 
573 5 4 7 6 
574 7 0 5 1 
575 7 6 3 2 5 1 
576 0 1 5 
577 7 4 5 
578 7 1 3 2 4 0 
579 3 7 0 6 1 5 
580 2 3 6 4 7 1 
581 0 4 1 5 
582 5 4 
583 7 0 1 5 
584 1 4 5 
585 6 1 7 5 0 
586 3 0 2 7 4 5 1 
587 6 3 4 1 
588 6 1 5 0 
589 5 2 6 7 0 
590 3 2 4 5 1 
591 7 4 6 
592 3 4 7 6 
593 7 3 5 2 0 1 
594 1 4 3 2 0 5 
595 3 7 5 1 6 0 
596 6 1 3 0 
597 0 4 7 6 
598 2 1 3 4 0 7 
599 0 3 4 2 7 5 
600 6 0 1 
601 3 0 1 5 
602 5 0 1 
603 0 1 3 2 4 7 
604 5 2 3 1 0 
605 5 3 2 0 1 
606 1 4 0 5 
607 1 4 5 0 
608 0 7 6 3 1 5 
609 4 7 6 5 
610 2 7 4 6 5 
611 1 3 0 4 2 5 
612 6 7 0 5 
613 2 3 1 4 0 7 
614 3 2 5 1 
615 4 0 1 5 
616 6 7 5 4 
617 3 4 7 6 
618 1 3 7 2 6 5 0 
619 4 5 7 
620 2 3 6 4 7 1 
621 6 3 5 2 7 0 1 
622 0 2 6 7 5 
623 7 6 3 2 5 1 
624 4 7 0 6 3 1 5 
625 3 2 5 0 1 
626 1 2 3 0 
627 3 7 5 4 
628 5 0 1 
629 1 3 4 2 5 
630 2 7 5 0 1 
631 4 2 7 0 5 
632 1 4 7 6 
633 6 4 7 
634 5 2 7 3 0 
635 5 7 0 6 
636 6 2 3 1 0 
637 5 4 7 6 
638 7 4 
639 7 4 1 5 0 
640 0 4 1 5 
641 6 2 0 7 3 5 1 
642 7 5 
643 3 2 0 1 
644 2 3 0 1 
645 2 4 5 
646 5 0 2 3 1 
647 4 6 5 7 
648 1 7 5 0 
649 4 7 3 5 1 6 
650 3 4 7 6 
651 4 2 3 0 1 
652 7 6 4 5 
653 5 1 0 
654 1 4 5 
655 7 3 2 1 0 
656 3 2 7 5 0 6 1 
657 7 0 3 2 4 5 1 
658 0 2 7 3 5 
659 2 0 7 5 1 
660 6 2 7 5 0 
661 0 7 5 6 
662 2 4 7 5 
663 1 3 4 0 
664 7 2 0 5 
665 3 1 2 4 0 7 
666 5 2 7 0 
667 0 7 5 1 6 
668 5 7 4 
669 5 4 7 
670 1 7 5 6 0 
671 1 0 5 
672 2 3 1 4 0 7 
673 4 2 7 3 0 5 
674 2 3 7 6 5 0 
675 1 3 2 0 
676 6 0 1 5 
677 1 0 2 3 
678 2 3 4 0 7 1 
679 5 4 
680 6 3 2 0 1 
681 3 2 1 0 
682 1 3 2 0 
683 4 3 2 1 0 
684 2 1 3 0 
685 6 4 5 
686 0 7 4 6 5 
687 7 4 5 
688 4 1 3 2 0 7 
689 3 2 0 1 
690 1 4 5 
691 3 7 6 2 5 1 
692 5 3 2 1 
693 0 3 2 5 1 
694 0 4 5 7 
695 4 0 1 5 
696 1 3 7 2 6 5 0 
697 6 3 7 2 5 0 
698 4 7 5 0 1 
699 5 4 3 2 0 1 
700 6 0 1 5 
701 5 2 6 7 0 
702 6 3 2 1 0 
703 7 2 0 3 5 1 6 
704 0 2 3 1 
705 6 3 1 4 0 7 
706 7 5 
707 3 2 1 0 
708 2 5 7 
709 0 7 3 5 1 6 
710 5 2 3 0 1 
711 6 7 0 3 1 5 
712 1 5 7 
713 6 3 7 2 5 0 
714 3 2 7 5 0 6 1 
715 6 7 5 0 1 
716 6 7 0 5 
717 5 3 4 2 7 0 
718 0 3 1 4 7 
719 7 3 2 4 0 1 
720 3 4 2 0 1 5 
721 7 3 2 4 5 1 
722 0 3 2 4 7 1 
723 2 3 4 1 
724 6 0 1 
725 0 7 5 6 
726 2 7 3 0 5 
727 0 3 4 1 
728 6 0 2 3 1 
729 3 0 7 5 1 
730 5 1 7 6 0 
731 0 3 2 7 5 6 1 
732 5 4 0 
733 4 5 
734 1 4 5 7 
735 1 3 2 4 0 7 
736 0 2 6 7 5 
737 4 3 0 2 1 5 
738 2 3 5 0 1 
739 1 3 4 2 5 
740 6 4 7 
741 1 7 5 0 
742 3 1 4 0 7 
743 4 0 1 5 
744 6 4 7 
745 3 2 7 6 0 
746 1 0 7 5 
747 4 0 1 5 
748 2 3 4 1 
749 6 0 1 
750 0 2 7 5 
751 7 4 
752 4 5 
753 3 2 0 1 
754 1 7 5 6 0 
755 3 7 0 5 6 
756 4 0 3 2 5 1 
757 0 1 7 5 6 
758 1 3 4 2 5 
759 4 1 0 5 
760 1 3 2 4 0 7 
761 6 0 2 3 1 
762 4 1 5 0 
763 5 0 1 
764 6 3 2 4 5 1 
765 5 7 4 
766 7 5 1 6 0 
767 7 5 0 1 
768 0 4 5 7 
769 6 3 4 1 0 
770 7 3 4 2 1 5 
771 3 4 1 
772 2 7 0 5 
773 0 4 
774 4 2 6 7 5 0 
775 6 1 3 2 4 0 7 
776 1 3 2 0 
777 6 3 2 0 1 
778 3 7 5 0 1 
779 6 7 0 3 1 5 
780 6 1 3 0 
781 4 1 5 0 
782 0 3 4 1 
783 7 0 5 6 
784 3 2 7 6 0 
785 7 1 3 0 
786 0 4 5 
787 2 7 4 6 5 
788 7 3 0 4 2 1 5 
789 0 1 3 
790 2 0 1 5 
791 0 7 4 6 5 
792 7 4 1 0 5 
793 3 2 5 0 1 
794 4 7 5 0 1 
795 0 7 3 5 1 6 
796 4 1 0 5 
797 4 7 
798 1 3 0 
799 1 0 5 
800 0 2 3 1 
801 4 0 7 6 5 1 
802 7 2 0 5 
803 1 5 0 
804 7 3 5 1 6 
805 1 4 3 2 0 5 
806 3 5 7 
807 4 3 0 2 1 5 
808 7 4 1 0 5 
809 3 2 1 0 
810 1 3 0 4 2 5 
811 4 1 0 5 
812 2 3 5 1 
813 7 2 0 5 
814 0 4 7 5 
815 7 4 5 
816 4 7 5 1 6 0 
817 3 2 1 0 
818 1 7 3 5 6 
819 3 4 5 7 
820 4 0 1 5 
821 0 7 5 4 
822 1 2 3 0 
823 4 6 5 7 
824 1 5 0 
825 7 2 3 0 5 1 
826 4 5 7 
827 5 0 1 
828 7 3 4 1 
829 5 0 4 1 
830 7 3 2 5 0 1 
831 7 0 6 5 1 
832 0 3 4 2 7 5 
833 7 2 6 5 0 
834 7 4 5 
835 3 2 1 0 
836 2 4 7 
837 0 4 
838 4 3 0 2 1 5 
839 7 4 5 
840 1 2 3 0 
841 7 3 2 5 1 
842 3 7 2 6 5 0 
843 7 2 3 0 1 
844 7 4 1 0 5 
845 4 5 
846 0 3 4 1 
847 7 3 4 2 0 5 
848 3 7 0 6 1 5 
849 7 3 2 6 5 0 
850 0 3 4 2 1 5 
851 2 7 3 0 5 
852 7 3 2 4 5 1 
853 0 2 3 1 
854 2 1 3 0 
855 0 3 2 4 7 1 
856 7 3 2 4 5 1 
857 3 2 0 7 5 1 6 
858 4 3 2 7 5 0 6 1 
859 0 3 2 1 
860 4 7 5 
861 4 2 3 1 0 
862 1 7 5 0 
863 1 0 5 
864 0 3 6 4 7 1 
865 4 3 2 1 5 
866 2 3 1 0 
867 1 3 0 
868 7 4 6 
869 1 0 4 5 
870 3 2 7 0 5 
871 4 1 3 2 0 7 
872 7 3 5 2 0 1 
873 3 4 2 0 1 5 
874 1 0 
875 4 7 6 3 2 5 1 
876 2 7 0 5 6 
877 7 3 4 1 0 
878 2 5 7 
879 7 3 6 4 1 
880 4 7 6 
881 3 2 0 1 
882 2 3 5 1 
883 3 2 0 5 1 
884 4 7 3 5 1 6 
885 2 3 5 7 0 1 
886 2 0 3 1 
887 4 2 7 3 0 5 
888 2 3 1 0 
889 7 4 6 
890 4 3 2 1 0 
891 5 3 4 1 0 
892 7 2 3 6 0 
893 5 1 7 6 0 
894 7 0 4 1 5 
895 7 2 3 0 5 
896 3 1 0 
897 2 3 4 5 1 
898 2 3 6 4 7 1 
899 3 2 7 0 5 
900 2 3 0 1 
901 2 3 5 7 0 1 
902 4 3 2 5 1 
903 7 3 2 0 1 
904 1 4 5 7 
905 2 3 5 1 
906 7 0 1 
907 2 3 0 1 
908 7 0 2 3 1 
909 2 0 3 5 1 
910 3 7 5 1 6 
911 3 0 2 1 
912 7 4 5 
913 3 7 5 4 
914 4 0 3 2 7 5 1 
915 4 1 7 5 6 0 
916 7 0 1 5 
917 7 2 6 5 0 
918 7 3 2 4 5 1 
919 4 3 2 7 0 5 
920 2 4 1 0 5 
921 3 0 7 6 5 1 
922 4 3 2 7 0 5 
923 4 3 2 5 1 
924 4 0 1 5 
925 4 0 1 5 
926 2 0 3 5 1 
927 1 2 0 7 3 5 6 
928 2 0 3 5 1 
929 4 7 3 5 1 6 
930 7 5 4 
931 7 3 2 4 0 1 
932 1 3 4 2 7 0 5 
933 4 3 6 7 1 
934 4 3 2 5 1 
935 3 4 5 7 
936 3 7 5 1 6 
937 3 2 5 1 
938 2 3 4 1 
939 4 3 2 0 1 5 
940 2 3 0 5 1 
941 2 7 5 1 6 0 
942 4 2 3 1 0 
943 2 3 6 4 7 1 
944 2 6 7 5 0 
945 2 4 0 
946 2 4 1 0 5 
947 3 2 0 5 1 
948 2 0 7 5 1 
949 0 7 5 6 
950 1 2 3 0 
951 4 7 5 
952 0 1 5 
953 4 3 1 0 
954 4 3 2 1 5 
955 5 0 1 
956 5 7 0 1 
957 5 3 2 0 1 
958 4 5 7 
959 5 7 0 1 
960 5 4 7 
961 5 4 7 6 
962 7 5 
963 2 1 5 0 
964 2 6 4 5 7 
965 1 3 2 0 
966 4 7 6 
967 4 7 5 
968 0 1 3 
969 2 3 0 1 
970 4 7 0 6 3 1 5 
971 2 3 0 4 1 5 
972 4 3 1 
973 2 0 7 5 1 
974 4 3 5 2 7 0 1 
975 3 2 0 1 
976 5 2 0 7 3 1 6 
977 3 2 4 5 1 
978 4 0 
979 4 3 7 2 6 5 0 
980 2 7 0 5 
981 7 0 5 1 
982 7 3 4 1 
983 4 1 7 5 6 0 
984 2 7 6 3 5 1 
985 5 0 7 6 1 
986 2 7 0 5 6 
987 4 2 3 1 0 
988 4 3 0 2 1 5 
989 4 0 
990 2 0 1 
991 2 0 1 5 
992 2 4 7 6 
993 4 3 2 1 0 
994 7 4 5 
995 7 0 6 5 1 
996 2 3 0 4 1 5 
997 4 1 5 0 
998 4 0 1 5 
999 3 7 0 5 6 
1000 3 0 4 1 5 
1001 2 4 7 5 
1002 2 3 0 1 
1003 2 4 7 6 
1004 4 7 5 
1005 2 4 5 7 
1006 4 7 
1007 2 3 0 1 
1008 2 3 1 0 
1009 2 6 7 5 0 
1010 2 3 4 1 
1011 2 3 6 4 7 1 
1012 2 4 5 7 
1013 2 3 0 4 1 5 
1014 2 0 3 5 1 
1015 4 3 2 1 0 
1016 2 0 3 5 1 
1017 4 0 3 2 7 5 1 
1018 4 0 1 5 
1019 5 3 7 2 6 0 
1020 5 0 4 1 
1021 5 3 2 7 0 6 1 
1022 4 7 0 5 6 
1023 5 3 4 2 7 0 
