0 1 6 4 7 2 3 
1 1 7 5 6 3 
2 5 4 3 
3 5 6 4 7 3 
4 3 4 7 2 
5 0 6 5 7 2 3 
6 7 3 
7 1 2 
8 5 6 4 7 2 3 
9 5 3 
10 2 5 4 3 
11 1 5 3 
12 1 2 
13 6 1 0 3 
14 3 6 4 7 2 
15 5 4 2 
16 7 5 2 3 
17 6 1 2 3 
18 6 5 7 2 3 
19 3 5 4 2 
20 7 5 4 3 
21 2 1 3 
22 2 5 3 
23 7 5 6 3 
24 2 5 3 
25 0 2 3 
26 4 5 2 
27 4 1 0 2 
28 2 3 
29 6 5 4 2 3 
30 7 5 2 
31 5 1 2 
32 3 2 
33 5 2 3 
34 2 6 4 7 3 
35 0 5 4 2 3 
36 2 1 3 
37 7 5 4 3 
38 2 6 5 7 3 
39 6 5 4 2 
40 6 5 7 2 3 
41 3 1 2 
42 5 1 0 3 
43 5 2 
44 1 5 4 2 3 
45 4 5 2 3 
46 3 6 4 7 
47 7 3 
48 4 7 5 6 3 
49 3 1 2 
50 0 7 4 6 2 
51 4 5 2 3 
52 0 5 4 2 3 
53 3 2 
54 6 4 7 2 3 
55 3 2 
56 3 6 4 7 2 
57 2 7 5 6 3 
58 5 1 0 3 
59 0 1 2 3 
60 7 1 0 2 3 
61 6 5 3 
62 5 1 0 2 3 
63 2 1 3 
64 1 7 5 6 3 
65 1 5 2 3 
66 5 6 7 2 3 
67 5 4 2 
68 3 1 0 2 
69 0 7 4 6 3 2 
70 4 1 0 3 
71 1 2 3 
72 5 6 4 7 2 3 
73 5 7 4 6 3 2 
74 2 5 3 
75 1 6 4 7 2 3 
76 1 0 3 
77 6 5 4 2 3 
78 3 1 0 2 
79 5 1 0 2 
80 7 4 6 3 2 
81 4 6 5 7 2 3 
82 6 5 4 2 3 
84 6 5 2 
85 2 6 4 7 3 
86 2 3 
87 7 6 4 3 
88 2 1 0 3 
89 0 7 5 6 3 
90 4 2 3 
91 7 2 3 
92 2 3 
93 6 4 7 2 3 
94 7 5 4 1 
95 5 1 0 3 
96 2 1 0 3 
97 5 7 6 3 
98 2 3 
99 0 5 4 3 
100 2 6 4 7 3 
101 6 5 3 
102 2 5 4 
103 6 1 2 
104 6 1 2 3 
105 3 2 
106 5 1 0 2 3 
107 5 6 4 7 3 
108 1 2 3 
109 4 5 2 
110 3 5 
111 7 5 4 2 
112 4 5 3 
113 3 6 4 7 2 
114 1 6 4 7 3 
115 6 5 2 3 
116 0 1 2 3 
117 0 3 
118 6 5 7 2 3 
119 3 1 0 
120 3 5 2 
121 5 1 0 2 
122 5 3 
123 0 2 3 
124 7 4 2 3 
125 6 1 0 3 
126 5 3 
127 2 5 4 3 
128 1 4 7 2 3 
129 1 3 
130 5 7 6 3 
131 5 4 2 3 
132 3 1 0 
133 0 6 4 7 3 
134 7 6 5 2 3 
135 1 7 4 6 2 
136 4 5 1 
137 5 2 3 
138 2 3 
139 1 6 4 7 2 3 
140 1 2 
141 6 7 4 2 
142 3 5 4 2 
143 4 5 2 3 
144 6 4 7 3 
145 7 6 4 2 3 
146 6 5 7 2 3 
147 3 1 0 
148 7 1 0 3 
149 3 6 4 7 2 
150 2 6 4 7 3 
151 7 3 
152 2 1 0 3 
153 0 1 2 3 
154 4 1 0 2 
155 7 6 4 2 3 
156 3 7 4 6 2 
157 6 3 
158 7 3 
159 5 4 2 3 
160 3 1 2 
161 5 2 3 
162 2 3 
163 0 7 4 6 2 
164 2 7 4 6 
165 7 1 0 2 
166 2 5 4 3 
167 6 1 0 2 
168 6 1 2 3 
169 3 5 2 
170 5 1 2 3 
171 5 2 3 
172 1 3 
173 4 3 
174 1 5 4 2 
175 7 5 6 3 
176 4 1 0 3 
177 3 1 0 2 
178 1 0 2 
179 4 5 7 6 2 3 
180 0 1 2 3 
181 3 1 2 
182 6 1 2 3 
183 3 5 7 6 2 
184 2 5 4 1 
185 3 7 5 6 
186 5 6 4 7 3 
187 1 0 3 
188 6 5 7 2 3 
189 6 1 2 3 
190 5 1 0 2 
191 2 3 
192 1 5 4 3 
193 1 2 
194 5 4 1 
195 5 6 4 7 2 3 
196 3 7 4 6 2 
197 0 6 5 7 2 3 
198 7 5 6 3 
199 1 5 7 6 2 3 
200 5 1 0 2 
201 5 1 2 3 
202 0 7 5 6 3 
203 1 5 2 3 
204 1 5 4 2 
205 6 5 4 3 
206 3 5 4 
207 5 6 4 7 2 3 
208 7 6 4 2 3 
209 7 1 0 2 
210 7 4 6 2 
211 3 7 4 6 2 
212 7 5 2 3 
213 2 5 4 
214 0 1 3 
215 7 1 0 3 
216 2 1 3 
217 1 6 4 7 2 3 
218 4 1 2 3 
219 7 2 3 
220 2 3 
221 6 4 7 2 3 
222 6 7 4 2 
223 5 1 0 2 
225 5 1 2 
226 2 7 5 6 3 
227 0 1 2 3 
228 3 6 5 7 2 
229 7 5 2 3 
230 2 6 4 7 3 
231 6 3 
232 6 2 3 
233 3 1 0 
234 5 1 0 2 
235 5 4 2 3 
236 1 6 4 7 3 
237 4 1 0 2 
238 3 1 0 2 
239 7 6 5 2 3 
240 4 5 2 3 
241 3 1 0 
242 1 5 4 2 3 
243 4 5 2 3 
244 0 5 4 1 
245 3 2 
246 6 7 4 2 
247 2 3 
248 3 7 4 6 2 
249 2 5 4 
250 4 1 0 3 
251 0 7 4 6 3 2 
252 7 4 2 3 
253 6 5 2 3 
254 5 4 2 
255 2 5 4 3 
256 1 5 4 2 3 
257 1 7 5 6 3 
258 4 6 7 3 
259 5 7 6 3 
260 1 0 2 
261 0 1 2 
262 7 5 2 
263 1 7 5 6 3 
264 5 4 3 
265 5 1 0 2 
266 3 6 4 7 2 
267 1 5 7 6 2 3 
268 1 5 2 
269 6 1 2 
270 3 5 7 6 2 
271 5 7 6 2 3 
272 5 4 7 2 3 
273 7 3 
274 6 5 2 3 
275 2 5 3 
276 7 5 4 2 
277 2 3 
278 2 6 4 7 3 
279 7 5 4 3 
280 2 5 4 3 
281 0 7 4 6 3 2 
282 4 5 2 
283 7 4 2 3 
284 2 6 4 7 3 
285 6 5 4 2 3 
286 7 1 0 2 
287 5 6 4 7 3 
288 1 6 4 7 3 
289 5 7 4 6 2 
290 2 6 5 7 3 
291 0 5 4 3 
292 2 1 3 
293 5 4 3 
294 2 6 4 7 3 
295 6 1 2 3 
296 6 1 2 3 
297 3 5 2 
298 5 7 4 6 3 2 
299 4 1 0 3 
300 1 2 3 
301 4 3 
302 3 5 2 
303 7 6 4 2 3 
304 4 3 
305 3 5 4 2 
306 1 0 2 
307 4 5 2 3 
308 2 1 0 
309 3 1 0 
310 6 1 0 2 
311 0 5 2 
312 3 5 4 
313 1 5 2 
314 5 4 3 
315 0 6 4 7 2 3 
316 4 7 5 6 3 
317 6 1 2 
318 5 1 2 3 
319 2 3 
320 1 0 3 
321 1 5 3 
322 5 6 4 7 2 3 
323 5 4 2 3 
324 3 4 7 2 
325 0 5 4 1 
326 7 4 6 2 
327 1 7 4 6 3 2 
328 5 7 6 3 
329 5 1 2 3 
330 2 1 0 3 
331 1 7 4 6 2 
332 1 0 3 
333 6 1 2 3 
334 2 5 4 1 
335 5 4 2 3 
336 7 1 0 2 3 
337 7 1 2 
338 6 1 2 3 
339 3 4 7 2 
340 7 5 6 3 
341 2 5 3 
342 2 7 4 6 
343 7 5 4 1 
344 2 4 7 3 
345 0 1 3 
346 4 2 3 
347 7 5 2 3 
348 2 6 4 7 3 
349 6 1 2 3 
350 7 5 4 2 3 
351 5 7 6 3 
352 3 5 2 
353 5 1 0 2 3 
354 2 6 4 7 3 
355 1 5 7 6 2 3 
356 2 6 4 7 3 
357 7 5 4 2 3 
358 2 3 
359 6 2 3 
360 6 5 4 2 3 
361 3 7 4 6 2 
362 5 7 6 2 3 
363 5 2 3 
364 1 2 3 
365 4 3 
366 3 1 0 
367 7 5 4 2 3 
368 6 1 0 2 
369 0 5 4 3 
370 1 7 4 6 3 2 
371 4 1 2 3 
372 0 5 2 3 
373 3 1 0 2 
374 4 1 0 3 
375 3 5 4 2 
377 2 5 4 3 
378 5 1 2 3 
379 4 5 1 
380 7 1 2 3 
381 4 5 2 
382 5 4 2 
383 2 3 
384 1 3 
385 1 5 3 
386 5 4 2 
387 5 4 7 2 3 
388 2 5 3 
389 0 1 2 
390 7 1 2 3 
391 1 7 5 6 3 
392 5 1 0 3 
393 5 7 6 3 
394 2 4 7 3 
395 0 1 2 
396 1 5 4 2 3 
397 6 5 4 2 3 
398 3 1 2 
399 5 4 7 2 3 
400 7 1 0 2 
401 7 3 
402 6 1 0 3 
403 3 2 
404 4 7 2 3 
405 2 1 0 3 
406 3 5 4 
407 7 1 0 2 
408 2 1 0 3 
409 0 1 2 3 
410 4 1 2 3 
411 7 3 
412 2 5 3 
413 6 1 2 3 
414 7 5 6 2 3 
415 5 1 2 3 
416 3 1 0 
417 5 4 2 3 
418 2 5 4 
419 0 6 4 7 3 
420 2 5 4 1 
421 7 2 3 
422 2 1 3 
423 6 1 0 3 
424 6 5 7 2 3 
425 3 1 2 
426 5 4 2 3 
427 5 7 6 3 
428 1 3 
429 4 7 5 6 3 
430 2 5 7 6 3 
431 7 2 3 
432 4 5 2 3 
433 3 5 
434 1 2 
435 4 3 
436 0 5 3 
437 2 1 
438 6 1 2 3 
439 3 5 2 
440 3 1 0 
441 2 6 5 7 3 
442 5 1 0 2 
443 0 1 2 3 
444 7 1 0 2 
445 6 2 3 
446 5 7 4 6 3 2 
447 2 5 3 
448 1 7 4 6 3 2 
449 1 0 2 3 
450 5 6 7 2 3 
451 5 2 3 
452 3 7 5 6 
453 0 5 4 2 
454 7 5 4 3 
455 1 3 
456 5 1 2 3 
457 5 3 
458 2 4 7 3 
459 1 0 2 
460 1 5 4 2 3 
461 6 5 2 3 
462 3 1 2 
463 5 1 2 3 
464 7 5 4 2 3 
465 7 5 3 
466 6 5 4 2 3 
467 3 7 5 6 
468 7 5 4 2 3 
469 2 5 4 
470 2 7 4 6 3 
471 7 5 2 
472 2 1 3 
473 0 1 2 3 
474 4 6 7 3 
475 7 3 
476 2 1 0 3 
477 6 5 3 
478 7 2 3 
479 5 3 
480 3 1 2 
481 5 6 4 7 2 3 
482 3 6 4 7 2 
483 0 3 
484 2 1 0 
485 7 2 3 
486 2 5 4 3 
487 6 5 4 2 3 
488 6 5 2 3 
489 3 1 0 2 
490 5 4 1 
491 5 4 3 
492 1 3 
493 4 7 6 3 2 
494 3 2 
495 7 5 3 
496 4 6 7 2 3 
497 3 5 4 
498 1 0 3 
499 4 1 0 2 
500 0 5 4 1 
501 3 5 2 
502 6 5 2 3 
503 3 5 4 1 
504 3 1 0 2 
505 2 1 0 3 
506 5 1 0 2 
507 0 5 7 6 2 3 
508 7 5 6 3 
509 6 4 7 2 3 
510 5 4 2 
511 2 5 7 6 3 
512 1 2 3 
513 1 2 3 
514 5 1 0 2 
515 5 1 0 2 3 
516 3 2 
517 0 1 2 3 
518 7 1 2 3 
519 1 3 
520 5 4 2 3 
521 5 1 0 3 
522 2 1 0 3 
523 1 5 4 2 3 
524 1 6 4 7 2 3 
525 6 1 2 3 
526 3 1 2 
527 5 1 2 3 
528 7 5 6 3 
529 7 5 2 
530 6 5 7 2 3 
531 3 1 0 2 
532 7 6 4 3 
533 2 5 7 6 3 
534 3 5 
535 7 1 0 2 3 
536 2 5 7 6 3 
537 0 1 2 3 
538 4 7 2 3 
539 7 4 2 3 
540 2 4 7 3 
541 6 5 7 2 3 
542 7 1 2 3 
543 5 2 3 
544 3 5 7 6 2 
545 5 3 
546 3 2 
547 0 7 4 6 2 
548 2 1 0 
549 7 1 2 3 
550 2 1 0 
551 6 1 2 
552 6 5 2 3 
553 3 5 4 2 
554 5 6 4 7 2 3 
555 5 1 2 3 
556 1 6 4 7 2 3 
557 4 6 7 2 3 
558 3 5 4 1 
559 7 5 4 2 
560 4 5 2 3 
561 3 5 4 
562 1 5 4 2 3 
563 4 6 7 2 3 
564 0 5 4 2 
565 3 1 0 2 
566 6 5 4 1 
567 3 5 2 
568 3 5 4 2 
569 2 6 5 7 3 
570 5 1 0 2 
571 0 1 2 3 
572 7 6 5 2 3 
573 6 4 7 3 
574 5 4 1 
575 2 1 3 
576 1 5 4 2 
577 1 2 3 
578 5 6 4 7 3 
579 5 1 2 3 
580 3 5 4 2 
581 0 2 3 
582 7 6 4 2 3 
583 1 5 4 2 3 
584 5 2 3 
585 5 6 7 2 3 
586 2 1 3 
587 1 6 5 7 2 3 
588 1 5 4 3 
589 6 5 2 
590 3 1 0 
591 5 1 0 2 
592 7 5 4 2 3 
593 7 5 4 2 3 
594 6 5 4 1 
595 3 1 0 2 
596 7 1 0 3 
597 2 7 4 6 
598 2 3 
599 7 4 6 2 
600 3 6 5 7 2 
601 0 1 2 3 
602 4 1 2 3 
603 6 2 3 
604 2 3 
605 6 1 0 3 
606 4 6 7 3 
607 5 1 0 2 3 
608 2 5 4 
609 5 1 0 2 3 
610 2 3 
611 0 1 2 
612 2 5 
613 7 4 2 3 
614 2 5 3 
615 6 2 3 
616 6 7 5 3 
617 3 5 4 2 
618 5 4 2 3 
619 5 2 3 
620 1 5 2 3 
621 4 7 5 6 3 
622 3 5 
623 7 5 6 3 
624 4 7 5 6 3 
626 1 5 4 2 3 
627 4 7 6 3 2 
628 0 7 4 6 3 2 
629 3 7 5 6 
630 6 5 7 2 3 
632 3 6 5 7 2 
633 2 1 3 
634 5 1 2 3 
635 0 4 7 2 3 
636 7 5 6 3 
637 6 5 2 
638 5 4 7 2 3 
639 2 6 4 7 3 
640 1 5 3 
641 1 2 3 
642 5 4 2 
643 5 6 7 2 3 
644 3 5 4 
645 0 7 5 6 3 
646 7 4 6 3 2 
647 1 5 4 2 3 
648 5 2 
649 5 1 0 2 
650 2 1 0 3 
651 1 2 3 
652 1 5 4 
653 6 7 5 3 
654 1 7 4 6 3 2 
655 5 7 6 3 
656 7 5 4 3 
657 7 1 2 3 
658 6 7 5 3 
659 2 5 
660 7 1 0 2 3 
661 2 1 3 
662 2 5 3 
663 6 7 4 2 
664 2 1 3 
665 0 5 2 3 
666 4 7 5 6 3 
667 7 1 0 3 
668 0 7 4 6 3 2 
669 6 7 4 3 2 
670 7 5 6 2 3 
671 5 3 
672 3 1 0 
673 5 7 6 3 
674 2 1 3 
675 0 1 2 
676 2 5 3 
677 7 5 2 3 
678 2 5 4 3 
679 6 3 
680 6 5 7 2 3 
681 3 7 5 6 
682 5 2 3 
683 5 1 0 3 
684 1 3 
685 4 6 7 2 3 
686 2 1 0 3 
687 7 5 2 
688 4 5 2 3 
689 3 1 2 
690 1 2 
691 4 5 2 3 
692 0 5 3 
694 6 5 3 
695 3 2 
696 3 5 4 2 
697 2 1 
698 5 7 6 3 
699 0 5 3 
700 7 5 3 
701 6 4 7 3 
702 5 1 0 2 
703 3 5 4 1 
704 1 2 3 
705 1 2 3 
706 4 7 6 2 
707 4 5 2 3 
708 3 1 0 
709 0 1 3 
710 7 5 6 2 3 
711 1 5 4 2 3 
712 4 1 2 3 
713 4 1 0 3 
714 2 7 4 6 
715 1 2 
716 1 0 3 
717 6 1 0 2 
718 3 1 0 
719 4 1 0 2 
720 7 3 
721 7 5 6 3 
722 7 5 6 3 
724 7 3 
725 2 1 
726 2 3 
727 7 5 6 3 
728 2 7 4 6 
729 0 5 2 
730 4 2 3 
731 4 7 6 2 
732 2 4 7 3 
733 6 7 5 3 
734 7 1 2 3 
735 4 1 0 2 3 
736 3 7 5 6 
737 5 6 7 2 3 
738 2 4 7 3 
739 0 6 4 7 2 3 
740 0 7 4 6 3 2 
741 7 5 2 3 
742 2 6 4 7 3 
743 4 1 2 3 
744 6 4 7 2 3 
745 2 7 5 6 3 
746 4 7 5 6 3 
747 4 5 1 
748 1 2 3 
749 4 6 7 3 
750 1 0 2 3 
751 6 1 2 3 
752 4 5 3 
754 1 2 3 
755 4 1 2 3 
756 0 1 2 
757 3 4 7 2 
758 6 3 
759 3 7 4 6 2 
760 3 2 
761 2 6 4 7 3 
762 4 7 6 2 
763 0 1 2 
764 7 6 4 3 
765 6 7 4 3 2 
766 4 1 0 2 
767 2 6 4 7 3 
768 1 6 4 7 3 
769 1 5 4 2 3 
770 4 1 2 3 
771 4 1 2 
772 3 5 4 2 
773 0 1 2 
774 6 3 
775 1 0 2 
776 4 5 1 
777 4 2 3 
778 3 1 2 
779 0 6 5 7 2 3 
780 1 4 7 2 3 
781 6 2 3 
782 3 1 0 
783 4 1 2 3 
784 6 4 7 2 3 
785 4 7 6 3 2 
786 6 5 7 2 3 
787 0 1 2 
788 7 4 6 3 2 
789 2 5 3 
790 2 1 0 
791 7 5 4 1 
792 2 7 4 6 3 
793 0 3 
794 4 1 0 3 
795 7 6 4 2 3 
796 2 5 3 
797 6 5 4 1 
798 7 5 4 2 3 
799 4 5 2 3 
800 3 1 2 
801 5 2 
802 2 3 
803 0 5 3 
804 3 1 2 
805 5 4 1 
806 2 7 5 6 3 
807 6 1 2 3 
808 7 5 4 1 
809 3 1 0 
810 4 6 7 2 3 
811 4 5 2 3 
812 1 2 3 
813 4 7 6 3 2 
815 7 1 2 3 
816 4 7 6 2 
817 0 5 7 6 2 3 
818 1 0 3 
819 4 1 0 2 
820 0 6 4 7 2 3 
821 3 5 4 
822 7 2 3 
823 2 5 4 3 
824 3 2 
825 2 1 0 3 
826 4 7 2 3 
827 0 1 3 
828 7 1 0 2 
829 6 1 0 2 3 
830 4 1 2 
831 2 6 4 7 3 
832 0 7 4 6 3 2 
833 1 0 3 
834 4 2 3 
835 0 3 
836 4 7 6 2 
837 0 5 2 3 
838 7 6 5 2 3 
839 6 1 2 
840 7 5 2 3 
841 4 5 3 
842 2 6 5 7 3 
843 1 0 3 
844 0 5 4 3 
845 6 5 7 2 3 
847 4 1 0 3 
848 5 1 2 
849 7 6 5 2 3 
850 6 5 3 
851 3 1 0 2 
852 4 2 3 
853 3 6 4 7 2 
854 0 5 2 3 
855 7 1 2 
856 0 5 4 2 
857 1 3 
858 4 7 6 3 2 
859 7 6 4 2 3 
860 0 3 
861 4 5 2 3 
862 6 3 
863 4 3 
864 1 5 4 3 
865 5 6 7 2 3 
866 0 1 2 3 
867 1 2 
868 0 1 2 3 
869 7 6 4 2 3 
870 0 6 4 7 2 3 
871 6 5 2 
872 6 5 4 3 
873 0 6 5 7 2 3 
874 4 2 3 
875 4 5 2 3 
876 1 4 7 2 3 
877 4 7 5 6 3 
878 3 1 0 2 
879 7 5 4 3 
880 6 4 7 2 3 
881 3 1 0 2 
882 1 0 2 3 
883 4 6 5 7 2 3 
884 0 5 3 
885 3 5 4 2 
886 6 5 4 2 
887 3 1 0 2 
888 3 6 5 7 2 
889 2 1 0 3 
890 4 6 7 2 3 
891 0 5 4 2 3 
892 7 5 4 1 
893 6 5 2 3 
894 4 6 7 3 
895 2 1 3 
896 1 7 5 6 3 
897 1 5 2 3 
898 4 3 
899 4 5 1 
900 1 2 3 
901 0 2 3 
902 7 2 3 
903 1 7 5 6 3 
904 4 5 2 
905 4 5 2 
906 0 1 3 
907 1 5 2 
908 1 7 4 6 3 2 
909 6 7 4 2 
910 1 2 3 
911 4 5 2 
912 1 7 5 6 3 
913 6 4 7 2 3 
914 6 3 
915 6 7 4 2 
916 0 5 4 2 3 
917 0 4 7 2 3 
918 0 1 2 
919 0 6 4 7 2 3 
920 7 6 5 2 3 
921 5 4 3 
922 4 7 6 2 
923 4 7 2 3 
924 1 2 3 
925 6 4 7 2 3 
926 7 3 
927 4 1 2 3 
928 1 0 2 
929 0 1 2 3 
930 0 5 4 2 3 
931 6 7 5 3 
932 6 1 2 
933 0 5 2 3 
934 0 2 3 
935 0 7 5 6 3 
936 0 1 2 3 
937 5 6 4 7 2 3 
938 4 7 5 6 3 
939 1 5 2 
940 1 5 2 3 
941 4 6 7 3 
942 1 0 3 
943 4 3 
944 4 5 1 
945 0 1 2 
946 0 4 7 2 3 
947 0 4 7 2 3 
948 6 7 5 3 
949 6 1 2 3 
950 1 0 2 3 
951 6 5 3 
952 7 6 4 2 3 
953 1 2 3 
954 4 1 2 3 
955 4 3 
956 6 1 0 3 
957 0 7 5 6 3 
958 0 5 2 3 
959 4 2 3 
960 4 5 2 
961 1 7 5 6 3 
962 4 1 0 2 
963 6 5 4 1 
964 1 3 
965 0 5 4 1 
966 1 5 2 
967 1 5 4 2 3 
968 6 4 7 2 3 
969 4 6 7 2 3 
970 0 1 2 
971 0 5 2 
972 0 6 4 7 3 
973 6 5 7 2 3 
974 0 5 2 
975 4 7 6 2 
976 7 5 3 
977 0 5 2 
978 6 4 7 2 3 
979 0 7 5 6 3 
980 7 5 3 
981 0 7 4 6 2 
982 0 7 5 6 3 
983 0 5 2 3 
984 0 1 2 3 
985 0 5 2 3 
986 4 5 3 
987 1 5 7 6 2 3 
988 0 1 2 
989 6 5 4 1 
990 0 5 7 6 2 3 
991 4 1 2 
992 1 7 5 6 3 
993 0 6 4 7 2 3 
994 0 1 3 
995 6 1 0 2 
996 6 1 2 3 
997 0 5 2 3 
998 0 7 4 6 2 
999 0 5 7 6 2 3 
1000 0 1 2 
1001 5 2 3 
1002 4 1 0 3 
1003 1 6 5 7 2 3 
1004 0 5 4 3 
1005 6 2 3 
1006 4 6 7 3 
1007 7 3 
1008 1 5 4 
1009 0 1 2 
1010 0 5 2 3 
1011 0 2 3 
1012 6 7 4 3 2 
1013 6 4 7 3 
1014 1 2 3 
1015 6 1 0 3 
1016 7 4 6 2 
1017 5 4 2 3 
1018 4 7 5 6 3 
1019 4 6 7 3 
1020 4 5 7 6 2 3 
1021 0 5 4 3 
1022 0 5 2 3 
1023 4 5 2 
