0 5 4 3 1 
1 2 5 6 0 4 1 
2 1 5 4 7 0 
3 0 6 7 4 
4 7 0 1 
5 1 3 6 2 4 
6 5 4 3 2 0 
7 4 0 5 7 1 
8 3 7 5 1 2 4 6 
9 7 6 4 
10 7 2 3 1 
11 5 3 6 0 7 2 4 
12 0 7 4 1 
13 3 2 7 1 
14 4 3 5 1 
15 1 0 7 4 
16 4 6 0 5 1 
17 7 1 6 5 0 3 4 
18 2 6 7 4 
19 4 3 1 2 7 
20 1 7 5 2 6 3 
21 5 7 1 2 4 3 6 
22 5 1 0 7 4 
23 6 1 4 3 2 
24 2 5 3 1 4 
25 4 3 6 0 7 2 
26 7 4 5 3 6 0 
27 2 0 7 1 
28 0 2 7 3 1 
29 7 3 2 1 
30 1 4 6 0 5 
31 0 4 5 3 6 
32 5 6 0 7 3 
33 2 3 1 
34 6 3 2 4 1 
35 4 5 6 0 1 
36 5 6 4 7 
37 2 3 4 1 
38 4 1 0 7 
39 0 2 7 3 1 
40 3 5 0 4 1 
41 5 1 0 3 
42 5 2 4 3 
43 3 5 0 4 1 
44 2 3 4 1 7 
45 4 0 7 1 
46 1 4 5 3 6 0 
47 6 1 4 3 2 
48 4 3 1 2 7 
49 4 2 5 3 
50 7 4 5 1 
51 6 5 3 1 4 
52 1 4 7 2 
53 6 7 0 4 1 
54 2 0 3 1 7 
55 2 7 5 4 
56 5 6 7 4 
57 0 5 2 4 7 
58 6 3 0 7 2 4 
59 5 3 2 1 
60 2 1 7 5 6 3 
61 6 1 2 0 3 4 
62 2 3 1 
63 0 1 
64 5 3 6 
65 2 0 3 1 7 
66 1 7 6 4 
67 0 6 7 3 
68 7 0 1 
69 1 7 0 4 
70 5 1 2 0 3 4 
71 4 7 5 2 
72 3 1 2 5 
73 7 0 1 
74 7 3 4 1 2 
75 5 3 1 2 4 7 
76 0 7 6 4 1 
77 3 6 5 
78 4 7 6 1 
79 1 3 2 
80 4 6 1 3 7 2 5 
81 7 5 4 0 1 
82 2 5 7 1 4 
83 4 7 5 1 
84 1 6 7 4 
85 5 4 7 0 1 
86 5 3 6 2 4 1 
87 6 1 0 7 4 
88 2 5 7 6 4 
89 4 3 2 1 
90 6 4 5 0 7 1 
91 2 7 5 1 4 3 6 
92 0 5 1 4 
93 7 5 6 4 
94 1 6 5 3 4 
95 0 4 5 3 6 
96 5 6 0 4 1 
97 3 1 2 0 4 
98 6 2 3 4 1 
99 4 7 6 1 
100 5 6 7 4 
101 2 6 1 3 7 5 
102 4 1 2 0 3 
103 0 3 2 1 
104 3 2 5 4 
105 4 3 6 2 7 
106 5 0 7 1 
107 3 2 5 4 
108 2 1 0 3 
109 4 1 3 2 6 
110 1 6 4 7 
111 6 1 3 7 2 5 
112 4 7 0 1 
113 4 6 7 2 
114 7 1 5 2 6 3 
115 6 7 4 
116 1 2 3 4 
117 7 4 5 0 1 
118 2 1 0 3 
119 2 4 7 1 
120 5 7 6 4 
121 1 6 4 7 
122 6 5 7 4 
123 5 7 6 4 1 
124 2 5 4 3 0 
125 6 5 3 1 4 
126 2 3 1 4 7 
127 0 4 7 1 2 
128 5 6 0 7 3 
129 2 5 1 0 4 
130 1 7 4 2 6 3 
131 0 4 2 3 7 1 
132 7 3 1 2 4 
133 1 6 7 4 
134 5 6 1 3 7 2 
135 4 7 6 3 
136 3 2 7 1 
137 7 1 2 0 3 4 
138 7 2 5 4 3 
139 5 2 3 1 
140 0 3 6 5 
141 3 2 4 1 
142 4 7 5 1 
143 1 3 4 2 7 
144 4 1 3 2 6 
145 7 1 5 2 6 3 
146 2 5 4 3 0 
147 4 1 6 5 0 3 
148 1 6 7 5 4 
149 5 1 6 0 3 4 
150 5 7 1 2 4 3 6 
151 6 5 7 4 
152 2 1 7 5 6 3 
153 4 6 0 7 3 
154 7 5 6 0 4 1 
155 2 4 7 5 1 
156 0 4 5 7 1 
157 7 0 1 
158 1 2 6 0 7 
159 0 4 5 7 1 
160 4 7 1 2 
161 2 3 6 5 
162 6 5 4 3 2 0 
163 4 6 7 
164 5 2 4 3 
165 2 3 1 4 7 
166 4 5 7 1 
167 0 3 6 7 2 4 
168 3 0 5 2 4 7 
169 4 7 6 3 
170 5 7 2 0 6 1 
171 3 6 0 7 2 4 
172 2 6 1 0 7 
173 4 6 7 
174 1 4 0 5 7 
175 6 0 7 1 
176 4 0 1 
177 4 7 5 2 
178 7 5 6 4 
179 6 3 0 7 2 4 
180 1 7 6 4 
181 7 5 1 4 
182 2 6 1 3 7 5 
183 1 2 0 3 4 
184 5 6 7 4 2 
185 0 5 1 4 
186 6 1 0 7 4 
187 5 3 6 2 7 
188 2 0 1 
189 6 4 0 7 1 
190 2 4 3 5 1 
191 0 2 7 3 1 
192 5 2 3 1 
193 2 4 0 7 1 
194 1 4 3 2 6 
195 0 3 2 1 
196 6 5 4 3 2 0 
197 1 6 7 4 2 
198 5 4 7 0 1 
199 4 5 7 1 
200 3 6 2 7 
201 7 3 1 2 4 
202 7 1 4 3 2 6 
203 5 7 1 4 
204 0 7 6 3 
205 3 5 4 7 0 1 
206 4 6 7 
207 1 7 5 2 6 3 
208 4 5 3 6 0 
209 7 6 4 
210 2 7 6 3 
211 4 6 7 
212 1 5 6 0 4 
213 5 3 2 1 
214 4 5 3 6 0 
215 6 3 1 2 4 7 
216 2 0 7 1 
217 4 7 5 2 
218 7 5 6 4 
219 2 7 3 1 
220 1 4 2 3 7 
221 7 4 6 0 5 1 
222 1 6 7 4 2 
223 0 5 6 4 1 
224 5 4 2 3 7 1 
225 2 4 7 1 
226 6 4 5 0 7 1 
227 5 6 1 3 7 2 
228 5 7 4 2 6 3 1 
229 2 7 5 1 4 3 6 
230 5 2 4 3 
231 0 6 7 4 2 
232 3 0 5 2 4 7 
233 4 1 6 2 7 3 
234 5 4 2 3 7 1 
235 3 0 5 2 4 7 
236 2 3 1 
237 4 2 3 1 
238 0 1 2 5 3 
239 6 4 0 5 1 
240 4 6 0 7 3 
241 4 6 7 
242 7 3 1 2 4 
243 6 3 5 
244 1 4 3 5 
245 7 3 4 1 2 
246 2 3 6 0 7 4 
247 2 4 0 5 7 1 
248 5 7 4 2 6 3 1 
249 0 2 5 4 3 
250 6 0 7 1 
251 5 2 3 4 1 
252 2 4 7 1 
253 6 0 1 
254 2 1 6 5 0 3 4 
255 0 1 
256 5 4 6 0 1 
257 2 5 1 0 4 
258 0 3 1 2 7 
259 0 1 4 3 2 6 
260 7 4 5 1 
261 1 0 7 
262 0 2 3 1 
263 4 6 7 
264 3 6 5 
265 7 0 5 2 4 
266 7 3 6 0 2 4 
267 5 2 4 3 
268 0 3 6 5 
269 3 2 1 
270 4 3 6 2 1 
271 1 7 5 2 4 
272 5 1 6 0 3 4 
273 6 7 4 2 
274 2 1 6 7 3 
275 4 5 0 1 
276 2 1 6 5 0 3 4 
277 5 2 7 3 1 
278 5 4 3 2 0 
279 6 7 4 1 
280 2 3 1 
281 5 6 1 3 7 2 
282 7 0 4 1 
283 2 1 0 3 4 
284 0 6 7 5 4 
285 7 3 2 1 
286 1 5 7 6 4 
287 0 2 7 3 1 
288 5 2 7 3 1 
289 1 4 3 2 6 
290 6 5 7 4 
291 4 0 5 7 1 
292 5 6 7 4 
293 2 1 4 3 6 
294 4 0 1 
295 0 5 4 3 2 
296 3 2 1 
297 4 7 2 0 6 1 
298 5 3 6 2 4 1 
299 3 6 7 4 
300 2 6 1 0 7 
301 5 7 2 4 
302 1 5 6 7 4 
303 6 1 7 5 2 3 
304 4 0 1 
305 4 6 7 2 
306 7 5 1 4 
307 6 4 5 3 0 
308 1 5 4 
309 7 4 6 0 5 1 
310 2 4 3 5 1 
311 2 0 3 1 7 
312 5 3 6 7 2 1 
313 0 6 4 7 
314 6 5 0 4 1 
315 5 4 0 7 1 
316 2 4 3 5 1 
317 7 4 2 6 3 1 
318 2 5 7 6 4 
319 0 3 4 1 5 
320 5 3 2 1 
321 2 7 6 4 1 
322 0 4 7 1 
323 0 7 4 1 
324 7 3 2 1 
325 1 4 5 3 6 0 
326 5 2 6 1 0 7 
327 5 3 6 0 7 2 4 
328 3 4 5 6 0 
329 7 4 1 2 
330 7 5 6 0 4 1 
331 5 4 3 1 
332 0 5 1 4 
333 3 4 7 1 2 
334 4 6 1 3 7 2 5 
335 1 0 
336 4 7 6 3 
337 3 6 7 5 4 
338 2 1 7 5 6 3 
339 4 5 0 1 
340 1 6 4 7 
341 5 3 6 0 7 2 4 
342 4 3 6 5 
343 6 0 1 
344 2 3 1 
345 4 7 6 3 
346 7 1 6 2 3 
347 2 5 4 7 0 1 
348 0 1 7 4 
349 7 4 2 3 1 
350 1 7 2 0 6 
351 0 2 5 4 3 
352 5 1 0 3 
353 2 5 4 7 0 1 
354 6 7 5 4 
355 4 5 1 
356 5 3 6 2 7 
357 3 5 7 1 4 
358 4 0 5 7 1 
359 1 6 7 4 2 
360 3 0 1 
361 4 3 1 5 
362 5 6 7 4 
363 3 6 5 
364 2 5 3 1 4 
365 4 6 7 
366 1 3 6 7 2 5 
367 6 4 7 
368 4 6 0 5 1 
369 4 0 1 
370 7 5 1 0 4 
371 6 7 0 4 1 
372 1 3 4 2 7 
373 7 6 5 3 1 4 
374 2 5 4 3 
375 2 1 0 3 4 
376 5 3 4 1 
377 0 4 5 3 6 
378 6 2 3 4 1 
379 5 4 0 7 1 
380 2 1 0 3 4 
381 6 2 3 4 1 
382 2 3 1 
383 0 5 4 7 1 
384 5 7 0 4 1 
385 3 4 6 0 5 1 
386 1 5 6 7 4 
387 0 4 7 1 2 
388 7 6 5 4 
389 1 2 3 
390 5 3 6 
391 4 6 0 7 3 
392 3 5 7 6 4 
393 6 5 3 1 4 
394 7 1 0 4 
395 5 6 4 7 
396 0 5 2 4 7 
397 1 7 2 0 6 
398 4 7 1 2 
399 0 4 7 1 2 
400 4 2 5 3 
401 7 4 3 5 1 
402 2 0 1 
403 4 7 6 3 
404 1 7 4 2 6 3 
405 5 0 1 
406 5 1 2 0 3 4 
407 6 5 4 7 0 1 
408 2 0 5 4 7 
409 4 5 1 
410 7 2 5 4 3 
411 2 5 7 1 4 
412 0 6 7 4 2 
413 7 5 1 4 
414 1 4 3 2 6 
415 0 2 6 1 7 
416 5 1 4 3 2 6 
417 2 1 6 7 3 
418 6 7 5 1 2 4 3 
419 4 5 0 7 1 
420 5 0 4 1 
421 2 3 6 4 1 
422 4 5 7 1 
423 0 7 4 2 6 3 1 
424 3 5 6 7 4 
425 4 7 5 1 2 3 6 
426 5 3 4 1 
427 3 6 5 1 4 
428 2 3 6 7 1 5 
429 4 5 0 1 
430 1 4 0 7 
431 6 3 2 7 
432 4 5 0 7 1 
433 4 0 5 2 7 
434 7 5 1 2 4 3 6 
435 6 5 1 4 
436 1 7 2 0 6 
437 7 3 6 2 4 1 
438 2 0 7 1 
439 2 1 0 7 4 
440 5 1 2 3 
441 0 5 3 2 1 4 
442 6 1 5 0 3 4 
443 5 0 2 4 7 
444 2 0 5 4 7 
445 6 5 4 3 2 0 
446 2 5 4 3 
447 0 5 1 4 
448 5 7 2 0 6 1 
449 2 4 7 1 
450 1 5 7 6 4 
451 0 5 3 2 1 4 
452 7 0 1 
453 1 2 5 4 3 
454 5 2 6 1 0 7 
455 4 3 1 5 
456 3 7 6 
457 7 4 2 3 1 
458 7 3 1 2 4 
459 5 4 0 7 1 
460 0 7 5 1 2 4 3 6 
461 3 7 5 2 4 
462 4 1 6 5 0 3 
463 1 4 3 5 
464 4 5 1 0 
465 7 1 6 5 0 3 4 
466 2 5 0 4 1 
467 4 6 5 3 1 
468 1 7 5 2 4 3 6 
469 5 6 0 4 1 
470 5 4 0 7 1 
471 6 0 1 
472 2 5 1 4 
473 4 0 1 
474 7 6 1 3 2 5 
475 2 3 6 7 1 5 
476 0 3 6 7 2 4 
477 7 5 6 4 
478 1 2 5 3 
479 0 7 1 
480 5 3 6 2 4 1 
481 2 6 7 4 
482 6 3 1 2 4 7 
483 4 1 2 5 3 
484 5 2 3 1 
485 2 3 4 1 7 
486 4 7 2 6 3 1 
487 0 4 6 5 1 
488 3 6 0 7 
489 4 6 0 5 1 
490 5 6 4 7 
491 3 2 6 1 0 7 
492 2 0 1 
493 4 1 7 5 2 6 3 
494 1 3 4 2 7 
495 6 2 3 4 1 
496 5 6 7 4 
497 4 0 7 1 
498 7 6 4 
499 6 7 4 
500 1 0 
501 7 6 5 3 1 4 
502 3 4 1 2 7 
503 2 0 1 
504 5 4 0 7 1 
505 0 4 5 7 1 
506 6 1 2 5 3 
507 5 6 3 1 4 
508 2 1 6 7 3 
509 6 1 2 5 3 
510 2 6 7 4 
511 0 2 6 1 7 
512 5 7 1 2 4 3 6 
513 2 7 6 4 1 
514 1 4 5 0 7 
515 0 5 4 3 2 
516 7 3 6 5 
517 1 4 0 5 7 
518 5 2 4 3 
519 4 3 2 1 
520 3 5 6 0 4 1 
521 7 0 1 
522 7 6 4 
523 5 7 6 4 1 
524 0 5 2 4 7 
525 3 6 7 4 
526 4 5 6 0 1 
527 1 4 2 3 7 
528 4 5 0 1 
529 7 3 6 2 
530 2 5 3 1 4 
531 4 6 7 5 
532 1 3 6 2 4 
533 5 7 2 4 
534 5 3 2 1 
535 6 7 4 
536 2 4 6 0 5 1 
537 4 1 6 2 7 3 
538 7 6 3 
539 2 3 6 7 1 5 
540 0 7 6 3 
541 7 1 4 3 2 6 
542 1 7 4 2 6 3 
543 0 3 1 2 7 
544 5 3 6 7 2 1 
545 2 7 0 6 1 
546 6 4 5 3 0 
547 4 7 6 1 
548 5 0 1 
549 2 6 7 4 
550 4 2 6 1 0 7 
551 0 5 7 1 4 
552 3 4 2 7 1 
553 4 3 2 1 
554 5 3 6 2 7 
555 3 5 4 2 0 
556 2 6 7 4 
557 4 1 3 2 6 
558 1 7 5 2 4 
559 6 0 7 1 
560 4 6 7 
561 4 7 2 6 3 1 
562 7 1 0 4 
563 6 1 4 3 2 
564 1 5 0 4 
565 7 5 4 0 1 
566 2 0 3 1 7 
567 2 3 6 7 1 5 
568 5 4 7 0 1 
569 0 6 7 5 4 
570 6 7 0 4 1 
571 5 7 0 4 1 
572 2 5 3 1 4 
573 6 3 2 1 
574 2 1 6 7 3 
575 0 1 7 4 
576 5 2 4 3 
577 2 7 6 3 
578 1 6 5 3 4 
579 0 6 7 3 
580 7 2 0 6 1 
581 1 3 6 2 7 
582 5 0 1 
583 4 5 1 0 
584 3 7 5 1 2 4 6 
585 7 3 4 1 2 
586 7 6 5 4 
587 5 2 6 1 0 7 
588 0 4 6 5 1 
589 3 1 6 2 7 
590 4 6 7 
591 1 7 2 0 6 
592 4 3 6 0 7 2 
593 7 4 0 5 1 
594 2 3 1 
595 4 5 6 0 1 
596 1 0 7 
597 5 7 1 4 
598 5 6 7 4 
599 6 7 4 
600 2 5 6 7 4 
601 4 3 1 2 7 
602 7 2 3 1 
603 2 6 1 3 7 5 
604 0 1 
605 7 5 3 2 1 4 
606 1 0 
607 0 4 3 5 1 
608 5 0 3 1 2 7 
609 2 3 6 4 1 
610 6 7 5 4 
611 4 6 0 7 3 
612 5 6 7 4 
613 2 5 7 6 4 
614 4 5 3 2 1 
615 0 1 6 2 7 3 
616 3 7 6 
617 4 2 5 3 
618 5 4 0 7 1 
619 3 0 1 2 7 
620 2 3 6 7 
621 4 7 0 1 
622 1 3 4 2 7 
623 6 7 5 1 2 4 3 
624 4 7 0 1 
625 4 2 6 1 0 7 
626 7 6 4 
627 6 2 1 0 7 
628 1 5 6 7 4 
629 7 5 2 4 
630 2 7 0 6 1 
631 2 3 1 
632 6 3 4 1 5 
633 0 5 6 7 4 
634 6 5 7 4 
635 6 3 2 7 
636 2 5 1 0 4 
637 6 4 7 5 1 
638 2 5 4 3 0 
639 1 5 7 4 
640 5 1 0 3 
641 2 6 7 4 
642 1 5 4 7 0 
643 0 6 7 4 
644 7 3 1 2 4 
645 1 7 4 2 6 3 
646 6 5 7 1 4 
647 6 3 7 2 1 5 
648 3 1 6 2 7 
649 7 2 3 4 1 
650 7 2 6 1 0 
651 6 3 7 2 1 5 
652 0 7 6 3 
653 3 1 4 2 6 
654 7 4 5 1 
655 1 3 6 5 
656 6 2 1 0 7 
657 7 1 2 5 3 
658 2 3 4 1 5 
659 7 4 0 5 1 
660 1 3 6 2 4 
661 6 4 0 7 1 
662 6 1 7 5 2 3 
663 6 2 3 1 
664 2 3 6 7 1 5 
665 7 3 2 1 
666 7 6 3 
667 2 0 5 4 7 
668 0 3 6 2 7 
669 7 4 5 3 6 0 
670 1 5 4 
671 0 1 6 5 3 4 
672 5 0 4 1 
673 3 6 7 4 
674 6 4 0 5 7 1 
675 7 4 0 5 1 
676 5 4 0 7 1 
677 3 4 1 2 7 
678 6 5 7 1 4 
679 0 3 4 1 2 7 
680 3 6 2 4 1 
681 4 3 6 0 7 2 
682 6 7 2 0 1 
683 3 4 5 1 
684 3 5 0 4 1 
685 4 2 7 3 1 
686 1 3 6 2 4 
687 6 1 2 0 3 4 
688 4 7 5 1 
689 4 1 0 7 
690 7 3 6 2 
691 6 0 3 1 2 7 
692 1 2 3 
693 7 2 3 1 
694 3 2 1 
695 3 4 5 0 7 1 
696 6 7 3 
697 0 3 4 1 5 
698 6 4 7 1 2 
699 6 7 2 0 1 
700 3 4 5 6 0 
701 6 1 0 7 4 
702 2 7 5 4 
703 0 7 4 2 6 3 1 
704 5 4 7 1 
705 3 1 7 5 2 6 
706 1 4 6 0 5 
707 0 6 7 3 
708 7 6 4 
709 1 6 7 4 2 
710 6 5 1 0 4 
711 6 1 3 7 2 5 
712 3 6 5 1 4 
713 7 1 0 3 
714 7 6 4 1 
715 6 7 5 2 4 
716 0 6 7 4 
717 3 2 5 4 
718 7 3 6 2 
719 1 6 7 4 
720 6 1 3 7 2 5 
721 7 0 5 2 4 
722 3 6 1 7 2 5 
723 7 4 2 3 1 
724 1 7 6 4 
725 6 4 0 5 7 1 
726 6 3 2 1 
727 6 4 7 5 1 
728 3 5 4 2 0 
729 7 2 0 6 1 
730 7 3 6 2 1 5 
731 2 6 7 4 
732 0 4 6 5 1 
733 7 5 6 4 
734 1 0 3 2 7 
735 0 3 2 1 
736 5 6 7 4 
737 0 3 2 1 
738 6 0 3 1 2 7 
739 7 6 4 2 
740 5 0 4 1 
741 3 1 2 0 4 
742 6 4 5 0 7 1 
743 0 1 7 4 
744 3 2 7 1 
745 4 5 6 0 1 
746 6 7 4 
747 3 2 4 1 
748 3 7 4 2 6 1 
749 4 1 6 2 7 3 
750 1 6 2 7 3 
751 6 7 0 4 1 
752 4 2 5 3 
753 4 2 3 1 
754 7 6 4 
755 6 0 7 3 
756 1 0 3 2 7 
757 7 0 1 
758 3 1 7 5 2 6 
759 3 2 1 
760 6 2 5 4 3 
761 0 2 3 1 
762 6 3 2 7 
763 6 3 4 1 2 7 
764 3 6 5 1 4 
765 6 5 4 3 2 0 
766 2 3 6 7 1 5 
767 0 5 6 4 1 
768 5 1 0 3 
769 3 2 5 4 
770 1 0 7 
771 0 3 1 2 7 
772 7 1 0 3 
773 1 5 7 4 
774 7 1 2 5 3 
775 6 1 0 3 
776 3 0 1 
777 7 3 1 2 4 
778 7 6 4 2 
779 6 5 3 2 1 4 
780 0 1 
781 3 4 1 5 
782 7 6 4 
783 1 2 0 3 4 
784 6 1 7 5 2 3 
785 7 2 6 1 0 
786 3 1 2 5 
787 7 6 0 3 
788 1 2 5 3 
789 6 3 5 
790 6 1 5 0 3 4 
791 6 7 4 1 
792 3 6 0 7 2 4 
793 7 5 0 4 1 
794 7 0 4 1 
795 2 5 4 3 
796 0 4 6 5 1 
797 7 3 2 1 
798 1 5 3 2 4 
799 0 2 6 1 7 
800 5 6 7 4 
801 3 4 7 5 1 
802 6 5 4 7 0 1 
803 7 5 4 0 1 
804 5 1 6 2 7 3 
805 3 4 1 2 7 
806 6 4 7 5 1 
807 0 6 7 5 4 
808 3 0 1 
809 4 5 7 6 
810 6 1 5 0 3 4 
811 3 1 2 4 7 
812 3 4 2 7 1 
813 4 5 7 1 
814 1 4 0 5 7 
815 6 2 5 4 3 
816 4 3 6 2 1 
817 4 1 2 5 3 
818 7 2 3 4 1 
819 6 5 0 4 1 
820 1 2 7 3 
821 7 6 4 2 
822 3 5 2 1 4 
823 3 4 5 0 7 1 
824 6 5 3 2 1 4 
825 0 6 5 3 1 4 
826 6 5 7 1 4 
827 6 3 5 
828 3 2 4 1 
829 6 3 4 1 5 
830 2 7 0 6 1 
831 0 6 7 4 2 
832 5 7 1 4 
833 1 3 6 7 2 5 
834 1 6 7 4 
835 0 1 
836 7 4 2 3 1 
837 1 3 2 
838 7 4 5 0 1 
839 6 4 7 1 2 
840 3 4 7 5 1 
841 7 2 3 1 
842 7 2 5 4 3 
843 6 5 0 4 1 
844 0 3 6 2 4 1 
845 3 0 1 
846 7 5 1 0 4 
847 1 2 5 4 3 
848 6 5 3 1 4 
849 7 5 3 2 1 4 
850 3 1 0 7 4 
851 6 7 5 2 4 
852 1 0 3 
853 6 1 2 7 3 
854 6 0 7 3 
855 6 7 5 2 4 
856 3 6 0 7 
857 4 5 3 2 1 
858 7 1 0 4 
859 2 7 4 6 3 1 
860 0 3 4 1 5 
861 6 4 0 7 1 
862 1 6 7 4 
863 0 3 6 7 2 1 5 
864 4 2 3 1 
865 3 7 4 2 6 1 
866 6 2 3 1 
867 4 5 0 1 
868 5 3 4 1 
869 3 4 5 0 7 1 
870 4 6 7 
871 1 5 4 
872 3 1 2 4 7 
873 4 7 5 1 2 3 6 
874 5 4 3 2 0 
875 3 6 2 7 
876 3 6 4 7 
877 4 6 7 
878 1 4 7 2 
879 6 1 7 5 2 3 
880 4 2 5 3 
881 5 6 1 3 7 2 
882 7 6 4 
883 6 1 2 5 3 
884 3 1 0 
885 7 1 6 5 0 3 4 
886 3 5 4 7 0 1 
887 3 4 0 7 1 
888 5 4 3 6 0 
889 0 7 4 1 
890 6 5 3 2 1 4 
891 5 1 2 3 
892 3 6 5 
893 7 2 5 4 3 
894 2 4 3 5 1 
895 0 7 4 1 
896 5 4 6 0 1 
897 3 6 4 7 
898 1 4 0 7 
899 0 5 6 7 4 
900 7 4 0 1 
901 0 1 6 5 3 4 
902 5 7 1 2 4 3 6 
903 5 4 3 6 0 
904 3 6 2 4 1 
905 7 1 0 3 
906 6 3 0 7 2 4 
907 5 3 2 1 4 
908 0 5 1 4 
909 3 1 0 
910 5 1 4 
911 1 2 5 4 3 
912 1 4 7 2 
913 3 4 7 5 1 
914 1 0 3 2 7 
915 4 0 7 1 
916 2 3 1 
917 5 0 1 
918 5 1 7 2 6 3 
919 0 1 2 3 4 
920 3 7 5 2 4 
921 3 5 6 0 4 1 
922 1 6 0 7 3 
923 2 1 4 3 6 
924 2 6 5 3 1 4 
925 7 1 0 4 
926 0 6 7 5 4 
927 0 6 7 4 
928 3 4 5 1 
929 3 6 7 2 1 5 
930 2 4 3 7 1 
931 1 0 5 2 4 7 
932 3 4 1 5 
933 3 6 7 2 1 5 
934 1 5 4 
935 0 5 6 7 4 
936 3 1 0 
937 1 7 5 2 4 3 6 
938 3 6 7 4 
939 3 0 1 
940 0 2 5 4 3 
941 1 5 4 
942 2 4 7 5 1 
943 1 2 7 3 
944 0 5 1 4 
945 1 7 4 2 6 3 
946 3 5 4 2 0 
947 0 6 5 3 1 4 
948 3 6 4 7 
949 1 2 0 3 4 
950 3 2 1 
951 3 4 2 7 1 
952 1 3 2 
953 0 1 2 5 3 
954 3 4 5 1 
955 0 7 4 2 6 3 1 
956 3 4 5 0 7 1 
957 0 5 6 7 4 
958 2 3 1 
959 0 6 1 3 7 2 5 
960 0 2 3 1 
961 3 5 1 0 4 
962 1 4 2 3 7 
963 0 2 5 4 3 
964 0 4 5 7 1 
965 1 0 3 
966 0 7 6 4 1 
967 1 7 2 0 6 
968 3 1 6 5 0 4 
969 3 1 0 
970 7 3 4 1 5 
971 5 1 0 4 
972 0 5 7 6 4 
973 3 6 7 4 
974 4 0 5 2 7 
975 1 7 5 2 4 
976 4 5 7 6 
977 7 6 4 
978 3 6 7 4 
979 4 5 1 0 
980 2 1 5 3 
981 5 1 6 2 7 3 
982 5 0 2 4 7 
983 6 2 5 4 3 
984 3 5 7 6 4 
985 5 4 7 0 1 
986 7 4 2 3 1 
987 2 1 6 5 0 3 4 
988 2 3 6 7 
989 6 0 7 3 
990 1 6 7 4 
991 0 6 7 4 
992 3 2 4 1 
993 3 5 4 2 0 
994 2 4 3 5 1 
995 3 6 5 
996 3 5 6 0 4 1 
997 3 1 2 4 7 
998 1 4 0 7 
999 0 2 3 4 1 
1000 3 4 1 5 
1001 0 7 2 6 1 
1002 3 4 5 1 
1003 1 6 7 4 2 
1004 0 3 1 2 7 
1005 1 3 4 5 
1006 2 0 3 1 7 
1007 1 6 3 7 2 5 
1008 0 3 1 2 4 7 
1009 1 5 7 6 4 
1010 3 4 7 5 1 
1011 0 1 7 5 2 6 3 
1012 3 7 6 4 1 
1013 1 6 7 4 
1014 3 4 5 6 0 
1015 1 5 0 4 
1016 1 4 0 7 
1017 0 5 1 4 
1018 3 6 0 7 2 4 
1019 0 7 6 3 
1020 0 1 2 3 4 
1021 1 6 2 7 3 
1022 2 6 4 7 
1023 0 4 2 3 7 1 
