0 3 1 2 5 6 
1 7 2 0 5 3 4 
2 3 0 6 7 
3 5 6 3 1 0 2 7 
4 1 6 5 3 
5 0 3 6 7 
6 0 6 3 1 2 7 
7 7 3 2 6 0 
8 5 6 7 
9 7 0 3 6 
10 3 1 4 5 
11 2 6 7 1 0 
12 4 0 1 3 6 
13 3 7 1 6 2 0 
14 1 6 5 7 0 
15 2 5 3 6 4 1 
16 4 0 3 1 2 6 
17 0 4 5 6 3 
18 6 7 0 1 
19 0 4 5 6 3 
20 2 5 6 7 4 1 
21 4 6 1 0 5 
22 0 3 2 1 7 6 
23 7 5 6 4 0 
24 5 7 6 1 0 
25 2 6 5 3 
26 6 5 4 
27 6 4 3 5 2 0 
28 4 1 3 5 
29 0 2 1 3 
30 0 3 
31 2 6 5 0 4 
32 3 4 1 5 0 
33 7 6 5 0 
34 3 7 1 2 6 
35 5 3 1 6 7 
36 1 3 7 2 6 0 
37 0 4 3 5 2 
38 0 3 6 1 2 5 4 
39 7 3 1 2 0 
40 5 6 3 
41 7 3 2 0 6 
42 3 0 1 6 
43 2 7 1 3 6 0 
44 4 0 5 6 1 
45 3 6 1 5 4 
46 1 2 0 7 6 
47 2 6 4 7 5 0 
48 4 3 2 1 5 
49 0 3 7 2 6 
50 6 1 3 4 5 
51 0 5 6 4 7 
52 2 0 3 
53 4 5 6 7 0 
54 0 4 2 5 3 
55 7 3 1 6 
56 5 6 4 7 2 
57 2 5 0 4 6 
58 6 5 3 1 
59 6 1 5 0 
60 4 0 3 1 2 6 
61 0 1 3 4 5 
62 0 5 4 6 
63 2 6 3 0 
64 3 4 0 5 6 1 
65 7 2 0 1 3 
66 3 6 1 5 4 
67 5 6 3 1 0 2 7 
68 1 5 3 6 4 2 
69 0 6 7 
70 0 3 1 2 6 
71 7 6 2 3 0 
72 5 7 1 3 6 2 0 
73 7 5 3 6 4 2 1 
74 3 7 1 6 2 0 
75 2 0 3 
76 4 6 7 3 0 
77 3 0 7 1 
78 1 6 5 0 
79 2 4 1 3 5 0 
80 4 2 5 3 0 
81 0 1 3 6 
82 6 3 1 0 2 7 
83 0 7 3 1 2 4 5 
84 2 0 1 3 
85 4 1 0 
86 0 7 1 3 6 2 
87 7 3 1 6 
88 5 1 6 4 0 
89 2 3 7 1 6 
90 6 4 5 3 
91 6 4 5 3 
92 4 3 2 1 5 
93 0 3 1 2 6 7 
94 0 6 2 3 
95 2 0 1 3 
96 3 7 0 6 1 
97 7 0 1 6 
98 3 6 1 2 5 4 
99 5 6 4 
100 1 6 3 5 4 
101 0 6 4 1 5 
102 0 3 2 7 6 
103 7 3 6 1 2 5 4 
104 5 6 7 1 0 
105 7 3 1 2 0 
106 3 0 1 6 
107 2 0 3 6 7 
108 4 6 7 1 0 
109 3 5 7 4 6 1 
110 1 7 3 6 2 0 
111 2 1 0 
112 4 1 3 5 
113 0 3 
114 6 4 5 3 
115 0 4 5 6 3 
116 2 1 3 4 5 
117 4 3 5 2 0 
118 0 3 2 7 6 
119 7 5 0 4 6 
120 5 0 3 1 2 6 
121 2 4 3 5 0 
122 6 1 2 3 0 
123 6 3 7 1 2 
124 4 5 1 6 0 
125 0 6 2 4 7 5 
126 0 4 5 6 3 
127 2 0 1 5 4 
128 3 5 6 4 7 0 
129 7 2 0 5 3 4 
130 3 5 6 4 
131 5 3 0 2 1 7 6 
132 1 6 5 7 0 
133 0 3 2 1 7 6 
134 0 4 5 6 3 
135 7 0 3 6 
136 5 6 7 1 0 
137 7 0 1 6 
138 3 7 2 6 0 
139 2 3 4 6 
140 4 0 1 6 7 
141 3 7 2 6 0 
142 1 5 6 4 7 0 
143 2 6 1 3 0 
144 4 5 6 3 
145 0 4 5 6 1 
146 6 1 0 
147 0 6 5 4 2 
148 2 0 1 6 7 
149 4 6 7 3 0 
150 6 1 0 
151 7 0 6 1 
152 5 0 3 1 2 6 
153 2 7 0 6 1 
154 6 0 1 7 
155 6 4 7 
156 4 1 0 
157 0 3 1 2 6 
158 0 6 4 5 7 2 
159 2 3 1 0 
160 3 6 1 5 4 
161 7 0 6 1 
162 3 0 1 2 6 7 
163 5 6 4 1 0 
164 1 5 6 7 4 
165 0 6 7 3 
166 0 7 6 1 
167 6 3 1 2 0 
168 5 6 4 7 0 
169 7 6 5 
170 3 6 1 5 4 
171 2 6 5 7 
172 4 3 0 1 2 6 7 
173 3 6 4 5 7 2 
174 1 6 2 3 7 
175 2 5 0 4 6 
176 4 3 5 2 0 
177 0 3 1 2 6 7 
178 6 5 7 4 1 
179 0 5 4 6 
180 2 4 1 3 5 0 
181 4 7 6 1 0 
182 0 6 4 5 7 2 
183 7 2 0 5 3 4 
184 5 1 2 3 6 
185 2 5 6 7 4 1 
186 6 1 3 4 5 
187 6 1 2 0 7 
188 4 3 7 2 6 0 
189 0 6 5 
190 1 7 0 6 
191 2 6 7 1 0 
192 3 0 2 1 7 6 
193 7 0 3 1 2 6 
194 3 6 5 0 4 2 
195 5 3 1 2 0 
196 1 4 3 5 0 
197 0 3 7 1 2 6 
198 0 6 1 2 3 
199 7 6 1 0 
200 5 2 0 1 3 
201 7 6 1 0 
202 3 1 4 5 
203 2 3 0 1 6 7 
204 4 0 1 6 7 
205 3 0 1 5 4 
206 1 2 0 3 
207 2 6 5 3 1 
208 4 6 5 0 
209 0 3 7 1 2 6 
210 6 2 3 0 
211 0 7 1 3 6 2 
212 2 5 3 6 4 1 
213 4 6 3 1 0 2 7 
214 0 1 3 4 5 
215 7 6 1 0 
216 5 0 4 7 1 
217 2 5 6 4 7 0 
218 6 4 1 0 5 
219 6 1 2 3 0 
220 4 6 2 7 5 0 
221 0 3 
222 0 5 7 4 6 1 
223 2 6 4 5 7 
224 3 0 7 1 
225 7 3 1 6 
226 3 2 0 5 4 
227 5 0 7 1 
228 1 3 4 5 
229 0 5 7 4 6 1 
230 1 0 
231 7 5 6 4 
232 5 6 4 7 2 
233 7 3 1 6 
234 3 6 1 5 0 
235 3 0 1 6 7 
236 4 2 5 3 0 
237 3 6 4 7 
238 1 6 5 7 0 
239 2 6 7 3 0 
240 4 6 1 3 5 
241 0 7 1 3 6 2 
242 6 4 3 2 1 5 
243 0 7 1 
244 2 4 3 1 5 
245 4 5 7 6 1 
246 0 6 5 
247 7 1 3 4 5 
248 5 0 3 6 7 
249 2 3 0 1 7 6 
250 6 7 3 1 2 4 5 
251 6 2 1 3 7 
252 4 6 7 
253 0 3 
254 0 3 
255 2 6 5 0 4 
256 3 1 7 6 
257 7 1 2 0 6 
258 3 0 
259 5 6 2 1 3 7 
260 1 0 7 
261 0 3 7 2 6 
262 0 5 3 6 4 2 1 
263 7 1 3 4 5 
264 5 0 4 7 1 
265 7 1 2 0 6 
266 3 1 6 7 
267 2 5 6 7 4 1 
268 4 5 6 3 
269 3 6 7 1 0 
270 1 6 7 0 
271 2 4 0 5 6 1 
272 4 3 2 1 5 
273 0 6 3 1 2 7 
274 6 4 0 5 1 
275 0 1 3 4 5 
276 2 7 5 6 4 1 
277 4 0 3 1 2 6 
278 0 4 5 6 1 
279 7 6 4 1 0 5 
280 5 6 1 2 3 0 
281 2 7 6 1 0 
282 6 5 0 4 7 1 
283 6 2 4 7 5 0 
284 4 5 1 6 0 
285 0 6 4 7 
286 0 7 5 6 4 1 
287 3 4 0 5 6 1 
288 3 7 6 1 0 
289 7 6 1 2 3 0 
290 3 6 1 0 2 7 
291 5 2 0 3 4 
292 1 0 3 6 
293 1 6 5 0 
294 0 4 3 5 2 
295 7 3 1 6 
296 5 6 7 4 1 
297 7 5 4 6 1 
298 3 5 6 7 4 1 
299 2 0 7 1 
300 4 5 1 6 0 
301 3 1 2 0 
302 1 3 4 5 
303 2 0 3 6 7 
304 4 5 6 7 1 
305 0 7 6 1 
306 6 3 1 7 
307 0 3 7 2 6 
308 2 6 4 5 7 
309 4 1 0 
310 0 7 3 1 2 4 5 
311 7 3 6 1 2 5 4 
312 5 3 6 1 2 4 
313 2 6 4 7 5 0 
314 6 3 4 
315 6 5 7 0 
316 4 1 2 5 3 6 
317 0 3 6 1 2 5 4 
318 0 4 2 5 3 
319 2 6 4 7 
320 3 0 1 5 4 
321 7 6 2 4 5 0 
322 3 2 0 7 6 
323 5 6 1 2 3 0 
324 1 3 0 2 6 7 
325 0 5 6 4 
326 0 6 2 1 3 7 
327 7 0 1 6 
328 5 6 7 4 1 
329 7 6 2 3 0 
330 3 6 1 2 5 4 
331 2 7 5 6 4 1 
332 5 0 3 6 7 
333 3 2 0 1 
334 1 0 7 
335 2 6 4 1 0 5 
336 4 6 7 3 0 
337 0 3 1 2 
338 6 7 1 0 
339 0 4 3 5 2 
340 2 3 1 6 7 
341 4 1 2 5 3 6 
342 0 4 5 6 3 
343 7 1 0 
344 5 1 3 4 
345 2 6 5 0 4 
346 6 0 1 3 
347 6 0 3 
348 4 3 1 7 6 
349 0 4 3 2 1 5 
350 0 3 2 7 6 
351 2 3 1 7 6 
352 3 6 4 7 
353 7 0 1 5 4 
354 3 0 1 6 
355 5 6 2 4 7 0 
356 1 2 0 3 
357 0 3 4 6 
358 0 7 5 6 4 1 
359 7 1 0 
360 5 7 6 4 1 
361 7 0 6 1 
362 3 5 0 4 7 1 
363 2 6 5 7 
364 4 1 3 5 0 
365 3 0 6 7 
366 1 6 4 5 7 2 
367 3 6 7 1 0 
368 4 1 3 5 
369 1 3 7 6 
370 6 1 3 4 5 
371 1 4 3 5 2 0 
372 3 6 1 2 0 
373 5 3 6 4 2 1 
374 1 3 0 2 6 7 
375 7 6 2 3 0 
376 5 6 1 3 4 
377 2 0 1 5 4 
378 6 1 2 3 0 
379 6 7 3 0 
380 4 7 3 1 2 5 
381 0 1 
382 0 5 2 4 6 
383 2 3 0 7 6 
384 3 6 1 5 4 
385 7 3 6 1 2 5 4 
386 3 6 5 1 
387 5 6 1 0 
388 1 2 5 3 6 
389 0 6 2 4 7 5 
390 0 4 1 3 5 
391 7 6 2 3 0 
392 5 3 1 6 7 
393 6 5 0 
394 3 4 1 5 0 
395 2 0 3 1 6 
396 4 3 2 0 7 6 
397 3 7 0 6 1 
398 1 2 5 3 6 
399 2 6 4 7 5 0 
400 4 5 2 0 6 
401 0 6 4 7 
402 6 5 7 4 1 
403 0 1 3 4 5 
404 2 6 3 0 
405 4 7 3 1 2 5 
406 0 2 1 3 
407 7 6 5 3 1 
408 5 2 0 4 6 
409 2 7 6 1 0 
410 6 1 3 5 4 
411 6 5 7 
412 5 6 7 
413 0 5 2 4 6 
414 0 5 7 4 6 1 
415 2 5 3 6 4 1 
416 3 4 6 
417 7 2 0 5 3 4 
418 3 0 1 2 6 7 
419 5 1 6 4 0 
420 1 3 2 0 7 6 
421 0 5 4 6 
422 0 3 1 2 
423 7 3 0 2 1 6 
424 5 1 0 
425 7 3 1 2 4 5 
426 3 4 5 6 
427 2 4 3 1 5 
428 4 2 0 1 3 
429 3 6 5 0 
430 1 6 5 0 
431 2 0 5 3 4 
432 4 1 2 5 3 6 
433 0 5 6 4 
434 6 7 0 1 
435 0 3 6 7 
436 2 0 1 3 
437 4 2 0 5 3 
438 0 6 5 3 
439 7 0 1 
440 5 0 4 7 1 
441 2 6 5 0 4 
442 6 5 0 
443 6 7 5 4 1 
444 4 1 2 5 3 6 
445 1 7 0 6 
446 0 1 
447 5 6 3 
448 3 5 2 0 4 6 
449 7 5 6 4 0 
450 3 0 1 2 6 
451 5 6 0 4 2 
452 1 6 3 0 2 7 
453 0 1 2 7 6 
454 0 4 3 2 1 5 
455 7 2 0 5 3 4 
456 5 6 3 
457 7 5 2 0 4 6 
458 3 1 4 5 
459 2 6 7 0 
460 4 6 5 0 2 
461 3 0 6 7 
462 1 7 3 6 2 0 
463 2 6 4 7 
464 4 2 5 3 0 
465 0 3 2 7 6 
466 6 3 1 7 
467 0 6 7 1 
468 2 4 3 5 0 
469 4 7 5 6 1 
470 0 6 4 1 5 
471 7 6 5 
472 5 6 4 7 
473 2 7 6 1 0 
474 6 4 7 
475 6 7 0 
476 4 5 2 0 6 
477 0 2 5 3 4 
478 0 6 2 3 
479 2 1 0 7 6 
480 3 7 5 6 4 1 
481 7 1 3 4 5 
482 3 6 5 7 
483 5 1 3 4 
484 1 3 7 2 6 
485 0 6 5 
486 0 6 5 3 1 
487 7 5 0 4 6 
488 5 6 0 
489 7 6 3 0 
490 3 5 2 0 4 6 
491 2 3 7 1 6 
492 4 6 7 1 0 
493 3 2 0 7 6 
494 1 6 7 0 
495 2 5 6 4 
496 4 1 2 0 7 6 
497 0 3 1 2 
498 6 5 4 
499 0 6 3 1 2 7 
500 2 3 7 1 6 
501 4 5 7 6 1 
502 0 4 1 3 5 
503 7 4 0 5 6 1 
504 5 3 7 2 6 0 
505 2 5 1 6 4 0 
506 6 4 1 3 5 0 
507 6 0 1 3 
508 4 1 0 
509 0 5 1 6 4 
510 0 4 2 5 3 
511 2 4 1 3 5 0 
512 3 7 1 2 4 5 
513 7 5 0 4 1 
514 3 6 5 7 0 
515 5 1 3 4 
516 1 6 2 3 7 
517 0 3 1 7 6 
518 0 5 6 4 7 
519 7 6 5 0 4 2 
520 5 0 4 6 
521 7 4 2 5 3 0 
522 3 7 5 6 4 1 
523 2 6 5 3 1 
524 4 6 5 3 1 
525 3 5 2 0 4 6 
526 1 3 0 2 7 6 
527 2 1 0 
528 4 6 2 1 3 7 
529 0 6 4 7 
530 6 4 1 0 5 
531 0 1 2 7 6 
532 2 3 6 1 5 4 
533 4 6 5 0 2 
534 0 6 7 
535 7 6 1 5 0 
536 5 3 2 0 7 6 
537 2 1 0 
538 6 0 3 
539 6 0 1 7 
540 4 3 5 2 0 
541 0 7 6 1 
542 0 3 2 7 6 
543 2 3 1 6 7 
544 3 5 0 4 7 1 
545 7 3 4 6 
546 3 6 5 
547 5 1 2 3 6 
548 1 3 6 2 5 4 
549 0 1 5 4 
550 0 1 3 4 5 
551 7 3 0 1 2 6 
552 5 6 1 0 
553 7 5 2 0 4 6 
554 3 5 7 4 6 1 
555 2 6 5 3 
556 4 7 6 1 0 
557 3 0 1 6 
558 1 5 3 6 4 2 
559 2 6 4 5 7 
560 4 0 7 1 
561 0 6 4 1 5 
562 6 4 7 
563 0 6 5 7 
564 2 3 7 1 6 
565 4 5 2 0 6 
566 0 3 7 2 6 
567 7 3 4 6 
568 5 6 3 
569 2 0 1 6 7 
570 6 1 0 
571 6 1 2 0 7 
572 4 6 1 5 0 
573 0 5 3 6 4 2 1 
574 0 7 3 1 2 4 5 
575 2 3 4 6 
576 3 4 2 5 0 
577 7 6 3 1 0 2 
578 3 6 2 0 
579 5 6 7 1 0 
580 1 6 5 7 0 
581 0 7 1 
582 0 6 7 3 
583 7 3 1 2 6 
584 5 7 6 1 0 
585 7 3 1 6 
586 3 6 1 2 0 
587 2 3 0 7 6 
588 4 5 7 6 1 
589 3 5 2 0 4 6 
590 1 3 7 6 
591 2 0 3 6 7 
592 4 5 2 0 6 
593 0 1 
594 6 4 5 3 
595 0 6 5 4 2 
596 2 1 5 3 6 
597 4 6 5 7 0 
598 0 1 5 4 
599 7 3 4 6 
600 5 7 6 4 1 
601 2 0 7 1 
602 6 7 0 
603 6 1 3 5 4 
604 4 3 6 1 2 5 
605 0 4 2 5 3 
606 0 3 1 2 6 7 
607 2 1 3 4 5 
608 3 6 1 5 4 
609 7 5 6 4 0 
610 3 5 0 4 7 1 
611 5 4 3 2 0 
612 1 6 3 5 4 
613 0 6 5 7 
614 0 6 1 3 5 4 
615 7 6 2 1 3 
616 5 4 0 6 1 
617 7 3 2 0 6 
618 3 0 1 2 6 
619 2 0 1 3 
620 4 6 5 3 1 
621 3 6 2 1 7 
622 1 0 3 6 
623 2 5 3 6 4 1 
624 4 5 0 7 1 
625 0 5 4 6 
626 6 5 0 
627 1 0 
628 2 6 1 3 7 
629 4 3 1 6 7 
630 1 0 
631 7 0 6 1 
632 5 1 3 4 
633 2 6 3 0 
634 6 5 4 7 0 
635 6 0 1 3 
636 4 0 1 5 
637 1 0 5 4 
638 1 5 3 6 4 2 
639 2 3 7 1 6 
640 3 4 6 
641 7 3 6 1 2 5 4 
642 3 6 1 2 5 4 
643 5 1 2 3 6 
644 1 5 6 4 
645 1 0 6 7 
646 1 4 3 2 5 
647 7 3 0 2 1 6 
648 5 3 7 1 2 6 
649 7 6 4 5 2 
650 3 7 1 2 4 5 
651 2 6 1 3 0 
652 4 5 0 7 1 
653 3 1 2 5 6 
654 1 6 7 0 
655 2 5 6 4 7 0 
656 4 5 0 7 1 
657 1 6 7 0 
658 6 5 3 4 2 1 
659 1 6 5 3 
660 2 3 4 6 
661 4 5 7 6 1 
662 1 3 0 2 6 7 
663 7 5 6 4 0 
664 5 0 1 4 
665 2 3 4 6 
666 6 1 2 3 0 
667 6 5 2 0 4 
668 4 3 5 2 0 
669 1 6 5 0 
670 1 6 5 0 
671 2 5 6 7 4 1 
672 3 6 7 0 
673 7 1 0 
674 3 5 0 4 6 
675 5 3 2 0 7 6 
676 1 6 5 7 
677 1 4 5 6 3 
678 1 5 6 4 0 
679 7 0 3 6 
680 5 6 2 1 3 7 
681 7 5 6 4 1 
682 3 1 2 0 7 6 
683 2 3 4 6 
684 4 3 1 2 0 
685 3 6 1 0 2 7 
686 1 5 0 4 6 
687 2 6 5 3 1 
688 4 3 0 2 1 7 6 
689 1 6 5 3 
690 6 5 0 4 2 
691 1 5 3 6 4 2 
692 2 1 0 7 6 
693 4 6 2 7 5 0 
694 1 3 2 0 
695 7 6 5 3 
696 5 1 0 
697 2 3 0 1 7 6 
698 6 7 5 4 1 
699 6 1 0 
700 4 6 1 5 0 
701 1 4 2 5 3 0 
702 1 6 2 3 0 
703 2 6 7 3 0 
704 3 7 1 2 4 5 
705 7 6 1 5 0 
706 3 4 2 5 0 
707 5 0 4 7 1 
708 1 0 5 4 
709 1 4 3 2 5 
710 1 4 3 5 2 0 
711 7 6 4 5 2 
712 5 6 3 
713 7 0 1 5 4 
714 3 6 5 1 
715 2 1 3 4 5 
716 4 0 3 
717 3 5 6 4 7 0 
718 1 5 0 4 7 
719 2 5 6 7 4 1 
720 4 7 6 1 0 
721 1 0 3 6 
722 6 7 0 
723 1 3 2 0 
724 2 7 3 1 4 5 
725 4 5 3 6 2 1 
726 1 6 4 7 
727 7 4 1 3 5 0 
728 5 6 7 4 1 
729 2 3 7 6 0 
730 6 1 5 0 
731 6 3 0 1 2 7 
732 4 6 7 1 0 
733 1 6 5 0 
734 1 4 2 5 3 0 
735 2 6 5 7 
736 3 6 2 4 7 5 0 
737 7 3 1 2 4 5 
738 3 4 5 6 
739 5 7 1 3 6 2 0 
740 1 5 6 4 
741 1 6 3 0 2 7 
742 1 4 3 5 2 0 
743 7 6 5 0 
744 5 6 4 1 0 
745 7 6 1 3 5 4 
746 3 6 5 7 
747 2 3 6 1 5 4 
748 4 5 1 6 0 
749 3 0 1 6 
750 1 7 3 6 2 0 
751 2 6 4 5 7 
752 4 3 6 
753 1 4 3 2 5 
754 6 1 3 4 5 
755 1 0 6 7 
756 2 3 0 1 7 6 
757 4 6 5 7 2 
758 1 7 3 2 4 5 
759 7 4 2 5 3 0 
760 5 6 4 7 2 
761 2 6 5 3 
762 6 2 3 0 
763 6 1 0 
764 4 3 1 2 0 
765 1 2 0 5 3 4 
766 1 3 7 2 6 
767 2 6 5 3 
768 3 7 1 2 6 
769 7 5 6 4 1 
770 3 1 4 5 
771 5 4 3 2 0 
772 1 0 5 4 
773 1 6 3 0 2 7 
774 1 2 0 7 6 
775 7 5 6 4 1 
776 5 6 4 1 0 
777 7 5 1 6 4 0 
778 3 1 6 7 
779 2 7 5 6 4 1 
780 4 0 7 1 
781 3 6 1 2 5 4 
782 1 5 0 4 6 
783 2 1 5 3 6 
784 4 0 3 
785 1 6 7 0 
786 6 5 1 4 0 
787 1 6 2 3 7 
788 2 5 6 4 
789 4 5 1 6 0 
790 1 5 6 4 7 0 
791 7 0 1 
792 5 6 3 
793 2 0 7 1 
794 6 3 1 7 
795 6 7 0 1 
796 4 5 6 3 
797 1 6 5 7 
798 1 3 6 7 
799 2 0 5 3 4 
800 3 5 0 4 6 
801 7 3 1 6 
802 3 1 4 5 
803 5 6 4 1 0 
804 1 5 6 4 0 
805 1 2 5 3 6 
806 1 6 3 5 4 
807 7 4 3 2 1 5 
808 5 4 1 3 0 
809 7 6 5 0 
810 3 6 7 0 
811 2 5 0 4 6 
812 4 1 0 
813 3 4 1 5 0 
814 1 7 5 6 4 
815 2 6 7 3 0 
816 4 6 5 3 1 
817 1 6 2 3 0 
818 6 1 3 5 4 
819 1 0 3 6 7 
820 2 3 6 1 5 4 
821 4 5 6 
822 1 6 5 0 4 2 
823 7 4 0 5 6 1 
824 5 4 0 6 1 
825 2 6 7 3 0 
826 6 4 3 2 1 5 
827 6 5 7 4 1 
828 4 6 2 7 5 0 
829 1 3 7 6 
830 1 0 6 7 
831 2 6 5 0 
832 3 0 1 2 6 
833 7 3 1 6 
834 3 7 1 6 2 0 
835 5 6 3 1 0 2 7 
836 1 6 2 3 0 
837 1 6 5 7 
838 1 6 4 0 5 
839 7 5 1 6 4 0 
840 5 1 0 
841 7 3 1 2 0 
842 3 6 1 0 2 7 
843 2 0 7 1 
844 4 3 7 2 6 0 
845 3 2 0 1 
846 1 6 5 7 0 
847 2 0 5 3 4 
848 4 0 7 1 
849 1 0 5 4 
850 6 5 3 
851 1 3 2 0 
852 2 6 4 5 7 
853 4 3 1 6 7 
854 1 2 0 7 6 
855 7 6 5 0 
856 5 6 2 4 7 0 
857 3 6 5 
858 6 4 1 0 5 
859 6 5 0 4 2 
860 4 3 0 1 2 6 7 
861 1 6 5 7 
862 1 2 0 5 3 4 
863 2 5 7 4 6 1 
864 3 6 7 0 
865 7 3 2 6 0 
866 3 1 4 5 
867 5 7 3 1 2 4 
868 1 6 2 3 0 
869 1 7 3 2 4 5 
870 1 0 3 2 6 
871 7 3 1 6 
872 5 4 2 3 0 
873 7 5 6 4 1 
874 3 7 5 6 4 1 
875 3 0 1 2 6 7 
876 4 0 5 6 1 
877 3 0 1 6 7 
878 1 3 0 2 7 6 
879 3 7 0 6 1 
880 4 1 3 5 0 
881 1 5 0 4 7 
882 6 0 3 
883 1 5 6 4 7 0 
884 3 4 0 5 6 1 
885 4 1 2 0 7 6 
886 1 6 2 4 7 5 0 
887 7 1 0 
888 5 6 7 3 0 
889 3 1 7 6 
890 6 5 7 0 
891 6 7 1 0 
892 4 3 0 1 2 6 7 
893 1 5 0 4 6 
894 1 5 0 4 6 
895 3 0 1 5 4 
896 3 4 6 
897 7 4 3 5 2 0 
898 3 6 5 0 4 2 
899 5 0 1 3 6 
900 1 6 7 0 
901 1 5 7 4 6 
902 1 6 4 0 5 
903 7 6 5 0 
904 5 1 3 4 
905 6 2 0 5 3 4 
906 3 0 1 5 4 
907 3 0 1 6 
908 4 6 2 1 3 7 
909 3 4 6 
910 1 3 6 7 
911 3 2 0 1 
912 4 2 5 3 0 
913 6 5 7 4 1 
914 6 1 2 3 0 
915 6 1 0 
916 7 3 1 2 6 
917 4 0 3 6 7 
918 6 3 0 2 1 7 
919 6 3 2 0 7 
920 5 1 0 
921 7 1 0 
922 6 4 7 
923 6 5 1 4 0 
924 4 3 2 1 5 
925 5 6 2 3 0 
926 5 6 1 0 
927 5 6 1 0 
928 6 4 1 3 5 0 
929 6 5 0 
930 4 7 6 1 0 
931 5 6 4 
932 6 3 1 7 
933 4 6 5 7 2 
934 5 2 0 1 3 
935 5 6 0 4 2 
936 5 0 3 
937 6 1 0 
938 5 6 3 
939 5 3 0 2 1 7 6 
940 4 6 7 
941 5 6 7 0 
942 7 6 0 
943 7 4 3 2 1 5 
944 5 0 4 7 1 
945 6 4 3 2 1 5 
946 6 4 2 5 3 0 
947 6 7 0 1 
948 7 6 2 4 5 0 
949 4 5 3 6 2 1 
950 6 3 7 2 0 
951 6 1 2 3 0 
952 5 0 3 6 7 
953 7 1 0 
954 6 1 2 5 3 
955 6 1 0 
956 4 0 3 1 2 6 
957 5 6 3 1 
958 5 0 4 7 1 
959 5 0 1 6 7 
960 6 4 1 0 5 
961 6 0 3 1 2 
962 5 3 1 2 0 
963 5 6 1 0 
964 6 7 1 3 2 0 
965 5 7 1 3 6 2 0 
966 5 6 2 3 0 
967 5 1 2 3 6 
968 5 3 6 4 2 1 
969 5 2 0 1 3 
970 5 7 1 3 6 2 0 
971 4 2 0 5 3 
972 4 6 7 3 0 
973 5 0 1 6 7 
974 7 3 0 1 2 6 
975 7 6 0 
976 4 5 0 6 
977 6 2 1 3 7 
978 6 5 4 
979 6 5 1 4 0 
980 7 6 2 1 3 
981 6 3 0 2 1 7 
982 6 5 7 4 1 
983 6 5 7 4 1 
984 5 6 7 0 
985 7 6 5 
986 6 4 0 5 1 
987 6 3 4 
988 4 7 6 1 0 
989 7 3 2 6 0 
990 5 1 2 0 7 6 
991 5 6 4 
992 6 7 0 1 
993 6 5 2 0 4 
994 4 1 3 5 0 
995 5 1 2 0 7 6 
996 6 4 0 5 1 
997 4 3 7 2 6 0 
998 5 6 7 3 0 
999 5 6 2 4 7 0 
1000 5 3 7 1 2 6 
1001 5 6 0 
1002 5 6 3 1 0 2 7 
1003 4 6 7 
1004 4 6 5 0 
1005 5 0 1 3 6 
1006 7 1 3 6 2 0 
1007 7 6 2 1 3 
1008 4 3 0 2 1 7 6 
1009 6 7 3 1 2 4 5 
1010 6 3 1 7 
1011 6 7 3 0 
1012 7 5 6 4 1 
1013 6 5 3 1 
1014 6 1 3 4 5 
1015 6 0 3 1 2 
1016 5 6 2 1 3 7 
1017 7 6 0 
1018 6 5 4 
1019 6 0 3 
1020 4 0 5 6 1 
1021 7 0 3 
1022 5 6 7 0 
1023 5 6 7 0 
