0 5 0 7 3 2 4 
1 4 1 6 0 
2 7 0 6 4 5 
3 2 4 7 6 0 5 
4 7 3 4 
5 4 6 7 5 
6 7 1 6 0 4 
7 4 7 6 3 0 
8 7 2 1 0 3 
9 6 4 5 7 3 0 
10 1 6 5 4 
11 5 0 7 3 2 4 
12 5 7 3 6 0 4 
13 2 4 6 5 7 3 0 
14 1 2 0 
15 5 7 0 6 1 
16 6 2 7 3 0 4 
17 4 2 1 0 3 
18 1 7 6 0 4 
19 6 7 1 4 0 
20 5 7 3 6 0 4 
21 3 2 7 0 4 5 
22 0 7 6 2 3 4 
23 6 1 4 0 
24 7 2 0 
25 6 2 3 0 
26 3 7 0 6 1 5 
27 0 4 3 7 5 
28 0 4 3 7 5 
29 3 7 4 6 5 0 
30 2 6 5 4 
31 7 4 6 5 0 
32 7 2 3 0 5 4 
33 0 7 1 6 4 
34 2 5 7 3 0 
35 2 1 0 
36 2 7 3 6 0 4 
37 2 3 0 
38 2 4 7 6 0 5 
39 2 6 7 3 4 
40 4 1 2 3 0 
41 5 6 7 4 
42 4 2 6 0 
43 7 4 5 0 3 
44 7 1 2 3 0 
45 3 2 0 1 
46 6 2 7 0 3 4 5 
47 2 7 3 0 4 
48 7 2 0 3 4 5 
49 5 7 1 0 4 
50 0 7 6 1 5 
51 5 1 0 
52 2 7 0 6 4 5 
53 3 7 4 6 1 0 
54 6 7 1 0 4 
55 0 1 
56 1 7 4 6 0 
57 0 2 7 3 4 5 
58 5 7 6 1 0 3 
59 7 3 6 4 2 
60 7 2 0 3 4 5 
61 7 2 3 0 
62 6 7 3 5 4 
63 1 5 0 4 
64 5 7 1 6 4 0 
65 4 7 6 3 0 
66 7 4 6 5 
67 2 7 6 3 4 5 
68 7 3 6 4 2 
69 4 7 5 6 0 
70 6 1 2 0 
71 4 7 1 2 3 5 0 
72 7 4 6 5 
73 6 1 2 0 
74 1 2 0 3 
75 5 6 7 4 
76 5 7 6 4 0 
77 2 1 3 0 
78 1 6 7 5 4 
79 5 4 2 7 0 3 
80 6 1 0 
81 4 1 0 
82 1 7 0 4 
83 6 4 7 2 1 
84 5 2 3 7 0 4 
85 3 7 1 6 0 4 
86 0 2 3 
87 6 2 0 
88 6 7 0 1 5 
89 6 7 5 4 0 
90 3 5 0 1 4 
91 0 2 3 
92 0 7 1 6 3 5 
93 3 7 4 6 5 0 
94 2 1 3 0 
95 7 2 3 0 
96 7 2 0 
97 0 4 6 5 7 3 
98 2 1 0 
99 2 5 4 
100 2 7 0 3 4 5 
101 2 4 5 0 3 
102 2 3 7 0 5 4 
103 3 7 1 6 0 5 
104 4 7 6 1 5 
105 5 1 6 4 0 
106 4 5 2 3 
107 7 4 2 3 1 5 
108 7 1 4 2 3 5 0 
109 3 7 6 5 
110 7 4 5 2 3 
111 2 7 6 1 0 3 5 
112 7 5 4 2 3 0 
113 5 4 6 7 3 0 
114 0 4 7 6 1 5 
115 5 4 7 6 1 
116 2 4 6 7 1 
117 3 4 7 6 0 
118 6 2 3 0 
119 0 2 3 
120 1 5 7 6 4 0 
121 0 7 4 6 5 
122 5 7 1 6 0 3 
123 7 6 1 0 4 
124 6 3 2 0 1 
125 7 2 6 0 4 
126 6 1 0 
127 1 7 0 6 4 5 
128 5 4 7 6 0 
129 4 7 1 2 3 5 0 
130 7 4 2 3 1 5 
131 2 7 6 1 0 4 
132 7 1 6 0 4 
133 4 7 6 2 3 0 
134 6 7 4 1 0 
135 4 7 1 6 0 
136 7 1 4 2 3 5 0 
137 6 1 0 
138 1 2 0 
139 6 7 5 0 4 
140 5 7 3 6 4 2 
141 2 4 5 3 
142 1 6 4 0 
143 4 7 6 1 5 
144 7 6 5 4 
145 4 6 5 
146 1 7 6 0 3 5 
147 6 7 3 4 5 
148 4 5 2 7 0 3 
149 3 7 6 1 0 5 
150 0 7 6 4 5 
151 6 7 0 4 5 
152 6 2 1 0 3 
153 6 4 5 2 3 
154 3 4 2 0 
155 0 1 6 4 
156 0 7 5 6 4 
157 3 7 6 0 4 
158 2 1 0 3 
159 7 1 4 2 3 5 0 
160 7 2 3 0 
161 0 5 7 3 
162 2 6 3 4 
163 2 1 7 6 0 5 
164 2 7 6 3 5 
165 2 1 7 6 0 5 
166 3 7 6 5 4 
167 0 4 6 5 7 3 
168 4 7 1 6 0 
169 5 3 2 0 1 
170 4 2 3 0 
171 7 4 6 3 0 
172 7 4 6 5 0 
173 3 5 4 7 2 0 
174 6 2 1 0 3 
175 2 7 5 6 4 0 
176 5 7 6 4 0 
177 5 1 0 
178 0 5 7 3 
179 5 2 3 0 
180 2 4 3 7 5 0 
181 3 7 6 5 4 
182 6 7 2 3 0 4 
183 0 5 4 
184 1 2 0 
185 0 6 7 5 4 
186 7 6 3 5 4 
187 7 2 0 
188 4 2 7 3 0 
189 6 5 7 4 0 
190 4 2 0 
191 1 2 6 0 4 
192 5 2 3 0 
193 4 1 6 0 
194 7 5 0 4 3 
195 2 0 7 3 4 
196 7 6 3 5 4 
197 4 7 6 5 
198 6 1 2 0 
199 4 7 5 6 0 
200 6 5 7 0 4 3 
201 6 5 0 1 4 
202 3 4 2 0 
203 5 7 0 4 3 
204 3 4 7 6 5 
205 2 7 6 3 5 
206 1 5 7 6 4 0 
207 5 7 1 4 2 3 0 
208 6 4 0 5 
209 4 7 6 3 5 
210 1 7 4 2 3 5 0 
211 6 4 7 5 
212 5 7 4 6 0 
213 3 7 0 6 4 5 
214 0 2 6 4 
215 6 2 3 7 0 5 4 
216 6 4 0 5 
217 6 5 4 2 7 0 3 
218 3 6 5 4 
219 0 2 6 4 
220 0 5 4 7 2 3 
221 3 7 4 
222 3 7 1 6 4 0 
223 7 0 6 1 5 
224 7 4 6 1 0 
225 0 7 1 4 2 3 5 
226 6 7 1 0 4 
227 2 7 4 6 1 0 
228 2 7 0 3 4 5 
229 3 4 7 6 0 5 
230 2 5 4 7 3 0 
231 2 4 5 0 3 
232 4 7 6 0 5 
233 5 1 0 
234 4 5 2 3 
235 7 5 4 
236 7 6 1 0 4 
237 3 4 2 0 
238 6 0 2 3 5 4 
239 1 4 2 0 
240 7 4 5 0 3 
241 5 3 2 0 1 
242 0 7 6 3 5 
243 4 6 5 
244 2 5 4 7 0 3 
245 3 2 7 0 5 4 
246 6 7 1 0 3 5 
247 0 4 2 7 3 1 5 
248 1 7 3 6 4 2 
249 1 4 6 5 7 0 
250 4 7 6 1 0 
251 4 6 5 7 3 0 
252 6 4 2 7 3 1 5 
253 7 4 3 5 0 
254 6 2 3 4 
255 1 7 6 3 4 5 
256 5 0 1 4 
257 6 4 3 7 5 0 
258 1 0 2 3 5 4 
259 2 1 0 
260 7 0 6 4 5 
261 4 2 0 3 5 
262 6 7 1 0 3 5 
263 3 7 1 6 0 5 
264 7 4 6 5 0 
265 6 4 5 7 3 0 
266 1 4 0 5 
267 5 0 2 3 4 
268 5 7 0 4 3 
269 2 4 7 6 5 
270 1 7 0 4 
271 5 7 4 6 0 
272 6 4 2 0 
273 4 2 6 0 
274 1 4 6 5 7 0 
275 6 2 3 0 
276 5 6 7 3 4 
277 3 5 7 0 4 
278 1 7 6 3 5 4 
279 4 7 1 0 
280 4 5 0 1 
281 6 5 4 2 7 0 3 
282 3 4 7 6 0 
283 0 4 2 
284 0 2 1 3 
285 3 2 0 1 
286 2 1 0 
287 7 4 6 0 5 
288 7 1 0 
289 0 7 6 4 5 
290 6 5 4 
291 2 7 3 4 
292 3 4 2 7 1 5 
293 2 7 5 6 4 0 
294 2 7 6 1 0 4 
295 2 7 3 0 4 
296 4 5 2 3 7 0 
297 5 4 7 6 1 
298 4 7 6 5 0 
299 7 6 1 0 3 5 
300 7 6 1 0 4 
301 3 4 7 5 0 
302 6 4 3 7 5 0 
303 2 1 0 3 
304 7 4 6 1 0 
305 4 1 6 0 
306 0 7 1 6 4 
307 5 2 7 3 0 4 
308 3 7 6 4 5 
309 3 4 0 5 
310 6 7 5 4 0 
311 0 4 7 6 1 5 
312 1 4 0 5 
313 0 3 2 1 
314 0 2 
315 7 1 0 
316 6 5 2 3 7 0 4 
317 7 4 6 0 5 
318 7 1 0 
319 1 5 7 0 4 3 
320 6 5 4 
321 4 2 0 
322 7 5 0 1 4 
323 0 2 6 4 
324 6 4 5 7 0 
325 6 4 7 1 5 
326 1 7 3 6 0 4 
327 4 6 7 5 
328 7 4 5 0 3 
329 6 4 3 7 5 0 
330 3 2 0 4 5 
331 3 4 6 7 2 1 
332 3 7 6 1 0 5 
333 1 5 7 0 4 3 
334 1 5 2 3 7 0 4 
335 6 2 3 0 
336 6 2 7 0 3 4 5 
337 4 6 7 2 1 
338 1 7 0 4 
339 6 5 4 
340 5 7 0 6 4 
341 1 7 6 0 3 5 
342 0 5 4 7 2 3 
343 6 1 0 
344 6 4 5 0 3 
345 7 5 4 
346 1 4 7 6 5 
347 1 7 6 2 3 0 4 
348 0 4 5 
349 3 6 7 4 
350 2 1 6 4 0 
351 7 1 0 4 
352 7 6 3 5 
353 0 2 1 3 
354 2 7 1 0 4 
355 5 1 2 0 
356 2 4 6 5 7 3 0 
357 2 5 4 7 3 0 
358 2 1 0 
359 0 2 3 
360 4 5 2 7 0 3 
361 5 7 6 1 0 3 
362 7 4 6 5 0 
363 2 4 7 3 1 5 
364 2 4 3 7 5 0 
365 3 4 7 6 1 5 
366 6 7 4 1 0 
367 5 7 0 6 1 
368 5 4 7 6 0 
369 5 7 6 1 0 4 
370 0 3 2 1 
371 5 7 3 0 
372 2 7 4 6 5 0 
373 3 1 0 
374 7 1 0 
375 0 1 2 3 
376 1 2 0 
377 0 2 7 3 4 
378 5 0 2 3 4 
379 7 1 4 2 3 5 0 
380 4 6 7 2 1 
381 6 7 3 5 
382 4 7 3 
383 1 4 2 7 3 5 
384 5 4 0 3 
385 0 7 1 6 4 
386 7 0 6 1 5 
387 2 7 3 6 4 
388 7 5 6 4 0 
389 4 2 7 3 0 
390 6 4 5 7 3 0 
391 6 7 1 0 3 5 
392 7 6 5 4 
393 6 0 2 3 5 4 
394 1 4 6 5 7 0 
395 5 1 2 3 0 
396 6 0 7 3 2 4 
397 2 4 7 6 5 
398 1 4 7 6 5 
399 3 4 7 5 0 
400 0 7 3 4 
401 3 5 0 1 4 
402 1 4 3 7 5 0 
403 0 7 4 6 1 
404 1 6 7 5 4 
405 3 4 5 0 
406 0 4 7 6 5 
407 0 2 7 3 4 
408 2 7 6 3 5 
409 5 7 3 6 4 2 
410 3 1 7 6 0 5 
411 7 6 3 4 
412 4 7 6 1 0 
413 1 7 6 0 4 
414 2 4 7 6 5 
415 7 1 0 
416 7 4 2 0 
417 0 4 7 6 1 5 
418 2 5 4 
419 2 1 7 6 0 5 
420 4 2 7 3 1 5 
421 2 0 3 5 4 
422 7 1 4 2 3 5 0 
423 5 1 2 3 0 
424 2 4 3 7 5 0 
425 5 4 
426 4 6 7 2 1 
427 4 2 6 3 
428 7 4 5 0 3 
429 0 2 3 4 5 
430 6 1 2 3 0 
431 1 7 6 0 3 5 
432 3 1 7 6 0 5 
433 5 7 1 6 0 3 
434 4 7 3 6 0 
435 3 7 0 6 1 5 
436 2 0 3 4 5 
437 4 5 2 3 7 0 
438 6 5 7 0 4 3 
439 2 6 7 5 4 
440 0 2 1 3 
441 4 7 6 5 0 
442 7 4 6 2 1 
443 0 2 3 7 5 4 
444 6 7 1 0 3 5 
445 7 0 2 3 5 4 
446 6 7 2 3 0 4 
447 1 0 7 3 2 4 
448 5 0 7 3 2 4 
449 4 5 2 7 0 3 
450 4 7 1 6 0 
451 2 0 3 5 4 
452 7 1 6 0 5 
453 4 7 1 6 0 3 5 
454 5 0 2 3 4 
455 4 5 2 7 0 3 
456 7 5 6 4 0 
457 5 7 3 0 
458 1 7 6 0 4 
459 5 7 1 6 0 4 
460 4 2 7 0 3 5 
461 2 0 
462 1 7 0 4 
463 5 0 7 3 2 4 
464 6 4 5 7 3 0 
465 4 7 1 6 0 3 5 
466 1 0 
467 6 7 0 4 5 
468 5 4 2 0 
469 3 7 6 0 4 
470 0 2 6 4 
471 7 2 3 0 4 
472 6 7 4 5 0 
473 6 7 0 4 5 
474 3 1 2 0 
475 0 7 6 1 5 
476 0 7 6 2 3 4 
477 3 5 4 7 2 0 
478 2 7 3 6 0 4 
479 7 4 0 5 
480 7 4 5 0 3 
481 0 1 
482 2 6 0 4 
483 2 7 1 6 4 0 
484 2 4 7 6 3 0 
485 2 7 0 6 4 5 
486 2 5 7 0 4 3 
487 2 7 6 1 0 4 
488 5 7 6 2 3 0 4 
489 5 4 0 3 
490 4 2 3 7 0 5 
491 7 2 0 3 4 5 
492 7 1 2 0 
493 3 7 5 6 4 0 
494 6 7 1 0 3 5 
495 3 7 6 0 4 
496 7 5 6 4 0 
497 5 4 0 
498 0 4 7 6 1 5 
499 5 4 7 6 3 0 
500 2 7 6 3 0 4 
501 3 5 7 6 4 0 
502 5 4 2 7 3 1 
503 0 2 
504 1 5 0 4 
505 0 1 
506 5 7 6 1 0 3 
507 7 3 4 
508 6 7 1 0 3 5 
509 7 2 0 3 4 5 
510 6 4 2 0 
511 1 4 7 6 5 
512 5 4 7 6 3 0 
513 4 5 2 3 
514 7 4 3 5 0 
515 2 5 7 6 4 0 
516 7 3 4 
517 4 5 2 3 
518 6 7 5 4 0 
519 4 3 7 5 0 
520 7 2 0 3 4 5 
521 6 7 3 5 
522 1 4 0 5 
523 5 4 7 2 3 0 
524 5 1 7 6 0 
525 2 5 4 7 0 3 
526 1 7 6 4 0 
527 5 7 1 4 2 3 0 
528 6 7 1 0 3 5 
529 4 5 2 3 
530 1 2 3 0 
531 6 7 1 0 4 
532 5 1 0 
533 3 7 5 6 0 4 
534 0 5 4 
535 6 7 1 0 4 
536 6 1 4 0 
537 6 5 2 3 7 0 4 
538 3 7 1 0 4 
539 0 3 2 1 
540 0 7 6 3 5 
541 3 5 0 1 4 
542 2 3 0 
543 7 2 3 0 5 4 
544 7 6 3 4 
545 0 4 7 6 5 
546 2 1 0 3 
547 2 5 3 7 0 4 
548 2 7 1 6 4 0 
549 2 4 5 0 3 
550 2 5 7 3 0 
551 2 3 7 0 5 4 
552 4 2 1 0 3 
553 5 7 6 0 4 
554 4 5 0 1 
555 7 5 4 2 3 0 
556 7 1 2 0 
557 3 7 6 1 0 4 
558 6 4 5 0 3 
559 2 1 0 
560 7 4 6 5 0 
561 5 1 7 6 0 
562 0 5 1 4 
563 5 7 6 4 0 
564 2 5 0 1 4 
565 3 2 0 
566 6 7 0 1 5 
567 0 1 
568 1 7 3 6 0 4 
569 0 4 6 5 7 
570 5 2 0 
571 7 6 3 4 5 
572 6 4 5 2 3 
573 7 6 5 4 
574 6 7 1 4 0 
575 1 7 3 4 
576 5 2 7 0 3 4 
577 4 1 0 
578 7 6 1 0 3 5 
579 2 3 0 
580 7 2 3 0 
581 4 3 2 0 1 
582 6 7 1 0 4 
583 4 5 2 7 0 3 
584 7 5 0 1 4 
585 6 7 1 0 4 
586 1 2 0 3 
587 5 2 3 0 
588 5 7 6 4 0 
589 2 7 4 6 5 0 
590 1 5 2 3 7 0 4 
591 5 4 2 7 3 1 
592 6 1 0 
593 4 7 1 0 
594 1 7 6 0 4 
595 6 4 2 7 3 1 5 
596 5 4 7 6 1 
597 3 2 0 4 5 
598 0 7 6 4 5 
599 6 7 3 4 2 
600 6 4 2 7 3 1 5 
601 6 7 0 4 5 
602 3 1 7 6 0 5 
603 0 4 6 5 7 3 
604 0 1 2 
605 3 6 7 4 
606 2 5 0 1 4 
607 4 7 3 6 2 
608 4 2 6 3 
609 0 1 2 3 
610 2 5 7 0 4 3 
611 0 7 3 4 
612 2 3 0 1 
613 2 6 7 3 4 
614 2 0 7 3 4 
615 2 5 3 7 0 4 
616 5 4 
617 5 4 6 7 2 1 
618 4 7 6 3 5 
619 7 5 4 
620 7 4 6 5 0 
621 3 7 4 
622 6 7 3 4 5 
623 2 7 3 4 
624 7 4 0 5 
625 5 7 3 0 
626 0 1 2 
627 5 7 6 3 
628 2 1 0 
629 3 4 7 5 0 
630 6 1 7 0 5 
631 0 4 5 
632 1 7 6 3 5 4 
633 0 4 7 6 5 
634 5 7 1 6 0 3 
635 7 1 6 0 5 
636 6 5 7 0 4 3 
637 7 6 1 0 3 5 
638 6 0 2 3 5 4 
639 1 2 3 7 0 5 4 
640 5 4 
641 4 1 0 
642 7 4 6 5 3 0 
643 3 2 7 0 4 
644 7 6 3 4 5 
645 4 7 6 1 0 
646 6 5 4 
647 6 5 0 1 4 
648 7 5 3 0 
649 6 4 7 3 0 
650 1 6 5 4 
651 5 4 
652 5 2 0 
653 2 0 7 3 4 
654 1 2 0 3 
655 5 7 6 4 0 
656 6 7 5 0 4 
657 4 5 2 3 
658 1 7 6 2 3 0 4 
659 7 5 4 2 0 3 
660 5 1 2 3 0 
661 3 7 6 4 5 
662 0 2 3 7 5 4 
663 6 5 4 
664 6 0 7 3 2 4 
665 6 1 2 3 0 
666 3 7 4 
667 0 5 1 4 
668 0 7 4 6 5 
669 3 7 6 5 4 
670 2 6 7 3 4 
671 7 1 0 4 
672 7 5 2 3 0 4 
673 0 2 3 
674 2 7 3 6 4 
675 2 7 1 0 4 
676 2 6 7 5 4 
677 2 4 7 6 5 
678 2 1 6 4 0 
679 2 0 
680 4 7 6 1 0 
681 5 2 3 7 0 4 
682 4 7 1 0 
683 7 0 2 3 5 4 
684 7 0 6 1 5 
685 3 5 2 7 0 4 
686 6 5 7 4 0 
687 2 7 6 3 0 4 
688 7 3 2 0 1 
689 5 7 6 3 4 
690 0 1 
691 5 7 6 4 0 
692 2 7 6 3 5 4 
693 3 2 1 0 
694 6 4 7 5 
695 0 6 7 3 4 
696 1 7 6 0 5 
697 0 7 1 6 4 
698 5 7 3 0 
699 7 4 6 0 5 
700 6 4 2 0 
701 7 4 6 5 3 0 
702 6 7 3 4 
703 1 4 2 0 
704 5 4 
705 4 7 3 6 0 
706 7 4 6 2 1 
707 2 3 0 1 
708 7 0 6 4 5 
709 4 1 0 
710 6 7 3 4 5 
711 4 2 7 3 1 5 
712 7 5 6 4 0 
713 6 5 4 2 7 0 3 
714 1 4 7 6 0 5 
715 5 7 6 0 4 
716 5 7 6 2 3 0 4 
717 2 6 7 3 4 
718 1 2 6 3 4 
719 5 7 4 6 1 0 
720 6 2 7 3 0 4 
721 4 2 3 0 
722 1 2 0 3 4 5 
723 6 1 7 0 5 
724 5 2 0 3 4 
725 3 2 7 0 4 
726 0 7 6 3 5 4 
727 6 2 3 4 
728 6 7 3 4 
729 6 7 2 3 0 4 
730 3 7 4 
731 0 7 3 2 4 
732 0 5 7 4 3 
733 3 2 7 0 4 
734 2 4 6 7 1 
735 7 2 6 3 4 
736 7 6 3 5 4 
737 3 4 6 7 2 1 
738 2 7 5 6 4 0 
739 2 5 7 3 0 
740 2 4 7 6 3 0 
741 2 3 7 0 5 4 
742 2 7 0 6 1 5 
743 2 7 1 6 0 4 
744 4 2 7 3 0 
745 4 5 2 3 
746 4 7 6 3 5 
747 7 6 3 4 
748 7 6 3 4 5 
749 3 7 6 1 0 5 
750 6 1 0 
751 2 1 0 
752 7 2 0 3 4 5 
753 5 7 6 3 
754 0 7 5 6 4 
755 5 7 6 4 0 
756 2 3 0 
757 3 7 4 
758 6 4 0 5 
759 2 6 0 4 
760 1 4 2 7 3 5 
761 0 7 5 6 4 
762 5 4 2 7 3 1 
763 7 4 6 5 0 
764 6 4 7 3 0 
765 7 2 3 0 
766 6 7 4 1 0 
767 1 7 0 6 5 
768 4 2 0 
769 4 0 7 3 2 
770 7 5 2 3 0 4 
771 2 5 7 0 4 3 
772 7 5 4 2 3 0 
773 4 1 6 0 
774 6 7 3 5 
775 4 7 1 6 0 
776 7 5 4 2 0 3 
777 6 2 0 
778 3 5 4 2 7 0 
779 5 1 0 
780 4 7 5 6 0 
781 3 4 5 0 
782 1 7 3 6 0 4 
783 5 4 7 6 1 
784 6 4 2 7 3 1 5 
785 4 7 1 2 3 5 0 
786 1 5 2 3 7 0 4 
787 6 7 1 4 0 
788 5 4 6 7 0 
789 3 6 5 4 
790 0 7 6 4 5 
791 6 7 4 5 0 
792 6 4 7 2 1 
793 6 4 7 0 5 
794 3 7 6 4 5 
795 0 2 3 
796 0 7 4 6 1 
797 3 4 7 6 1 5 
798 2 7 0 3 4 5 
799 4 5 7 6 0 
800 7 4 2 0 
801 3 7 6 5 
802 2 4 7 6 5 
803 3 2 6 4 
804 2 7 4 6 5 0 
805 2 1 0 
806 2 6 5 4 
807 2 4 7 6 1 5 
808 4 2 3 0 
809 4 7 1 6 0 
810 4 6 5 7 0 
811 7 4 6 0 5 
812 7 3 2 0 1 
813 3 1 2 0 
814 4 5 
815 2 3 7 0 5 4 
816 5 1 6 4 0 
817 5 0 7 3 2 4 
818 0 5 7 3 
819 5 7 1 0 4 
820 2 4 6 7 1 
821 3 5 7 0 
822 5 2 3 0 
823 2 7 3 6 4 
824 1 5 7 3 0 
825 0 4 7 6 5 
826 5 7 1 0 4 
827 4 7 6 3 0 
828 4 7 6 3 5 
829 4 0 7 3 2 
830 4 5 7 0 3 
831 1 2 3 0 
832 5 2 6 0 4 
833 4 1 2 0 
834 4 2 6 3 
835 3 0 2 5 4 
836 7 2 6 3 4 
837 4 7 3 6 2 
838 1 0 
839 3 2 6 4 
840 0 6 7 5 4 
841 1 7 4 6 0 
842 3 4 7 6 0 
843 3 0 2 5 4 
844 3 4 6 5 7 0 
845 3 0 7 2 4 
846 1 3 2 0 
847 3 7 4 
848 0 3 2 1 
849 3 4 0 5 
850 1 2 7 3 0 4 
851 0 4 6 5 7 3 
852 1 6 4 0 
853 1 2 7 3 0 4 
854 0 6 7 3 4 
855 0 7 3 6 4 
856 1 0 
857 1 6 7 3 4 
858 1 2 3 7 0 5 4 
859 0 6 5 4 
860 1 6 7 3 4 
861 1 7 6 3 5 
862 3 5 4 7 2 0 
863 0 7 3 6 4 2 
864 1 6 7 5 4 
865 3 5 4 7 2 0 
866 3 1 0 
867 0 4 5 2 3 
868 1 6 7 5 4 
869 0 7 3 6 4 2 
870 1 5 7 3 0 
871 0 7 5 6 4 
872 1 7 6 0 5 
873 5 2 0 
874 4 7 5 6 0 
875 4 1 2 0 
876 5 7 4 6 0 
877 0 2 6 3 4 
878 4 7 6 3 0 
879 0 2 7 3 4 5 
880 4 7 6 0 5 
881 4 5 7 2 3 0 
882 0 4 5 
883 5 7 0 6 1 
884 1 5 7 6 4 0 
885 1 7 3 6 4 2 
886 5 4 3 7 0 
887 3 5 7 6 4 0 
888 1 2 0 3 4 5 
889 0 7 1 6 3 5 
890 5 7 6 3 4 
891 4 7 6 2 3 0 
892 4 2 1 0 3 
893 4 7 1 6 0 
894 4 2 3 7 0 5 
895 1 5 7 0 4 3 
896 5 7 6 0 4 
897 4 7 1 2 3 5 0 
898 4 5 7 0 3 
899 0 7 5 6 4 
900 7 1 6 4 0 
901 4 2 0 3 5 
902 5 7 3 6 0 4 
903 4 5 2 3 
904 7 0 6 1 5 
905 5 1 0 
906 3 2 0 
907 5 7 1 6 0 3 
908 5 3 2 0 1 
909 1 5 4 7 2 3 0 
910 1 2 0 3 4 5 
911 5 2 6 0 4 
912 5 7 6 2 3 0 4 
913 4 7 6 2 3 0 
914 1 4 6 5 7 0 
915 4 2 6 3 
916 5 1 0 
917 1 7 3 6 0 4 
918 0 7 6 2 3 4 
919 4 6 5 
920 4 7 5 6 0 
921 5 4 6 7 2 1 
922 1 7 5 6 0 4 
923 0 5 2 3 7 4 
924 0 2 6 3 4 
925 1 7 4 2 3 5 0 
926 3 7 6 4 2 
927 0 4 2 
928 1 7 6 4 0 
929 3 4 6 5 7 0 
930 3 2 0 
931 1 5 7 3 0 
932 1 2 6 0 4 
933 0 1 7 6 5 
934 1 7 6 3 5 4 
935 0 2 3 4 5 
936 1 5 4 2 7 0 3 
937 0 4 6 5 7 3 
938 4 7 3 6 2 
939 0 2 
940 2 7 4 6 5 0 
941 3 4 2 0 
942 4 5 
943 1 2 6 0 4 
944 3 2 0 4 5 
945 1 4 6 7 2 
946 1 0 2 3 5 4 
947 0 7 4 6 1 
948 1 5 2 3 7 0 4 
949 3 2 6 0 4 
950 1 2 3 7 0 5 4 
951 3 1 0 
952 0 7 3 2 4 
953 0 2 3 7 5 4 
954 0 5 7 3 
955 1 6 7 5 4 
956 0 1 6 4 
957 1 7 6 0 4 
958 0 1 
959 0 2 6 4 
960 0 2 6 3 4 
961 0 7 6 1 5 
962 1 0 
963 0 7 1 6 4 
964 0 7 6 1 3 5 
965 1 7 6 3 4 5 
966 1 2 3 0 
967 3 4 7 6 0 5 
968 0 1 2 3 
969 1 7 6 0 3 5 
970 3 4 5 0 
971 3 7 6 0 4 
972 3 1 0 
973 3 1 0 
974 1 7 6 0 4 
975 3 2 6 4 
976 0 6 5 4 
977 3 1 0 
978 1 4 0 5 
979 0 5 7 6 4 
980 1 7 4 2 3 5 0 
981 3 1 6 4 0 
982 1 5 4 2 7 0 3 
983 1 4 6 7 2 
984 2 7 6 3 4 5 
985 3 4 7 6 5 
986 3 2 0 
987 1 7 5 6 4 0 
988 1 0 
989 3 4 6 5 7 0 
990 3 2 7 0 4 5 
991 1 4 2 0 
992 1 4 7 6 3 0 
993 3 2 0 4 5 
994 3 4 5 2 
995 3 6 7 4 
996 3 5 4 7 2 0 
997 3 7 1 4 2 5 0 
998 3 2 0 
999 3 0 2 5 4 
1000 1 7 5 6 0 4 
1001 3 7 6 5 
1002 4 5 7 2 3 0 
1003 5 0 2 3 4 
1004 5 4 2 3 
1005 3 1 7 6 0 5 
1006 4 7 1 6 0 
1007 3 7 6 4 5 
1008 5 6 4 
1009 5 7 6 0 4 
1010 1 0 
1011 5 7 6 3 4 
1012 3 4 0 5 
1013 3 4 7 6 5 
1014 5 4 7 6 3 0 
1015 3 2 7 0 4 5 
1016 1 0 
1017 1 0 
1018 4 5 2 3 
1019 4 6 5 
1020 4 2 7 0 3 5 
1021 4 5 0 3 
1022 4 7 6 1 0 
1023 1 6 4 0 
