0 7 5 4 6 0 1 
1 0 1 6 5 3 7 
2 2 5 1 
3 1 2 0 3 4 7 
4 2 5 3 6 4 7 
5 0 2 3 1 
6 4 5 1 7 
7 3 1 0 2 
8 0 7 6 1 
9 6 7 0 2 4 1 
10 6 0 7 1 
11 0 5 4 1 
12 6 3 0 7 1 2 
13 1 2 4 6 3 7 
14 1 4 2 7 
15 0 2 4 1 7 
16 7 6 1 
17 1 2 5 
18 5 4 2 3 6 
19 5 0 4 7 1 
20 3 2 5 1 
21 6 0 1 7 
22 7 5 2 0 3 6 
23 4 1 6 7 0 2 
24 5 3 2 6 4 7 
25 0 7 5 2 
26 0 5 2 4 3 6 
27 3 6 2 5 
28 1 3 6 2 7 
29 1 4 0 7 6 5 
30 0 1 4 5 2 
31 7 2 0 3 1 4 
32 7 0 4 2 6 5 1 
33 4 1 3 6 2 7 
34 2 1 4 0 5 
35 6 3 1 7 2 
36 6 7 1 
37 3 5 4 2 7 
38 2 3 0 6 
39 5 2 4 3 7 
40 3 0 6 5 1 7 
41 2 1 5 7 
42 2 1 3 6 7 
43 4 7 6 0 2 1 
44 1 4 2 7 
45 4 1 0 5 2 7 
46 4 7 6 1 
47 6 4 5 
48 6 5 4 7 
49 2 1 4 0 5 
50 5 2 7 1 
51 2 5 0 3 6 
52 1 5 2 4 3 7 
53 1 3 6 2 7 
54 5 0 1 6 7 
55 3 5 4 7 2 
56 2 1 4 0 5 
57 7 1 4 0 5 2 
58 1 5 7 2 
59 7 5 2 4 3 
60 7 2 0 3 1 
61 6 5 4 1 
62 1 5 7 2 
63 5 6 2 7 
64 7 5 4 1 
65 0 1 4 5 2 7 
66 2 0 6 5 1 7 3 
67 1 5 3 6 7 
68 2 5 4 1 
69 0 6 5 2 7 
70 4 1 2 7 
71 3 4 5 6 
72 2 3 0 6 
73 4 7 6 1 
74 6 5 4 0 7 1 
75 0 3 4 5 2 
76 7 6 0 2 4 1 
77 1 0 6 7 
78 1 5 4 6 7 
79 1 7 6 
80 7 0 4 2 6 5 1 
81 1 2 5 
82 5 6 2 7 
83 5 6 2 3 
84 3 4 2 5 6 
85 6 5 3 0 2 1 
86 6 2 7 1 
87 4 3 5 7 2 
88 5 2 3 7 
89 0 5 3 7 2 
90 0 4 3 1 2 7 
91 3 7 6 1 
92 1 0 4 2 6 5 
93 1 4 6 7 2 
94 0 1 6 7 
95 7 4 2 5 3 6 
96 7 6 1 
97 4 1 6 5 3 0 7 
98 2 6 5 4 7 
99 6 7 1 
100 6 5 4 7 
101 3 2 5 1 
102 2 6 7 5 
103 5 1 2 4 0 
104 3 7 2 6 1 
105 2 0 4 6 5 1 
106 2 4 1 7 
107 4 2 5 3 6 
108 1 3 0 7 2 
109 5 6 3 2 4 1 7 
110 4 1 0 5 2 
111 6 1 3 2 7 
112 6 7 0 2 4 1 
113 2 5 4 3 6 
114 5 3 2 
115 2 7 6 1 
116 1 4 3 2 7 
117 1 3 0 2 6 
118 5 6 7 
119 0 5 4 7 1 
120 3 4 1 2 7 
121 7 2 4 1 
122 1 2 5 
123 7 3 5 4 2 
124 7 2 1 
125 6 1 4 0 5 2 
126 0 4 5 6 
127 5 0 4 2 6 1 
128 7 1 
129 0 2 4 6 3 7 
130 2 5 4 7 
131 1 3 0 2 
132 2 4 6 7 
133 0 1 2 4 5 
134 4 5 2 3 7 
135 3 6 5 2 7 
136 2 0 3 1 4 7 
137 4 5 6 
138 6 0 7 1 
139 3 5 4 7 2 
140 6 0 1 7 
141 1 4 6 7 2 
142 0 5 2 4 3 6 
143 0 5 4 3 7 2 
144 7 3 2 5 
145 1 5 3 0 7 2 
146 5 6 2 3 
147 5 3 1 4 0 2 
148 3 0 2 6 
149 6 0 3 7 1 
150 6 2 3 7 
151 4 1 0 5 2 
152 5 2 4 7 3 
153 5 4 2 7 
154 0 5 4 3 7 2 
155 3 7 5 2 
156 1 0 3 6 7 
157 1 2 5 
158 0 5 4 7 1 
159 7 4 1 2 
160 7 2 0 3 1 
161 4 1 0 5 2 7 
162 2 5 0 4 7 1 
163 6 1 5 3 0 7 
164 7 1 6 4 0 2 
165 3 7 5 2 
166 2 4 5 3 6 
167 5 3 1 6 7 2 
168 3 2 5 1 
169 2 4 1 7 
170 2 6 3 4 1 5 7 
171 4 2 5 3 6 
172 1 4 0 7 6 5 
173 5 2 4 3 7 
174 4 1 0 7 6 5 
175 6 5 2 7 
176 6 1 3 0 2 
177 2 6 7 5 
178 5 3 1 4 0 2 
179 2 5 4 3 7 
180 1 4 0 7 6 5 
181 1 6 3 2 4 5 7 
182 5 2 0 3 1 
183 0 1 6 5 3 7 
184 2 5 3 0 1 6 
185 7 6 0 2 4 1 
186 0 5 4 7 1 
187 7 5 4 1 
188 7 1 3 6 2 
189 7 1 5 2 
190 1 6 5 2 7 
191 5 0 6 1 7 3 
192 7 5 2 
193 0 6 2 3 5 
194 2 1 3 0 
195 1 5 2 4 3 7 
196 2 7 6 1 
197 0 3 2 6 
198 4 7 6 1 
199 2 0 3 5 1 
200 2 1 3 0 
201 4 0 3 5 1 
202 6 3 2 4 1 5 7 
203 0 5 3 7 2 
204 6 3 1 7 2 
205 1 0 3 6 7 
206 1 5 3 2 6 4 7 
207 0 4 5 6 
208 7 5 4 2 
209 1 7 2 0 6 5 
210 5 2 0 3 1 4 7 
211 5 3 4 2 
212 3 5 4 1 7 
213 6 1 7 2 0 5 
214 6 1 0 3 2 5 
215 4 0 2 6 5 1 
216 5 2 4 3 6 
217 0 5 4 7 1 
218 0 6 2 3 5 
219 0 3 4 5 2 
220 1 4 0 5 2 
221 1 4 2 5 3 6 
222 0 1 4 5 2 7 
223 7 3 4 5 2 
224 5 7 2 
225 4 2 3 7 
226 2 5 0 4 7 1 
227 7 1 5 2 
228 6 0 4 2 5 1 
229 3 6 2 4 1 5 7 
230 2 3 4 5 
231 5 3 0 2 1 6 
232 3 1 6 7 4 0 2 
233 2 7 6 1 
234 2 7 6 0 4 1 
235 4 3 1 2 7 
236 1 7 5 2 
237 5 1 7 2 
238 4 0 3 6 7 1 
239 7 6 5 
240 6 5 2 4 3 7 
241 2 5 4 1 7 
242 5 4 6 7 
243 2 7 1 
244 1 3 0 2 
245 3 0 7 1 2 
246 5 4 1 
247 0 4 3 1 2 7 
248 2 1 5 7 
249 7 4 3 1 2 
250 1 7 5 2 
251 7 4 3 1 2 
252 7 0 1 6 
253 6 1 7 4 0 2 
254 1 3 0 2 
255 5 1 7 2 0 6 
256 4 1 2 0 5 
257 0 5 4 1 
258 2 1 5 7 
259 1 6 7 4 0 2 
260 2 5 3 0 7 
261 0 3 5 4 7 2 
262 5 3 0 2 6 
263 3 1 0 2 5 
264 2 1 5 7 
265 4 2 1 7 
266 6 2 7 1 
267 0 3 1 2 
268 6 2 7 1 
269 0 5 4 1 7 
270 1 0 3 2 5 
271 0 6 3 2 4 1 5 7 
272 7 1 3 0 2 
273 0 7 6 1 
274 5 4 2 7 
275 5 0 1 6 7 
276 3 5 4 2 7 
277 6 2 4 1 7 
278 6 5 4 7 
279 4 5 3 6 7 
280 5 1 6 3 0 7 
281 0 3 7 1 2 
282 0 1 6 7 4 2 
283 3 5 2 4 6 
284 5 0 3 6 7 1 
285 1 2 5 
286 0 3 1 2 
287 7 4 1 2 
288 7 6 2 3 5 
289 4 5 3 0 2 1 6 
290 3 5 2 0 6 
291 6 5 3 7 
292 4 2 6 3 7 
293 3 5 4 1 
294 3 1 0 2 
295 5 6 7 
296 3 5 1 4 0 2 
297 2 7 1 
298 1 0 6 7 
299 4 1 0 3 2 5 
300 1 7 2 6 
301 5 4 6 0 7 1 
302 4 2 1 7 
303 6 7 2 1 
304 6 5 3 2 4 7 
305 2 4 6 7 
306 6 7 1 
307 2 7 6 1 
308 1 6 7 5 
309 1 3 6 2 7 
310 5 3 0 2 1 6 
311 0 3 7 1 2 
312 2 5 4 1 
313 7 4 1 2 
314 1 6 0 7 
315 6 2 7 1 
316 7 5 0 4 1 
317 6 3 5 4 7 2 
318 1 3 6 2 7 
319 5 6 3 2 4 1 7 
320 7 1 4 0 5 2 
321 0 1 6 7 4 2 
322 2 7 6 1 
323 1 6 7 5 
324 2 6 0 7 1 
325 3 7 2 6 1 
326 4 1 0 3 2 5 
327 2 4 3 1 7 
328 2 7 1 
329 4 5 2 7 
330 6 5 2 0 3 
331 0 3 4 5 2 
332 6 2 0 3 1 4 7 
333 1 4 5 6 
334 1 2 0 3 4 7 
335 0 5 4 6 7 1 
336 7 2 4 6 3 
337 1 5 3 2 6 4 7 
338 5 4 3 7 2 
339 5 0 1 6 7 
340 3 5 4 1 
341 6 7 1 
342 6 5 3 0 2 1 
343 4 1 6 7 0 2 
344 4 1 0 5 2 7 
345 2 5 4 3 7 
346 0 3 6 7 1 
347 0 7 6 2 4 1 
348 1 5 4 2 7 
349 1 5 2 4 3 6 
350 0 5 3 6 7 
351 7 0 3 6 1 
352 7 3 1 0 2 
353 4 6 5 2 7 
354 2 3 7 
355 6 5 2 7 
356 6 2 4 3 7 
357 3 6 0 7 1 
358 2 5 4 3 7 
359 5 2 4 3 6 
360 3 2 4 6 7 
361 2 4 6 3 7 
362 1 0 3 5 
363 4 3 5 2 
364 1 7 6 
365 5 4 6 7 2 
366 4 1 6 5 3 0 7 
367 6 0 5 1 7 3 
368 4 1 2 0 5 
369 2 6 0 7 1 
370 6 2 4 5 7 3 
371 3 1 2 4 0 5 
372 1 4 5 6 7 
373 3 5 4 1 
374 5 4 6 0 7 1 
375 0 3 7 1 2 
376 2 4 1 7 
377 7 1 
378 1 2 4 0 5 
379 4 3 2 5 
380 7 0 4 2 6 5 1 
381 4 2 3 7 
382 1 7 6 
383 4 5 6 7 
384 7 3 1 6 2 
385 0 2 4 6 3 7 
386 2 1 4 0 5 
387 1 6 7 5 
388 3 2 5 1 
389 0 7 1 
390 4 1 0 3 2 5 
391 3 0 7 1 2 
392 3 5 2 6 4 7 
393 4 3 5 7 2 
394 7 5 0 4 1 
395 0 5 3 6 7 
396 6 7 1 
397 1 0 3 6 7 
398 1 5 2 0 3 6 
399 1 7 6 
400 7 1 2 0 6 5 
401 1 4 0 5 2 7 
402 5 7 2 
403 5 2 4 3 6 
404 3 6 2 5 
405 7 3 4 5 2 
406 6 4 7 2 
407 4 5 2 0 3 6 
408 4 7 6 0 2 1 
409 0 2 3 7 
410 0 1 7 2 6 5 
411 3 6 0 7 1 
412 0 4 6 7 2 
413 1 4 6 7 2 
414 0 2 7 1 
415 7 1 4 0 5 2 
416 7 2 3 
417 4 1 6 7 0 2 
418 2 4 5 7 3 
419 6 5 4 7 
420 6 5 4 1 
421 3 6 5 2 7 
422 2 0 6 5 1 7 3 
423 5 4 3 1 2 7 
424 3 4 6 7 2 
425 2 1 5 7 
426 2 4 5 6 
427 4 6 2 3 5 
428 1 6 7 5 
429 5 3 4 7 2 
430 4 5 3 0 2 1 6 
431 6 5 3 2 4 7 
432 7 3 1 0 2 
433 2 7 6 1 
434 6 5 2 7 
435 2 5 4 6 0 7 1 
436 1 4 0 7 6 5 
437 1 0 4 2 6 5 
438 5 6 4 7 
439 0 5 3 7 2 
440 2 1 7 0 6 5 
441 7 5 4 1 
442 1 3 0 2 6 
443 7 5 4 6 0 1 
444 7 0 3 5 1 
445 6 5 2 4 3 
446 1 6 0 7 
447 5 1 7 2 0 6 
448 7 5 4 6 0 1 
449 0 1 4 5 2 
450 2 6 3 5 
451 0 5 2 4 3 6 
452 2 1 3 6 7 
453 1 4 5 6 7 
454 4 2 1 7 
455 3 0 1 6 7 
456 2 4 5 3 6 
457 6 5 4 7 
458 6 4 7 2 
459 0 2 3 1 
460 6 1 4 0 5 2 
461 1 6 0 7 
462 1 6 2 3 5 
463 0 3 1 6 7 2 
464 7 1 0 3 2 5 
465 1 0 4 2 6 5 
466 5 7 6 1 
467 5 1 3 0 2 
468 3 5 2 4 6 
469 6 4 5 
470 6 5 3 1 4 0 2 
471 4 5 6 
472 6 0 3 5 1 
473 0 1 6 7 4 2 
474 0 4 2 6 5 1 
475 3 5 2 4 6 
476 1 5 3 0 7 2 
477 1 5 3 0 7 2 
478 0 5 3 7 2 
479 7 0 6 5 1 3 
480 7 3 1 6 2 
481 4 6 2 3 5 
482 2 7 6 1 
483 6 5 3 1 4 0 2 
484 6 2 5 1 
485 3 1 6 5 0 7 
486 2 3 0 6 
487 7 6 1 
488 3 2 0 1 4 7 
489 2 7 1 
490 2 6 0 7 1 
491 4 2 6 3 7 
492 1 5 3 2 6 4 7 
493 5 3 4 2 
494 4 2 6 3 7 
495 6 5 4 7 
496 6 1 3 2 7 
497 2 5 3 0 7 
498 6 0 1 7 
499 2 4 6 7 
500 1 5 4 3 7 2 
501 1 4 5 6 7 
502 5 3 0 2 6 
503 0 1 6 7 4 2 
504 2 4 5 3 6 
505 7 4 1 2 
506 1 6 0 7 
507 7 4 5 6 
508 7 2 3 
509 6 2 4 3 7 
510 1 4 5 6 7 
511 5 4 3 7 2 
512 7 3 5 4 2 
513 0 7 6 1 
514 2 0 3 1 
515 1 3 6 7 2 
516 2 4 5 6 7 
517 0 4 5 6 
518 4 5 3 7 2 
519 3 0 2 6 
520 2 7 6 0 4 1 
521 6 1 7 2 0 5 
522 6 4 5 7 
523 0 3 4 5 2 
524 6 4 3 1 2 7 
525 1 0 6 7 
526 1 3 4 5 2 
527 0 3 5 1 
528 7 2 4 5 3 
529 1 2 4 5 7 3 
530 5 1 6 3 0 7 
531 5 1 0 3 2 
532 3 4 1 0 7 6 5 
533 6 3 1 7 2 
534 6 1 7 2 0 5 
535 4 5 6 7 
536 6 5 3 0 2 1 
537 0 4 5 6 7 
538 0 4 5 6 
539 3 2 5 
540 1 2 5 
541 1 7 6 0 2 4 
542 0 5 4 6 7 
543 7 5 4 2 
544 7 5 4 1 
545 4 5 3 2 6 7 
546 2 4 5 6 7 
547 6 1 7 2 0 5 
548 6 5 0 4 7 1 
549 3 4 1 2 7 
550 2 5 4 3 7 
551 7 2 4 5 3 
552 3 5 1 4 0 2 
553 2 1 7 0 6 5 
554 2 7 5 
555 4 5 3 0 2 1 6 
556 1 5 3 4 0 2 
557 5 1 3 6 2 7 
558 4 0 3 5 1 
559 6 2 0 3 1 
560 6 1 7 4 0 2 
561 2 7 6 1 
562 6 3 0 7 1 2 
563 2 7 6 1 
564 1 2 0 3 
565 1 2 4 0 5 
566 5 3 0 7 1 2 
567 0 6 5 4 7 
568 2 1 4 0 5 7 
569 7 5 4 1 
570 3 2 5 
571 7 2 0 3 1 
572 7 6 2 3 5 
573 6 1 5 3 0 7 
574 1 4 2 7 
575 5 3 1 6 7 2 
576 7 5 3 1 4 0 2 
577 0 2 3 1 4 7 
578 2 4 1 0 7 6 5 
579 3 7 6 0 2 4 1 
580 2 4 5 7 3 
581 0 4 6 7 2 
582 4 0 6 5 1 7 3 
583 3 0 5 1 
584 2 5 0 3 6 
585 6 5 4 1 7 
586 6 5 2 4 3 
587 0 1 6 5 3 7 
588 6 1 5 3 0 7 
589 1 2 7 
590 1 3 2 5 
591 0 7 2 6 1 
592 7 5 4 6 
593 1 2 0 3 
594 5 4 6 7 
595 5 2 4 7 3 
596 3 5 2 4 7 
597 6 7 1 
598 6 5 3 2 4 7 
599 4 1 2 0 5 
600 6 5 3 2 4 7 
601 0 1 2 4 5 
602 0 7 2 6 1 
603 3 2 4 6 7 
604 1 5 4 7 
605 1 0 6 5 7 3 
606 0 7 5 2 
607 7 1 4 0 5 2 
608 7 6 3 2 4 1 5 
609 4 2 5 3 6 
610 2 3 1 0 
611 6 1 4 0 5 2 
612 6 2 7 1 
613 3 4 1 2 7 
614 2 3 0 6 
615 7 6 5 4 
616 3 0 6 5 1 7 
617 2 5 4 6 7 
618 2 7 6 1 
619 4 2 1 7 
620 1 4 3 2 7 
621 5 2 0 3 1 4 7 
622 4 6 5 7 
623 6 5 4 2 7 
624 6 0 1 7 
625 2 3 0 7 1 
626 6 0 4 2 5 1 
627 2 6 3 5 
628 1 4 5 6 7 
629 1 4 0 5 2 
630 5 6 0 7 1 
631 0 1 6 7 4 2 
632 2 1 3 6 7 
633 7 4 2 5 3 6 
634 1 3 2 5 
635 7 5 4 6 
636 7 5 2 
637 6 5 4 1 
638 1 3 5 4 7 2 
639 5 0 6 1 7 3 
640 7 3 5 4 2 
641 0 4 1 7 6 5 
642 2 1 3 0 
643 1 4 3 2 7 
644 2 3 1 6 7 
645 0 5 3 7 2 
646 4 5 3 0 2 1 6 
647 3 1 0 2 5 
648 2 5 4 3 7 
649 6 0 5 1 7 3 
650 6 5 4 1 7 
651 0 1 4 5 2 7 
652 6 1 3 2 7 
653 1 2 0 3 
654 1 5 0 4 7 
655 0 7 6 1 
656 7 1 2 4 0 5 
657 1 6 3 2 4 5 7 
658 5 7 2 6 1 
659 5 2 4 7 3 
660 3 6 2 5 
661 6 7 5 
662 6 5 3 7 
663 4 5 3 7 2 
664 6 0 1 7 
665 0 4 1 2 7 
666 0 2 4 6 3 7 
667 3 0 6 7 1 
668 1 4 6 7 2 
669 1 5 3 4 0 2 
670 0 7 6 2 4 1 
671 7 2 3 
672 7 3 1 0 2 
673 4 6 5 7 
674 2 7 6 1 
675 6 3 0 2 
676 6 7 1 
677 3 1 0 2 5 
678 2 1 7 0 6 5 
679 7 5 3 2 6 4 
680 3 6 5 4 7 
681 2 1 3 0 
682 2 1 0 3 5 
683 4 1 0 3 2 5 
684 1 5 4 6 0 7 
685 5 4 6 
686 4 5 6 7 
687 6 5 4 7 
688 6 0 7 1 
689 2 6 5 7 
690 6 2 4 1 7 
691 2 5 4 3 7 
692 1 3 0 7 2 
693 1 2 0 3 4 7 
694 5 0 3 1 
695 0 2 4 5 7 3 
696 2 6 5 7 
697 7 2 3 
698 1 5 4 3 7 2 
699 7 0 3 5 1 
700 7 5 2 
701 6 5 2 0 3 
702 1 2 7 
703 5 2 7 1 
704 7 4 6 2 
705 0 5 2 3 6 
706 2 5 4 6 0 7 1 
707 1 4 3 2 7 
708 2 1 4 0 5 7 
709 0 2 3 1 4 7 
710 4 1 2 7 
711 3 5 0 2 1 6 
712 2 5 3 0 7 
713 6 2 4 5 7 3 
714 6 2 0 3 1 4 7 
715 0 3 1 6 7 2 
716 6 2 7 1 
717 1 2 4 7 
718 1 7 2 6 
719 0 1 6 5 3 7 
720 7 1 5 2 
721 1 3 0 7 2 
722 5 7 6 0 2 4 1 
723 5 3 2 
724 3 0 6 5 1 7 
725 6 4 7 2 
726 6 4 2 5 3 
727 4 7 6 0 2 1 
728 6 5 3 1 4 0 2 
729 0 7 6 2 4 1 
730 0 2 3 1 
731 3 5 0 7 2 
732 1 5 4 3 7 2 
733 1 0 3 6 7 
734 0 1 2 4 5 
735 7 5 2 4 3 
736 7 1 6 5 3 0 
737 4 5 0 7 1 
738 2 6 5 7 
739 6 4 1 0 7 5 
740 6 4 5 7 
741 3 1 0 2 5 
742 2 1 3 0 
743 7 3 1 6 2 
744 3 1 4 0 5 2 
745 2 3 0 7 1 
746 2 1 6 7 4 0 
747 4 7 5 2 
748 1 6 3 2 4 5 7 
749 5 3 0 7 2 
750 4 5 3 0 2 1 6 
751 6 5 4 1 7 
752 6 5 4 7 
753 2 5 1 
754 6 5 3 7 
755 2 1 4 0 5 
756 1 2 4 5 7 3 
757 1 3 0 2 
758 5 2 0 3 1 
759 3 5 0 2 1 6 
760 2 0 3 1 4 7 
761 7 6 5 4 
762 1 5 4 
763 7 6 5 
764 7 3 0 1 2 
765 6 5 3 7 
766 1 3 6 7 2 
767 5 3 2 
768 7 2 4 1 
769 0 7 1 
770 2 1 7 0 6 5 
771 1 5 3 0 2 6 
772 2 3 1 0 
773 1 6 3 2 4 5 7 
774 4 5 2 7 
775 3 5 4 7 2 
776 0 3 5 4 7 2 
777 6 5 4 0 7 1 
778 6 7 5 
779 0 6 7 1 
780 6 2 4 1 7 
781 1 3 5 4 7 2 
782 0 5 3 6 7 
783 0 3 1 2 
784 7 5 2 4 3 
785 3 5 1 4 0 2 
786 5 3 1 0 2 
787 5 3 1 4 0 2 
788 3 0 6 7 1 
789 6 2 4 3 7 
790 6 1 2 4 0 5 
791 4 5 3 7 2 
792 6 5 4 1 7 
793 2 1 4 0 5 
794 0 5 4 7 1 
795 3 1 6 7 2 
796 3 4 2 5 6 
797 2 0 3 5 1 
798 3 4 5 6 7 
799 7 6 5 
800 7 5 4 2 
801 4 5 3 6 7 
802 2 5 4 1 7 
803 6 1 4 0 5 2 7 
804 6 5 2 7 
805 3 0 7 1 2 
806 2 0 3 5 1 
807 7 5 3 0 2 1 6 
808 3 7 6 1 
809 3 5 2 6 4 7 
810 2 3 5 
811 4 6 2 3 5 
812 0 7 2 6 1 
813 5 0 1 6 7 
814 4 2 5 1 
815 6 4 1 0 7 5 
816 6 3 2 5 
817 3 6 7 5 
818 6 7 1 
819 3 0 6 7 1 
820 0 5 4 6 7 1 
821 4 1 3 6 2 7 
822 5 0 3 1 
823 4 1 0 3 2 5 
824 7 0 3 6 1 
825 7 3 0 1 2 
826 4 5 2 7 
827 7 1 3 0 2 
828 7 4 1 0 6 5 
829 7 6 2 3 5 
830 7 5 2 
831 5 1 4 0 2 7 
832 7 3 4 5 2 
833 7 2 4 5 3 
834 4 2 1 7 
835 5 3 6 7 
836 7 1 3 6 2 
837 5 1 3 0 2 
838 4 5 1 
839 4 5 3 0 7 2 
840 7 2 0 3 1 4 
841 4 5 2 3 7 
842 5 2 7 1 
843 4 3 2 5 
844 5 2 7 1 
845 5 2 4 7 3 
846 5 3 2 
847 4 3 5 7 2 
848 7 6 5 4 
849 4 0 2 6 5 1 
850 5 3 0 7 2 
851 4 0 3 6 7 1 
852 4 2 7 1 
853 4 0 6 5 1 7 3 
854 5 2 0 3 6 
855 5 7 1 
856 7 5 4 3 2 
857 5 4 6 0 7 1 
858 0 5 4 3 7 2 
859 4 0 1 6 7 
860 3 5 2 4 6 
861 2 5 4 3 6 
862 3 7 2 6 1 
863 5 2 1 
864 4 7 1 
865 5 3 4 2 
866 3 0 5 1 
867 4 7 1 
868 5 7 6 0 2 4 1 
869 3 2 5 
870 3 4 5 6 
871 7 6 5 2 
872 3 2 4 5 7 
873 3 1 0 2 
874 2 6 3 4 1 5 7 
875 4 6 3 2 1 5 7 
876 0 5 4 6 7 1 
877 3 6 0 7 1 
878 4 5 3 1 0 2 
879 4 2 3 7 
880 3 4 5 6 
881 3 5 0 7 2 
882 2 6 5 4 7 
883 3 2 7 
884 0 5 3 6 7 
885 3 0 6 7 1 
886 5 3 4 7 2 
887 3 4 2 5 6 
888 3 4 1 0 7 6 5 
889 3 4 1 0 7 6 5 
890 3 4 5 2 
891 3 7 6 1 
892 3 4 5 6 
893 3 0 2 6 
894 3 1 6 7 2 
895 3 5 4 1 
896 3 7 5 2 
897 2 3 0 6 
898 3 7 2 6 1 
899 3 1 6 5 0 7 
900 3 5 2 6 4 7 
901 3 1 0 2 
902 3 4 1 2 7 
903 3 4 5 6 
904 3 5 1 4 0 2 
905 2 5 4 3 7 
906 5 1 7 2 0 6 
907 4 3 1 2 7 
908 3 5 6 7 
909 4 5 2 0 3 6 
910 3 5 6 7 
911 4 5 6 7 
912 7 0 3 6 1 
913 3 2 0 1 
914 5 3 6 7 
915 3 5 2 0 6 
916 3 1 5 7 2 
917 0 6 5 1 7 3 
918 0 3 5 1 
919 4 5 0 7 1 
920 7 0 6 5 1 3 
921 2 4 5 7 3 
922 0 3 2 6 
923 0 1 2 4 5 
924 3 6 0 7 1 
925 0 3 4 5 2 
926 0 1 4 5 2 7 
927 5 1 6 3 0 7 
928 5 1 6 3 0 7 
929 2 6 5 4 7 
930 0 3 1 2 
931 4 1 5 7 2 
932 0 3 2 6 
933 3 6 2 4 1 5 7 
934 3 5 2 6 4 7 
935 7 5 4 2 
936 3 7 2 6 1 
937 3 1 6 7 2 
938 0 7 1 
939 5 7 2 
940 0 5 3 2 1 6 
941 5 1 7 2 
942 5 3 2 
943 4 3 1 2 7 
944 4 0 6 5 1 7 3 
945 3 6 5 4 7 
946 7 3 4 5 2 
947 3 1 2 4 0 5 
948 0 3 2 5 
949 0 7 1 
950 5 2 3 7 
951 0 4 1 7 6 5 
952 7 2 0 3 1 
953 4 5 2 0 3 6 
954 4 6 7 2 
955 4 3 5 7 2 
956 7 1 2 0 6 5 
957 5 6 4 7 
958 4 1 0 5 2 
959 5 3 6 7 
960 5 3 1 0 2 
961 7 0 4 2 6 5 1 
962 5 7 1 
963 5 4 1 2 7 
964 7 5 4 2 
965 5 4 1 7 
966 4 5 3 1 0 2 
967 4 1 7 2 0 6 5 
968 7 6 3 2 4 1 5 
969 6 7 5 
970 5 0 4 7 1 
971 4 6 5 2 7 
972 5 2 0 3 6 
973 4 5 6 0 7 1 
974 4 1 5 7 2 
975 5 1 0 3 2 
976 7 5 4 6 
977 4 2 6 3 7 
978 5 3 1 4 0 2 
979 5 4 1 0 7 6 
980 5 1 6 7 4 0 2 
981 4 5 2 7 
982 5 4 1 2 7 
983 4 2 3 7 
984 7 1 3 0 2 
985 5 4 1 7 
986 0 1 6 7 4 2 
987 4 5 0 7 1 
988 5 6 7 
989 0 2 3 1 4 7 
990 0 3 5 1 
991 5 2 4 6 3 7 
992 5 4 6 0 7 1 
993 4 6 3 2 1 5 7 
994 0 5 2 4 3 7 
995 5 1 0 3 2 
996 4 1 3 6 2 7 
997 3 6 5 4 7 
998 3 4 5 6 7 
999 7 1 3 0 2 
1000 3 5 2 4 6 
1001 3 2 4 1 7 
1002 0 5 2 3 6 
1003 4 7 2 6 1 
1004 0 4 5 6 7 
1005 5 2 3 7 
1006 4 1 5 7 2 
1007 4 2 5 3 6 
1008 4 2 3 7 
1009 3 4 1 2 7 
1010 7 5 4 1 
1011 3 2 4 1 7 
1012 0 5 2 3 6 
1013 4 1 0 5 2 
1014 5 0 4 2 6 1 
1015 4 2 0 3 1 7 
1016 7 4 2 5 3 6 
1017 5 2 0 3 1 
1018 4 1 0 7 6 5 
1019 4 7 1 
1020 7 5 3 2 6 4 
1021 5 0 4 2 6 1 
1022 7 2 5 1 
1023 5 3 1 0 2 
