0 3 0 2 5 4 
1 4 3 5 7 6 
2 7 1 0 2 3 5 
3 4 0 2 3 1 5 
4 6 5 7 4 1 
5 2 0 6 4 7 1 
6 7 3 1 2 
7 3 0 5 1 4 
8 2 1 0 6 7 3 
9 1 6 7 5 0 4 
10 1 6 5 7 4 
11 4 2 3 1 
12 6 7 1 
13 1 7 6 
14 7 1 2 4 
15 6 7 1 4 2 
16 7 6 0 1 4 
17 4 0 2 3 1 5 
18 1 0 6 7 3 2 
19 4 2 3 6 
20 7 4 2 3 6 
21 2 0 1 7 6 
22 3 0 1 4 
23 5 7 3 6 
24 6 4 5 0 1 
25 0 2 3 6 
26 6 5 7 4 1 
27 6 0 1 4 
28 0 5 7 6 4 1 
29 3 4 0 2 1 5 
30 6 4 5 0 1 
31 2 4 6 
32 1 7 0 6 
33 4 2 7 3 1 6 
34 7 1 0 6 3 2 
35 4 7 6 1 
36 6 1 
37 2 5 4 1 
38 7 2 3 1 6 
39 3 6 7 1 4 2 
40 2 0 5 1 4 
41 1 0 5 4 
42 1 0 2 6 
43 4 0 5 1 
44 6 5 4 1 
45 1 0 2 3 5 4 
46 7 0 2 6 
47 6 0 2 3 7 
48 7 3 5 6 4 
49 4 5 0 1 
50 1 7 3 6 
51 4 0 2 3 5 
52 7 4 0 6 1 5 
53 2 5 7 6 4 1 
54 3 1 2 
55 5 0 2 6 3 7 
56 6 5 7 4 1 
57 0 4 5 1 
58 6 3 2 1 
59 6 1 0 7 3 2 
60 0 4 6 
61 3 4 2 6 
62 6 0 2 3 7 1 4 
63 2 6 0 5 3 4 
64 1 0 4 
65 4 2 5 1 
66 7 2 3 1 
67 4 0 2 5 3 1 
68 6 4 5 7 1 
69 2 0 1 
70 7 6 1 4 2 
71 3 0 2 6 7 
72 2 0 5 3 4 
73 1 0 5 3 2 4 
74 1 0 7 2 6 
75 4 2 3 0 6 
76 6 7 5 0 1 4 
77 1 0 2 7 6 
78 7 0 1 4 
79 6 1 2 4 
80 7 5 6 4 1 
81 4 6 7 1 2 
82 1 5 2 4 
83 4 0 2 7 6 
84 7 1 0 2 4 
85 2 5 7 6 4 3 
86 3 4 2 6 
87 5 0 1 4 
88 6 4 7 5 1 
89 0 7 2 6 
90 6 3 2 1 
91 6 0 2 5 3 4 1 
92 0 6 4 1 
93 3 7 2 6 
94 6 0 2 7 
95 2 0 4 3 5 7 6 
96 1 0 6 7 3 2 
97 5 0 2 7 6 
98 7 6 5 4 
99 4 0 6 7 2 1 
100 6 4 0 2 3 1 5 
101 2 5 4 1 
102 7 6 5 0 1 4 
103 3 5 4 1 
104 2 5 1 4 
105 1 5 7 6 4 
106 1 4 6 
107 4 0 2 1 5 
108 6 4 5 1 
109 1 4 6 5 7 
110 7 4 0 2 3 1 5 
111 6 0 5 1 4 
112 7 2 3 1 
113 4 5 1 
114 1 6 
115 4 6 5 
116 7 0 6 2 3 1 4 
117 2 3 1 
118 3 0 2 1 
119 5 0 7 2 6 
120 6 0 3 1 2 
121 0 1 
122 6 0 4 3 5 7 2 
123 6 0 2 3 1 
124 0 6 7 5 1 4 
125 3 6 5 7 1 4 
126 6 5 4 
127 2 3 1 6 
128 1 0 4 3 5 7 2 6 
129 4 6 2 0 5 3 
130 7 0 5 1 4 
131 5 6 4 
132 6 1 0 2 4 
133 2 0 1 
134 7 2 3 1 
135 3 5 4 1 
136 2 4 6 5 7 1 
137 1 0 2 5 
138 1 5 0 4 
139 4 0 3 1 2 
140 6 0 2 7 
141 1 0 5 3 2 4 
142 7 3 2 6 
143 6 4 2 5 7 3 1 
144 7 0 6 4 1 
145 4 6 5 7 1 
146 1 2 7 3 6 
147 4 6 7 5 0 1 
148 7 0 1 
149 2 0 6 7 4 1 
150 3 0 1 
151 5 0 6 7 4 1 
152 6 5 7 1 4 
153 0 6 1 
154 6 0 5 3 2 4 
155 6 0 3 1 2 
156 0 2 3 1 
157 3 6 7 5 0 1 4 
158 6 0 2 3 1 
159 2 5 7 6 4 3 
160 1 5 7 6 4 3 
161 4 0 7 3 2 1 
162 7 1 0 6 3 2 
163 4 0 1 
164 6 0 1 7 2 
165 2 3 0 6 
166 7 0 4 3 5 2 6 
167 3 5 0 4 1 
168 2 6 4 7 5 1 
169 1 0 2 3 5 
170 1 0 2 4 
171 4 0 2 3 1 
172 6 2 3 1 4 
173 1 4 0 7 6 5 
174 7 6 4 5 1 
175 6 0 2 1 
176 7 4 2 3 6 
177 4 2 5 1 
178 1 3 2 
179 4 0 2 5 3 1 
180 7 0 3 1 2 
181 2 0 5 1 4 
182 3 0 2 5 4 1 
183 5 2 0 3 1 4 
184 6 4 2 3 
185 0 2 7 6 
186 6 7 3 
187 6 0 5 1 4 
188 0 7 3 2 4 1 
189 3 0 1 
190 4 0 5 3 2 
191 2 5 7 6 4 3 
192 1 2 7 3 6 
193 4 2 0 3 1 
194 7 2 3 1 
195 4 0 1 7 2 6 
196 6 0 1 
197 2 0 3 1 
198 7 0 2 3 5 4 
199 3 2 0 6 
200 2 0 4 3 5 7 6 
201 1 0 6 4 7 2 
202 1 0 7 2 6 
203 4 0 6 7 2 1 
204 6 7 1 4 2 
205 3 0 6 7 4 1 
206 7 0 2 5 3 4 1 
207 4 0 6 2 3 7 1 
208 7 0 5 1 4 
209 4 0 7 2 6 
210 0 2 5 3 4 1 
211 4 0 2 3 5 
212 7 0 2 1 6 
213 2 3 0 6 
214 3 6 5 7 1 4 
215 5 4 6 2 7 3 1 
216 7 4 0 2 3 1 5 
217 0 4 2 3 1 5 
218 6 0 4 7 2 1 
219 6 2 0 3 1 5 
220 0 6 4 1 
221 3 1 0 2 4 
222 6 7 1 4 2 
223 2 1 0 6 7 3 
224 1 7 0 6 
225 4 5 7 6 3 
226 7 6 5 1 4 
227 4 6 5 7 1 
228 6 0 1 7 2 
229 2 0 3 1 
230 7 5 0 4 1 
231 3 0 6 7 4 1 
232 2 0 1 5 
233 1 6 0 7 4 
234 1 0 2 5 3 4 
235 4 2 3 1 
236 6 3 2 1 
237 1 2 3 0 6 
238 7 0 1 2 6 
239 6 1 0 2 3 5 
240 7 3 2 6 
241 5 6 7 1 4 
242 1 5 7 6 4 
243 4 5 7 6 1 
244 7 3 2 6 
245 2 3 0 6 
246 3 0 1 
247 5 4 0 7 6 1 
248 6 0 2 7 
249 0 6 7 4 1 
250 6 2 0 3 1 
251 6 4 0 7 1 5 
252 0 1 7 2 6 
253 3 4 5 0 1 
254 7 2 3 0 6 
255 2 5 4 
256 1 5 7 6 4 
257 4 0 5 3 2 
258 7 2 0 3 1 5 
259 4 6 7 5 0 1 
260 6 7 3 2 
261 2 0 6 3 7 1 4 
262 7 2 0 3 1 5 
263 3 4 6 
264 2 0 3 1 
265 1 0 6 2 3 7 4 
266 1 0 5 4 
267 5 1 0 2 4 
268 6 4 7 5 1 
269 1 0 6 7 3 2 
270 7 0 2 3 1 
271 6 5 0 4 1 
272 7 2 3 1 
273 4 6 7 5 1 
274 1 0 5 4 
275 4 0 2 3 1 
276 7 0 5 3 2 4 
277 2 0 3 1 
278 3 4 5 0 1 
279 5 0 4 1 
280 6 0 2 3 5 4 
281 0 6 4 7 5 1 
282 6 7 1 
283 6 0 7 4 1 
284 0 6 5 7 4 
285 3 0 5 1 4 
286 6 1 7 2 
287 2 0 5 3 4 
288 1 0 2 3 5 
289 4 1 7 0 6 
290 7 0 3 2 4 1 
291 4 1 2 
292 7 1 2 6 
293 2 7 3 6 
294 7 2 3 1 
295 3 0 2 6 7 
296 2 6 7 5 0 1 4 
297 1 4 2 3 6 
298 1 0 4 
299 4 2 5 1 
300 6 0 4 7 2 1 
301 1 0 3 2 
302 7 4 6 5 1 
303 6 0 2 3 5 4 
304 5 6 7 4 
305 4 0 2 1 6 
306 1 5 4 
307 4 6 2 0 5 3 
308 7 6 2 0 5 3 4 
309 2 6 0 4 1 
310 3 1 7 0 6 
311 5 2 1 4 
312 4 1 0 6 7 3 2 
313 0 6 1 
314 6 3 2 1 
315 4 5 0 1 
316 0 1 2 4 
317 3 2 7 1 6 
318 6 7 1 4 2 
319 2 0 6 3 7 1 4 
320 1 7 0 6 
321 4 0 5 1 
322 7 5 4 1 
323 4 6 
324 6 2 5 1 4 
325 2 0 1 6 
326 7 2 3 1 
327 3 0 2 1 6 
328 2 5 0 4 1 
329 1 0 3 2 
330 1 7 6 
331 4 0 7 3 2 1 
332 6 7 5 0 1 4 
333 1 2 0 3 
334 7 5 4 1 
335 6 1 0 7 3 2 
336 7 3 5 6 4 
337 4 0 7 2 6 
338 1 0 4 
339 4 6 7 1 2 
340 7 2 3 1 6 
341 2 1 4 
342 3 5 7 6 4 1 
343 0 2 1 5 
344 6 4 5 1 
345 0 6 5 7 4 
346 7 0 5 3 2 4 
347 6 2 3 1 4 
348 0 6 2 5 3 4 
349 3 4 0 7 6 1 5 
350 6 0 4 1 
351 2 4 6 5 7 1 
352 1 2 7 3 6 
353 4 1 0 2 
354 4 5 7 6 1 
355 4 6 2 5 7 3 1 
356 5 3 1 2 
357 2 6 5 7 4 
358 4 0 6 2 3 7 1 
359 3 0 5 1 4 
360 2 1 7 6 
361 1 6 7 4 2 
362 1 5 7 6 4 3 
363 4 0 2 3 5 
364 7 4 6 
365 1 5 2 0 3 4 
366 4 5 7 6 3 
367 6 2 3 0 
368 7 2 0 3 1 
369 4 6 1 
370 1 0 7 2 6 
371 5 0 2 6 3 7 
372 5 0 6 2 3 7 1 4 
373 2 7 6 1 
374 3 4 6 5 7 1 
375 5 6 7 4 
376 6 0 2 3 1 
377 0 6 5 4 
378 5 4 2 3 6 
379 7 6 5 4 
380 0 2 6 3 1 4 
381 3 1 2 4 
382 6 0 2 3 7 
383 2 5 4 1 
384 1 6 5 7 4 
385 4 6 2 5 7 3 1 
386 7 0 6 4 2 1 
387 4 5 0 1 
388 6 7 3 2 
389 2 5 4 
390 7 6 2 0 5 3 4 
391 3 0 5 1 4 
392 2 7 3 6 
393 0 4 5 1 
394 1 0 7 2 6 
395 4 0 7 3 2 1 
396 6 2 0 5 3 4 
397 0 5 7 6 4 1 
398 7 0 6 2 3 1 4 
399 6 1 
400 7 3 1 2 
401 4 0 3 5 7 2 6 
402 1 0 5 4 
403 4 1 0 2 
404 7 6 5 1 4 
405 2 6 4 7 5 1 
406 3 5 7 6 4 
407 5 6 4 7 1 
408 6 5 4 1 
409 0 2 5 3 4 1 
410 6 5 7 1 4 
411 6 7 3 
412 0 2 5 3 4 1 
413 3 0 6 2 7 1 4 
414 6 1 
415 3 0 6 4 7 2 1 
416 1 0 2 5 
417 4 2 3 6 
418 7 3 1 2 
419 4 1 7 0 6 
420 6 0 2 3 5 4 
421 2 7 3 6 
422 7 5 4 1 
423 3 4 6 
424 2 6 5 7 4 
425 1 6 5 7 4 
426 1 7 3 6 
427 4 0 5 1 
428 6 0 7 2 
429 1 0 
430 7 0 2 3 5 4 
431 6 4 0 2 3 1 5 
432 7 1 0 6 3 2 
433 4 6 0 7 1 
434 1 0 2 3 5 
435 4 0 5 3 2 
436 7 3 2 6 
437 2 0 7 6 
438 3 2 0 1 5 
439 5 7 6 4 3 
440 6 3 1 2 
441 0 1 7 2 6 
442 6 5 0 4 1 
443 6 0 1 
444 0 4 6 5 7 1 
445 3 4 6 2 5 7 1 
446 6 1 0 7 3 2 
447 2 0 7 6 
448 1 0 2 5 
449 4 0 5 1 
450 7 0 2 1 6 
451 4 0 5 1 
452 6 1 0 2 4 
453 2 4 5 1 
454 7 0 5 1 4 
455 3 7 2 6 
456 2 0 6 7 4 1 
457 1 7 0 6 
458 1 4 0 7 6 5 
459 4 6 5 7 1 
460 6 4 5 7 1 
461 1 4 5 0 
462 7 6 1 
463 6 5 2 0 3 1 4 
464 7 2 3 1 
465 4 0 6 2 3 7 1 
466 1 6 0 4 
467 4 1 0 2 3 5 
468 7 2 0 3 1 
469 2 0 1 4 
470 3 4 5 0 1 
471 5 7 6 1 
472 6 4 0 7 1 5 
473 0 5 3 2 4 
474 6 2 5 1 4 
475 6 1 7 0 
476 0 4 5 1 
477 3 4 5 0 1 
478 6 0 1 4 
479 2 1 7 0 6 
480 1 0 2 6 
481 4 1 2 
482 7 6 1 
483 4 6 7 5 1 
484 6 0 2 5 3 4 1 
485 2 0 5 1 4 
486 7 3 6 
487 3 0 2 7 6 
488 2 7 3 6 
489 1 2 4 
490 1 4 5 
491 4 0 6 7 2 1 
492 6 7 3 
493 1 6 7 5 0 4 
494 7 0 3 2 4 1 
495 6 2 3 1 
496 7 0 6 2 3 1 4 
497 4 2 0 3 1 5 
498 1 3 2 
499 4 6 0 1 
500 7 1 0 6 
501 2 0 5 3 4 
502 3 0 2 6 7 
503 5 6 7 1 4 2 
504 6 1 0 2 3 5 
505 0 1 7 2 6 
506 6 0 5 1 4 
507 6 7 1 
508 0 4 6 5 7 1 
509 3 0 6 2 7 1 4 
510 6 0 2 1 
511 2 7 3 6 
512 1 6 4 7 5 
513 4 5 1 
514 7 6 1 
515 4 0 3 1 2 
516 6 0 4 1 
517 2 6 5 4 
518 7 0 1 4 
519 3 0 2 5 4 1 
520 2 0 5 3 4 1 
521 1 0 7 3 2 4 
522 1 6 2 0 5 3 4 
523 4 3 2 1 6 
524 6 1 0 7 3 2 
525 1 0 7 3 2 4 
526 7 4 0 6 1 5 
527 7 3 5 6 4 
528 7 3 6 
529 4 3 2 1 6 
530 1 4 5 
531 4 6 1 
532 7 0 1 2 6 
533 2 4 6 
534 3 5 0 4 1 
535 5 2 6 3 1 4 
536 6 3 5 7 4 
537 0 7 2 6 
538 6 0 2 7 
539 6 4 0 7 1 5 
540 0 6 5 7 1 4 
541 3 4 2 6 
542 6 0 3 1 2 
543 2 5 1 4 
544 1 6 5 7 4 
545 4 5 1 
546 7 6 0 4 1 
547 4 0 3 5 7 2 6 
548 6 1 0 2 4 
549 2 6 7 1 4 
550 7 0 5 1 4 
551 3 2 0 1 
552 2 0 3 1 
553 1 2 0 3 5 
554 1 6 0 4 
555 4 0 7 2 6 
556 6 1 7 2 
557 1 2 0 3 
558 7 4 6 2 5 3 1 
559 6 1 0 2 3 5 
560 7 0 5 1 4 
561 4 3 1 2 
562 1 6 7 5 0 4 
563 4 6 5 7 1 
564 7 6 0 4 1 
565 2 4 5 1 
566 3 1 2 4 
567 5 6 0 7 1 4 
568 6 4 5 1 
569 0 4 7 6 1 5 
570 6 0 5 1 4 
571 6 1 0 2 4 
572 0 3 5 7 6 4 
573 3 1 0 2 5 
574 6 1 
575 2 3 1 
576 1 7 2 6 
577 4 6 1 
578 7 0 1 2 6 
579 4 2 5 1 
580 6 0 4 3 5 7 2 
581 2 0 4 3 5 7 6 
582 7 5 0 4 1 
583 3 0 2 5 4 
584 2 5 4 
585 1 0 7 3 2 4 
586 1 0 2 6 
587 4 0 6 2 3 7 1 
588 6 2 3 1 4 
589 1 0 5 4 
590 7 3 5 6 4 
591 6 0 7 1 4 
592 7 4 6 
593 4 0 6 7 1 
594 1 4 5 
595 4 1 2 
596 7 0 2 1 5 
597 2 7 3 1 6 
598 3 6 7 5 0 1 4 
599 5 2 6 3 1 4 
600 6 0 4 3 5 7 2 
601 0 2 1 5 
602 6 1 0 2 3 5 
603 6 1 0 7 3 2 
604 0 5 2 4 
605 3 2 0 1 5 
606 6 4 0 2 3 1 5 
607 2 0 6 4 7 1 
608 1 3 5 7 6 4 
609 4 5 0 1 
610 7 6 1 4 2 
611 4 0 5 1 
612 6 2 5 1 4 
613 2 4 3 6 
614 7 5 6 4 3 
615 3 2 0 6 
616 2 4 6 5 7 1 
617 1 6 0 4 
618 1 6 0 7 4 
619 4 6 1 
620 6 4 5 1 
621 1 0 2 6 
622 7 6 2 0 5 3 4 
623 6 3 2 1 
624 7 6 2 0 5 3 4 
625 4 1 0 2 3 5 
626 1 6 5 4 
627 4 0 2 6 3 7 
628 7 2 6 3 1 4 
629 2 0 7 6 
630 3 0 5 1 4 
631 5 2 0 3 1 
632 6 1 2 4 
633 0 4 6 5 7 1 
634 6 2 3 1 4 
635 6 0 1 4 
636 0 4 3 5 7 2 6 
637 3 0 2 1 
638 6 2 3 0 
639 2 6 7 5 0 1 4 
640 1 2 3 
641 4 0 7 6 1 5 
642 7 0 2 1 6 
643 4 6 7 5 0 1 
644 6 3 1 2 
645 2 0 7 3 4 1 
646 7 5 2 4 
647 3 0 5 1 4 
648 2 4 0 7 6 1 5 
649 1 0 5 4 
650 1 6 5 7 4 
651 4 0 7 6 1 5 
652 7 3 6 
653 1 5 2 0 3 4 
654 7 2 6 3 1 4 
655 7 1 0 2 3 5 
656 7 6 0 1 4 
657 4 6 7 5 0 1 
658 1 3 2 6 
659 4 0 3 1 2 
660 7 6 1 
661 2 1 0 4 
662 3 7 6 1 
663 5 7 3 6 
664 7 4 6 5 1 
665 0 5 2 3 1 4 
666 7 0 3 1 2 
667 7 4 5 1 
668 0 2 7 3 1 6 
669 3 0 2 1 5 
670 7 0 1 4 
671 2 0 6 4 7 1 
672 1 0 2 4 
673 4 0 5 1 
674 7 6 1 
675 4 0 3 5 7 2 6 
676 7 6 5 4 
677 2 6 5 7 4 
678 7 0 2 5 3 4 1 
679 3 0 2 1 
680 2 3 1 6 
681 1 4 0 2 3 5 
682 1 5 2 4 
683 4 0 1 7 2 6 
684 7 3 5 6 4 
685 1 2 6 3 4 
686 7 1 2 6 
687 7 0 2 3 1 
688 7 2 5 1 4 
689 4 5 1 
690 1 2 0 3 
691 4 0 1 7 2 6 
692 7 0 3 1 2 
693 2 3 5 7 6 4 
694 3 0 2 7 6 
695 5 6 4 7 1 
696 5 0 4 1 
697 0 5 1 4 
698 5 7 6 4 3 
699 4 5 1 
700 0 1 7 2 6 
701 3 5 7 6 4 
702 5 6 4 7 1 
703 2 4 6 
704 1 3 2 6 
705 4 2 7 3 1 6 
706 4 2 0 3 1 5 
707 4 6 
708 5 7 6 4 3 
709 2 4 5 1 
710 4 0 2 6 3 7 
711 3 5 7 6 4 
712 2 1 0 4 
713 1 2 0 3 5 
714 1 4 6 2 5 7 3 
715 4 0 7 3 2 1 
716 7 6 5 1 4 
717 1 0 
718 5 0 6 7 4 1 
719 4 0 1 7 2 6 
720 5 3 7 6 4 
721 4 6 
722 1 0 7 2 6 
723 4 6 2 0 5 3 
724 5 0 1 4 
725 2 4 6 5 7 3 1 
726 3 4 0 2 1 5 
727 5 6 0 7 1 4 
728 4 5 2 
729 0 4 5 1 
730 5 0 1 4 
731 4 0 2 3 1 5 
732 0 2 6 3 7 
733 3 4 6 
734 4 5 2 
735 2 6 5 4 
736 1 0 2 6 3 7 
737 4 5 1 
738 4 0 2 1 5 
739 4 5 2 0 3 1 
740 5 0 7 3 2 4 1 
741 2 6 0 5 3 4 
742 5 7 6 1 
743 3 4 5 0 1 
744 2 6 5 4 
745 1 2 5 4 
746 1 0 5 4 
747 4 2 0 3 1 5 
748 7 3 6 
749 1 6 5 4 
750 5 4 0 2 3 1 
751 5 4 0 7 6 1 
752 5 2 1 4 
753 5 7 6 4 1 
754 1 2 4 
755 5 4 6 2 7 3 1 
756 5 1 0 2 3 
757 2 0 3 5 4 
758 3 6 1 
759 5 0 4 1 
760 5 6 0 4 1 
761 0 1 2 3 5 
762 5 6 7 4 
763 5 0 2 3 4 1 
764 0 5 7 6 4 3 
765 3 5 7 6 4 
766 5 3 7 6 4 
767 2 5 4 
768 1 0 6 7 4 
769 5 3 1 2 
770 5 0 1 7 2 6 
771 5 2 0 3 1 
772 5 0 2 1 6 
773 2 0 5 1 4 
774 5 1 7 0 6 
775 3 6 5 7 1 4 
776 2 0 3 1 
777 1 5 0 4 
778 1 2 6 3 4 
779 5 0 2 7 6 
780 7 2 0 3 1 
781 1 4 2 3 6 
782 5 4 0 2 3 1 
783 5 7 6 4 3 
784 5 1 7 0 6 
785 5 2 4 
786 0 4 6 
787 5 2 3 0 6 
788 5 1 0 2 4 
789 2 0 1 
790 3 4 2 6 
791 5 0 3 1 2 
792 5 2 6 3 1 4 
793 0 3 1 2 
794 5 2 4 
795 5 1 7 2 6 
796 0 4 6 5 7 1 
797 3 0 6 4 7 2 1 
798 5 0 2 3 1 
799 2 4 5 0 1 
800 0 4 6 2 5 7 3 1 
801 5 1 7 0 6 
802 5 2 6 3 1 4 
803 5 0 1 
804 5 4 1 
805 2 5 0 3 1 4 
806 5 0 1 4 
807 3 6 5 4 
808 2 1 4 
809 0 6 4 1 
810 0 5 1 4 
811 5 0 2 3 4 
812 7 0 5 1 4 
813 0 5 3 2 4 
814 5 7 3 6 
815 5 2 0 3 1 
816 5 6 7 1 4 
817 5 7 3 6 
818 0 2 3 1 
819 5 0 1 4 
820 5 0 2 3 4 
821 2 6 0 7 1 4 
822 3 6 7 1 4 2 
823 5 4 6 7 1 
824 5 0 2 6 3 7 
825 0 2 3 1 5 
826 5 0 3 2 4 
827 5 4 6 2 7 3 1 
828 0 6 5 4 
829 3 5 7 6 4 
830 5 2 0 3 1 
831 2 0 3 1 
832 0 7 3 2 6 
833 5 2 7 3 1 6 
834 5 0 2 1 
835 5 2 4 
836 5 4 0 1 
837 2 3 1 
838 5 4 6 2 7 3 1 
839 3 6 0 7 1 4 
840 2 0 1 5 
841 0 5 1 4 
842 0 5 2 3 1 4 
843 5 0 3 1 2 
844 7 4 2 3 6 
845 0 5 2 3 1 4 
846 5 6 0 7 1 4 
847 5 0 7 3 2 4 1 
848 5 4 0 7 6 1 
849 5 2 0 3 1 4 
850 0 5 4 1 
851 5 6 0 7 1 4 
852 5 0 6 7 4 1 
853 2 1 7 6 
854 3 6 5 4 
855 5 0 3 2 4 
856 5 6 7 1 4 2 
857 0 6 4 7 5 1 
858 5 0 6 4 7 2 1 
859 5 0 2 1 
860 0 6 4 7 2 1 
861 3 2 1 6 
862 5 3 2 1 6 
863 2 3 0 6 
864 0 1 7 2 6 
865 5 6 0 7 1 4 
866 5 2 3 1 
867 5 2 0 3 1 
868 5 6 7 4 
869 2 7 3 6 
870 5 7 6 1 
871 3 1 0 2 5 
872 2 0 6 3 7 
873 0 2 5 1 4 
874 0 6 7 1 4 2 
875 5 0 1 4 
876 7 0 2 1 6 
877 0 4 3 5 7 2 6 
878 5 0 2 7 6 
879 5 0 2 1 
880 5 1 2 4 
881 5 6 0 4 1 
882 0 3 2 1 6 
883 5 6 4 7 1 
884 5 6 7 4 
885 2 4 6 5 7 3 1 
886 3 1 7 0 6 
887 5 1 7 0 6 
888 5 4 1 
889 0 5 1 4 
890 5 6 4 
891 5 0 2 3 4 1 
892 0 5 7 6 4 1 
893 3 0 6 7 4 1 
894 5 4 6 2 7 3 1 
895 2 1 4 
896 0 7 2 6 
897 5 0 1 4 
898 5 2 4 
899 5 4 6 2 7 3 1 
900 5 0 2 6 3 7 
901 2 7 6 1 
902 5 6 1 
903 3 4 5 0 1 
904 2 1 7 0 6 
905 0 1 4 
906 0 3 2 1 6 
907 5 0 7 2 6 
908 7 0 2 6 
909 0 4 7 6 1 5 
910 5 6 2 0 3 4 
911 5 4 0 1 
912 3 1 2 
913 3 5 7 6 4 
914 0 2 3 5 4 
915 3 0 1 7 2 6 
916 0 5 1 4 
917 2 6 0 7 1 4 
918 3 4 0 2 1 5 
919 0 2 3 6 
920 2 0 3 5 4 
921 0 6 2 5 3 4 
922 0 3 1 2 
923 1 5 2 0 3 4 
924 0 4 3 5 7 2 6 
925 3 1 2 4 
926 0 5 2 3 1 4 
927 2 0 7 6 
928 0 2 7 3 1 6 
929 3 2 0 1 
930 0 5 1 4 
931 0 1 
932 1 0 2 5 
933 2 6 3 1 4 
934 0 7 2 6 
935 3 0 4 5 7 2 6 
936 2 5 7 6 4 3 
937 0 6 7 1 4 
938 0 4 6 
939 0 2 6 3 7 
940 2 0 6 4 7 1 
941 0 6 4 1 
942 1 4 6 5 7 
943 0 5 1 4 
944 3 0 2 5 4 1 
945 3 1 0 2 4 
946 0 6 5 7 4 
947 3 7 6 
948 0 5 2 4 
949 3 0 2 1 5 
950 3 0 6 7 4 1 
951 0 1 7 2 6 
952 2 0 5 1 4 
953 0 2 3 1 
954 0 1 6 7 3 2 
955 1 0 4 
956 0 2 3 6 
957 3 2 7 1 6 
958 0 1 6 7 3 2 
959 2 6 7 1 4 
960 3 5 2 0 1 4 
961 3 6 4 7 5 1 
962 0 5 2 3 1 4 
963 0 7 6 1 
964 3 2 7 1 6 
965 3 5 2 4 
966 3 2 1 
967 3 4 5 0 1 
968 3 0 6 7 4 1 
969 2 4 0 3 1 5 
970 0 5 3 2 4 
971 0 1 2 3 5 
972 3 6 0 7 1 4 
973 0 6 2 3 7 1 4 
974 1 6 2 0 5 3 4 
975 3 0 2 1 
976 3 5 7 6 4 1 
977 3 1 7 2 6 
978 0 2 1 6 
979 3 5 2 0 1 4 
980 0 6 7 5 1 4 
981 2 0 1 6 
982 3 2 7 1 6 
983 0 7 3 2 6 
984 3 1 2 4 
985 0 2 6 3 7 
986 0 7 3 2 4 1 
987 1 0 7 3 2 4 
988 0 6 5 4 
989 3 2 5 1 4 
990 0 2 5 1 4 
991 2 0 7 3 4 1 
992 0 2 3 6 
993 3 0 5 1 4 
994 3 2 1 
995 2 0 1 
996 1 5 2 0 3 4 
997 2 0 4 3 5 7 6 
998 0 6 2 5 3 4 
999 3 4 6 2 5 7 1 
1000 2 4 6 
1001 0 1 7 2 6 
1002 0 2 3 1 
1003 3 2 6 1 4 
1004 2 6 0 4 1 
1005 0 1 7 2 6 
1006 1 7 3 2 6 
1007 0 3 1 2 
1008 3 4 2 6 
1009 3 6 1 
1010 0 1 4 
1011 3 2 0 1 5 
1012 0 1 7 2 6 
1013 3 0 7 2 6 
1014 3 0 6 7 4 1 
1015 0 6 4 7 2 1 
1016 3 0 6 2 7 1 4 
1017 0 6 5 7 4 
1018 0 7 3 6 
1019 1 3 2 6 
1020 0 6 4 7 5 1 
1021 3 2 6 1 4 
1022 0 2 7 3 1 6 
1023 3 4 2 6 
