0 3 0 6 1 7 4 
1 2 0 1 5 
2 5 4 0 1 7 
3 3 0 4 
4 1 0 4 7 5 6 
5 3 1 4 7 5 0 
6 2 1 0 4 
7 3 4 2 5 
8 3 1 0 4 
9 4 5 1 
10 0 3 7 1 
11 4 0 1 7 
12 1 0 4 7 5 6 
13 4 1 3 0 
14 2 5 3 7 
15 0 6 7 4 
16 4 1 
17 7 1 2 0 
18 0 1 4 6 
19 0 6 1 7 
20 3 0 4 
21 3 7 4 5 0 1 
22 6 3 0 4 
23 3 1 0 2 
24 3 6 7 4 
25 6 1 0 2 
26 0 7 6 1 
27 5 0 1 4 
28 0 4 2 3 5 
29 1 4 2 3 5 
30 1 5 6 2 3 7 
31 7 4 5 3 
32 3 7 4 5 0 1 
33 2 0 4 7 5 6 1 
34 6 7 3 
35 3 6 7 
36 1 0 7 6 2 4 
37 3 0 4 1 
38 2 4 5 1 3 7 
39 3 6 4 0 5 1 7 
40 3 5 7 6 2 
41 4 2 0 3 1 
42 0 4 2 3 5 
43 4 3 7 1 
44 1 7 6 2 4 3 
45 4 0 7 5 6 1 
46 2 5 6 7 4 
47 0 6 7 4 
48 4 1 0 6 5 7 2 
49 7 3 1 
50 0 2 3 
51 0 1 4 
52 3 0 4 1 
53 3 7 5 6 4 
54 6 0 4 7 5 1 
55 3 7 5 6 4 
56 3 0 1 4 
57 6 3 7 1 
58 0 1 4 6 5 7 2 
59 5 0 2 1 
60 0 7 3 5 2 4 
61 1 6 7 3 
62 1 4 5 
63 7 1 3 0 4 
64 3 2 1 7 
65 2 6 7 3 
66 6 0 2 1 5 
67 3 4 5 
68 1 4 5 
69 3 6 7 
70 2 7 3 5 4 
71 3 6 5 7 4 
72 2 0 4 1 3 
73 4 2 3 
74 0 3 4 
75 4 6 0 1 7 
76 1 5 4 3 
77 4 6 7 
78 2 4 7 1 0 3 
79 0 5 1 4 3 
80 4 1 0 6 
81 7 4 0 1 
82 0 7 1 6 2 4 3 
83 0 6 7 2 3 
84 3 4 2 0 5 
85 3 5 6 2 7 
86 6 7 4 
87 3 4 2 5 
88 3 4 5 7 
89 6 1 4 7 5 0 
90 0 5 1 4 
91 5 4 1 
92 0 1 2 7 
93 1 6 7 4 
94 1 0 6 7 4 
95 7 1 3 0 2 
96 3 7 5 6 4 
97 2 0 5 1 4 
98 6 5 3 2 7 
99 3 1 0 2 
100 1 7 4 6 
101 3 7 5 6 4 
102 2 1 0 
103 1 3 0 5 
104 3 4 7 2 6 1 
105 4 2 3 5 
106 0 7 6 1 2 4 
107 4 2 3 1 7 
108 1 5 7 6 2 
109 4 0 2 1 5 
110 2 6 5 7 4 
111 0 3 7 1 
112 4 7 2 6 1 
113 7 1 4 5 0 
114 0 4 1 7 
115 0 1 4 7 5 
116 3 1 4 7 5 0 
117 3 0 2 
118 6 5 7 4 
119 3 5 2 7 
120 3 7 6 0 1 
121 6 5 3 2 7 
122 0 7 6 1 2 4 
123 5 0 4 1 3 
124 0 3 5 
125 1 5 0 4 
126 1 4 7 2 6 
127 7 1 0 4 
128 3 1 4 7 5 0 
129 2 0 4 7 5 6 1 
130 6 1 0 4 5 7 2 
131 3 5 6 2 7 
132 1 0 7 6 2 4 
133 3 7 4 5 0 1 
134 2 0 7 6 1 4 
135 3 4 2 5 
136 3 6 4 0 5 1 7 
137 4 5 3 
138 1 2 3 7 
139 4 2 0 3 1 
140 1 2 6 7 3 
141 4 0 1 3 
142 2 1 0 4 6 5 7 
143 0 6 7 4 
144 4 0 1 7 
145 7 3 5 2 4 
146 0 6 1 7 4 
147 0 5 1 4 3 
148 3 4 2 5 
149 3 5 7 6 2 
150 6 2 0 1 7 
151 3 4 2 5 
152 3 5 1 0 4 
153 6 4 5 7 
154 0 4 5 3 
155 5 2 6 7 3 
156 0 4 5 7 
157 1 0 7 6 2 4 
158 1 6 0 7 
159 7 6 4 
160 3 0 1 4 
161 2 5 6 3 7 
162 6 4 2 0 3 5 
163 3 4 2 5 
164 1 7 3 5 2 4 
165 3 1 0 2 
166 2 1 4 0 6 
167 3 6 7 4 
168 3 6 7 2 
169 4 0 1 7 
170 0 4 5 3 
171 4 5 0 3 1 7 
172 1 6 0 7 
173 4 2 6 7 3 
174 2 4 5 1 3 7 
175 0 7 5 6 4 3 
176 4 1 7 5 0 
177 7 2 3 1 
178 0 2 3 
179 0 4 2 3 5 
180 3 5 1 4 
181 1 2 0 3 4 
182 6 1 2 0 7 
183 3 4 5 1 2 7 
184 3 6 7 4 
185 6 1 3 0 4 
186 0 4 7 5 6 1 
187 5 3 0 
188 0 4 5 1 
189 1 3 7 
190 1 7 4 6 
191 7 4 1 
192 3 6 7 
193 2 4 5 3 
194 6 7 3 2 1 
195 3 2 
196 1 4 5 
197 1 0 4 
198 2 6 7 4 
199 3 7 4 6 
200 1 6 7 4 
201 4 2 5 3 
202 0 6 5 7 4 
203 4 5 1 
204 1 0 2 3 
205 4 1 0 6 
206 2 1 0 4 
207 0 1 3 2 
208 4 1 
209 7 0 2 3 
210 0 3 1 4 
211 0 4 5 7 
212 2 0 1 5 
213 3 4 5 7 
214 6 2 3 1 7 
215 3 1 4 0 6 
216 3 4 0 1 7 
217 6 0 4 1 3 
218 0 4 7 5 6 1 
219 5 1 3 0 4 
220 0 2 6 7 3 
221 1 6 7 4 
222 1 4 2 3 5 
223 7 4 5 
224 3 6 7 2 
225 2 1 4 7 5 0 
226 6 5 3 2 7 
227 3 0 1 4 
228 1 6 7 3 
229 3 4 7 1 0 
230 2 0 1 7 
231 3 4 2 5 
232 3 6 0 1 7 
233 4 7 1 0 3 
234 0 7 6 1 
235 4 5 7 
236 1 5 6 2 3 7 
237 4 5 3 2 7 
238 2 5 6 7 4 
239 1 4 
240 4 1 0 2 
241 7 4 6 
242 0 4 5 3 1 7 
243 0 2 3 1 4 
244 3 0 2 
245 3 5 1 0 4 
246 6 4 7 2 1 
247 3 4 2 5 
248 2 4 5 0 3 1 7 
249 6 5 2 3 7 
250 0 6 7 4 
251 5 7 3 2 4 
252 0 5 6 7 4 
253 1 0 2 5 
254 1 0 4 3 
255 7 5 6 2 3 
256 3 4 5 7 
257 2 4 0 3 5 
258 6 1 4 0 
259 3 5 6 2 7 
260 1 3 7 
261 3 6 7 4 
262 2 1 4 3 5 
263 2 4 1 6 0 7 
264 3 1 4 2 5 
265 4 6 7 2 3 
266 0 4 2 3 5 
267 4 0 7 5 6 1 
268 1 4 5 
269 4 2 5 3 
270 2 1 3 0 4 
271 0 2 3 1 4 
272 4 0 5 1 
273 7 4 1 6 0 
274 1 3 0 4 
275 0 6 4 5 1 7 
276 3 6 7 
277 3 7 5 2 4 
278 6 5 1 0 4 
279 3 0 5 
280 3 0 5 1 4 
281 6 1 0 4 
282 0 4 7 1 3 
283 5 6 7 4 
284 1 5 0 4 
285 1 7 6 2 4 3 
286 1 2 0 7 
287 7 4 5 0 3 1 
288 2 5 7 6 
289 1 0 6 7 4 
290 6 4 2 3 5 
291 1 4 5 7 
292 1 5 7 6 2 
293 3 0 5 
294 2 5 3 7 
295 3 6 7 4 
296 3 6 7 4 
297 5 4 1 6 0 7 
298 0 4 2 5 3 
299 4 7 3 2 6 1 
300 1 4 6 0 7 
301 4 7 6 
302 2 4 5 1 
303 0 4 1 6 7 
304 5 0 2 3 
305 7 0 4 1 3 
306 0 4 5 3 
307 1 6 7 4 
308 3 4 1 
309 3 0 4 1 
310 6 7 5 4 3 
311 3 4 5 
312 3 4 5 0 1 7 
313 7 0 6 1 2 4 
314 0 7 1 6 2 4 3 
315 5 6 4 0 1 7 
316 0 4 5 1 3 2 7 
317 1 3 0 5 
318 1 6 7 4 
319 7 2 6 3 
320 0 5 1 4 3 
321 2 1 4 0 6 
322 6 4 0 5 1 7 
323 2 5 1 4 3 
324 1 4 7 5 0 
325 2 6 7 3 
326 2 7 4 6 
327 3 0 6 1 7 4 
328 3 1 4 2 5 
329 4 0 5 1 
330 0 5 7 6 2 
331 5 6 7 2 3 
332 1 7 3 2 6 
333 4 0 6 1 7 
334 2 0 7 6 1 4 
335 0 5 1 4 
336 4 5 1 0 
337 7 3 0 4 
338 0 6 7 3 
339 0 3 1 4 
340 3 5 0 4 
341 3 4 5 0 1 7 
342 6 1 0 4 
343 1 5 6 2 3 7 
344 1 4 0 6 
345 6 2 0 1 7 
346 0 4 5 3 
347 5 4 2 3 
348 0 5 1 4 
349 1 6 0 7 
350 1 2 3 7 
351 7 6 5 4 
352 3 6 7 2 
353 2 6 5 7 4 
354 6 4 5 1 3 2 7 
355 3 0 4 1 
356 1 0 3 4 
357 3 1 4 0 6 
358 0 4 5 3 
359 3 1 0 4 
360 3 1 4 2 5 
361 4 5 3 2 7 
362 0 2 1 7 
363 4 0 2 1 5 
364 1 0 2 
365 4 0 1 7 
366 2 4 0 3 5 
367 0 6 5 7 4 
368 4 5 6 2 3 7 
369 7 3 5 2 4 
370 0 1 4 6 
371 0 7 1 6 2 4 3 
372 0 7 3 2 6 1 
373 2 5 0 4 
374 6 7 3 2 1 
375 2 6 7 3 
376 3 2 6 7 
377 6 1 0 4 5 7 2 
378 1 3 0 4 
379 5 3 0 
380 0 4 7 5 6 1 
381 1 0 6 7 4 
382 1 7 4 6 
383 7 1 4 2 3 5 
384 3 2 1 7 
385 2 4 5 7 
386 6 4 5 7 
387 3 7 1 
388 1 5 7 6 2 
389 3 0 5 
390 2 6 7 4 
391 3 4 1 
392 3 5 1 0 4 
393 4 0 2 3 
394 0 1 4 6 5 7 2 
395 4 1 6 0 7 
396 1 6 7 2 3 
397 4 6 7 
398 2 3 0 4 
399 0 7 3 5 2 4 
400 4 3 7 1 
401 7 6 3 
402 0 3 5 
403 0 7 6 1 
404 3 5 1 0 4 
405 3 7 1 6 2 4 
406 6 4 5 3 
407 3 6 7 4 
408 3 6 7 4 
409 6 1 0 4 
410 0 1 2 7 
411 5 7 6 0 1 
412 0 2 3 
413 1 2 0 7 
414 1 7 5 6 4 3 
415 7 4 0 1 
416 3 1 4 2 5 
417 2 6 7 3 
418 6 5 7 2 
419 3 2 1 7 
420 1 2 0 7 
421 3 6 5 7 4 
422 2 3 0 5 
423 3 7 6 0 1 
424 3 2 6 7 
425 4 2 0 3 5 
426 0 1 2 7 
427 4 1 3 0 2 
428 1 4 5 0 3 7 
429 4 5 0 
430 1 5 6 7 4 
431 0 1 4 
432 4 1 0 6 5 7 2 
433 7 6 4 0 5 1 
434 0 2 3 
435 0 4 7 1 3 
436 3 4 7 1 0 
437 3 4 5 7 
438 6 7 4 
439 3 1 0 4 
440 3 0 5 
441 6 7 4 
442 0 1 2 7 
443 5 0 4 7 6 1 
444 0 4 1 6 7 
445 1 6 7 3 
446 1 4 
447 7 4 5 0 1 
448 3 6 7 2 
449 2 5 1 4 3 
450 7 2 3 
451 3 7 6 0 1 
452 1 0 3 4 
453 3 2 
454 2 7 1 6 4 3 
455 3 0 4 7 5 6 1 
456 3 4 5 
457 4 7 5 0 1 
458 0 3 5 
459 4 1 7 5 0 
460 1 7 3 2 6 
461 4 1 
462 2 5 6 7 4 
463 0 6 7 4 
464 4 6 7 
465 7 6 5 4 
466 0 5 1 4 
467 0 4 5 1 
468 3 1 0 4 
469 3 7 2 6 1 
470 6 7 4 5 0 1 
471 3 1 0 2 
472 3 1 4 7 5 0 
473 6 4 7 2 1 
474 0 1 3 2 
475 5 2 3 1 7 
476 0 4 5 3 
477 1 4 7 2 6 
478 1 2 0 7 
479 7 5 6 2 
480 3 4 5 0 1 7 
481 2 4 0 3 5 
482 6 7 1 2 4 3 
483 3 5 6 7 4 
484 1 0 4 3 
485 3 1 4 2 5 
486 2 7 3 5 4 
487 3 2 
488 3 6 7 
489 4 5 7 
490 0 2 3 
491 4 2 1 0 7 
492 1 4 
493 4 5 7 
494 2 5 0 4 
495 0 1 4 
496 4 2 1 0 7 
497 7 6 0 1 
498 0 6 7 3 
499 0 2 1 7 
500 3 0 6 1 7 4 
501 3 2 
502 6 5 7 4 
503 3 7 4 5 0 1 
504 3 2 0 1 7 
505 6 4 5 3 
506 0 6 7 3 
507 5 4 7 
508 0 7 1 6 2 4 3 
509 1 4 0 6 
510 1 5 6 7 4 
511 7 5 6 4 
512 3 1 0 2 
513 2 5 3 7 
514 6 1 0 2 
515 3 1 0 4 
516 1 6 7 3 
517 2 4 0 3 5 
518 2 0 1 5 
519 2 3 7 1 
520 2 3 0 4 
521 4 2 0 1 7 
522 0 3 1 4 
523 4 5 7 
524 1 2 0 7 
525 4 7 1 0 3 
526 2 7 4 6 
527 0 2 3 
528 4 6 7 3 
529 7 0 4 5 6 1 
530 0 4 5 3 1 7 
531 0 1 2 7 
532 2 6 7 4 
533 2 3 1 7 
534 6 3 0 4 
535 2 4 0 3 5 
536 2 1 0 4 6 5 7 
537 6 4 2 3 5 
538 0 2 3 1 4 
539 5 2 6 7 3 
540 0 4 5 7 
541 1 6 7 3 
542 1 0 4 3 
543 7 4 1 
544 2 6 7 3 
545 2 5 7 6 
546 6 2 1 0 7 
547 2 4 1 
548 1 5 0 4 
549 2 1 0 
550 2 5 6 7 4 
551 2 1 0 7 
552 2 4 0 3 5 
553 4 1 0 
554 0 4 5 7 
555 4 5 1 0 
556 1 7 4 6 
557 4 6 7 3 
558 2 7 3 6 1 
559 0 1 3 4 
560 4 5 7 
561 7 5 6 2 
562 0 1 3 2 
563 0 1 4 7 5 
564 2 4 1 6 0 7 
565 2 5 0 4 
566 6 4 7 1 0 3 
567 2 0 7 6 1 4 
568 2 6 0 1 7 
569 6 4 2 0 3 5 
570 0 6 7 3 
571 5 7 1 6 2 4 3 
572 0 6 1 7 4 
573 1 2 0 7 
574 1 4 5 3 
575 7 0 6 1 2 4 
576 2 6 7 4 
577 2 4 5 3 
578 6 4 7 1 0 3 
579 2 6 0 1 7 
580 1 6 4 0 5 7 
581 2 0 3 1 4 
582 2 7 4 5 0 1 
583 2 5 1 0 4 
584 2 0 7 6 1 4 
585 4 7 5 0 1 
586 0 3 5 
587 4 6 7 
588 1 3 0 2 
589 4 7 1 0 3 
590 2 4 3 5 
591 0 4 1 6 7 
592 4 2 5 3 
593 7 4 5 0 3 1 
594 0 1 2 7 
595 0 2 1 7 
596 2 0 6 1 7 4 
597 2 1 4 3 5 
598 6 2 0 3 1 4 
599 2 4 0 1 7 
600 2 4 5 7 
601 6 0 7 1 2 4 
602 0 7 3 5 2 4 
603 5 4 1 3 2 7 
604 0 4 5 7 
605 1 4 0 7 
606 1 4 2 5 3 
607 7 4 5 1 
608 2 6 4 0 5 1 7 
609 2 4 5 3 
610 6 4 0 5 1 7 
611 2 1 0 7 
612 1 2 0 7 
613 2 7 3 6 1 
614 2 0 3 1 4 
615 2 0 3 1 4 
616 2 0 5 1 4 
617 4 6 7 3 
618 0 2 1 5 
619 4 0 1 3 
620 1 3 7 
621 4 7 6 0 1 
622 2 1 3 0 
623 0 2 3 
624 4 2 5 3 
625 7 5 6 4 3 
626 0 6 1 7 4 
627 0 3 1 4 
628 2 6 7 3 
629 2 7 6 0 1 
630 6 3 0 5 
631 2 0 5 1 4 
632 2 4 5 3 
633 6 7 0 1 
634 0 5 6 2 3 7 
635 5 4 2 3 
636 0 7 4 5 1 
637 1 4 7 2 6 
638 1 7 4 5 0 
639 7 4 2 6 1 
640 2 5 1 4 3 
641 2 6 7 3 
642 6 5 7 4 
643 2 4 5 3 
644 1 0 7 6 2 4 
645 2 7 6 0 1 
646 2 7 1 6 4 3 
647 2 5 7 6 
648 2 0 4 7 5 6 1 
649 4 5 6 2 3 7 
650 0 4 5 1 3 2 7 
651 4 5 6 2 3 7 
652 1 5 0 4 
653 4 7 2 6 1 
654 2 6 7 4 
655 0 4 5 7 
656 4 7 3 2 6 1 
657 7 5 6 4 3 
658 0 5 6 2 3 7 
659 0 1 4 7 5 
660 2 0 3 
661 2 1 3 0 4 
662 6 7 3 5 2 4 
663 2 4 5 7 
664 2 6 0 1 7 
665 6 1 3 0 2 
666 0 7 6 1 2 4 
667 5 4 1 
668 0 6 7 4 
669 1 2 3 7 
670 1 0 5 4 
671 7 4 5 0 3 1 
672 2 5 6 7 4 
673 2 3 0 5 
674 6 4 7 1 0 3 
675 2 4 1 
676 1 5 0 4 
677 2 1 4 0 6 
678 2 5 3 7 
679 2 0 1 5 
680 2 1 0 
681 4 1 0 6 
682 0 4 1 6 7 
683 4 7 2 6 1 
684 1 7 5 6 4 3 
685 4 6 0 1 7 
686 2 6 5 7 4 
687 1 4 0 7 
688 4 3 0 
689 7 6 3 
690 1 2 0 7 
691 1 5 0 4 
692 2 4 5 7 
693 2 0 3 1 4 
694 6 4 5 3 
695 2 0 5 1 4 
696 2 0 3 
697 6 4 5 1 3 2 7 
698 1 0 2 5 
699 5 7 4 0 1 
700 1 7 4 5 0 
701 1 0 2 5 
702 1 3 0 2 
703 7 2 0 1 
704 2 7 1 6 4 3 
705 2 6 4 0 5 1 7 
706 6 2 1 0 7 
707 2 5 1 4 3 
708 1 5 0 4 
709 2 7 4 6 
710 0 1 4 
711 1 4 5 0 3 7 
712 1 7 3 2 6 
713 4 5 1 3 2 7 
714 1 4 7 2 6 
715 4 1 2 3 5 
716 1 7 4 6 
717 4 3 0 
718 1 7 6 0 
719 1 4 6 0 7 
720 4 6 7 
721 7 4 1 6 0 
722 1 4 5 
723 1 4 5 0 3 7 
724 0 5 1 4 
725 1 4 5 0 3 7 
726 6 7 3 
727 1 4 0 7 
728 1 2 0 3 4 
729 6 1 3 0 2 
730 1 6 5 7 4 
731 5 6 7 3 
732 1 4 2 3 5 
733 1 4 2 5 3 
734 1 0 7 6 2 4 
735 7 4 1 0 3 
736 0 2 3 1 7 
737 1 6 7 3 
738 6 4 5 3 
739 1 2 0 3 4 
740 1 6 7 4 
741 1 4 5 3 
742 0 3 7 1 
743 7 4 5 1 3 2 
744 5 4 2 3 
745 4 1 6 0 7 
746 6 5 3 2 7 
747 4 6 7 3 
748 5 2 3 1 7 
749 4 5 3 
750 4 5 6 7 
751 4 2 0 3 1 
752 4 7 2 6 1 
753 7 6 4 
754 5 6 7 4 
755 6 1 4 2 3 5 
756 6 4 5 3 
757 4 2 0 3 1 
758 6 2 0 3 1 4 
759 7 4 2 5 3 
760 4 5 1 3 2 7 
761 6 2 1 0 7 
762 6 4 1 
763 5 4 3 
764 7 1 2 0 
765 4 1 3 0 2 
766 7 4 5 
767 7 4 6 
768 7 5 6 4 
769 7 2 0 1 
770 6 4 2 0 3 5 
771 5 4 3 
772 5 6 7 2 3 
773 7 1 6 2 4 3 
774 6 1 0 4 5 7 2 
775 6 3 0 4 
776 6 5 7 2 
777 4 1 0 2 
778 6 7 3 
779 4 1 
780 5 6 7 3 
781 4 5 1 3 2 7 
782 4 2 3 5 
783 4 7 6 
784 4 6 0 1 7 
785 7 6 4 
786 5 4 3 
787 7 3 1 
788 6 1 3 0 4 
789 4 7 5 6 3 
790 6 4 0 5 1 7 
791 7 0 2 1 5 
792 4 1 0 6 5 7 2 
793 6 7 2 3 
794 6 5 1 4 3 
795 5 3 2 7 
796 7 2 6 3 
797 4 5 0 
798 7 4 5 
799 7 4 2 6 1 
800 7 0 5 1 4 
801 7 4 5 1 
802 6 7 3 2 1 
803 5 0 6 1 7 4 
804 5 7 3 2 4 
805 7 3 2 6 1 
806 6 5 1 0 4 
807 6 0 2 3 
808 6 7 4 
809 4 5 1 0 
810 6 1 4 2 3 5 
811 4 5 7 
812 5 0 2 1 
813 4 0 6 1 7 
814 4 5 1 
815 4 0 5 1 
816 4 3 0 
817 7 4 5 1 3 2 
818 5 1 0 2 
819 6 4 5 7 
820 7 2 0 3 1 4 
821 4 5 7 6 2 
822 6 1 0 4 
823 7 4 5 3 
824 4 6 7 
825 6 7 3 5 2 4 
826 6 7 5 4 3 
827 5 4 2 0 3 
828 7 6 2 3 
829 4 5 6 2 3 7 
830 7 2 1 0 
831 7 6 0 1 
832 7 6 4 
833 7 2 1 0 
834 6 7 4 
835 5 4 7 
836 5 1 0 2 
837 7 2 3 
838 7 0 2 3 
839 6 1 3 0 2 
840 6 4 7 1 0 3 
841 4 5 1 3 2 7 
842 6 5 3 2 7 
843 4 1 0 6 5 7 2 
844 5 3 0 4 
845 4 0 3 1 
846 4 1 2 0 7 
847 4 7 2 6 1 
848 4 6 5 7 
849 7 6 0 1 
850 5 1 0 4 
851 6 7 1 2 4 3 
852 6 7 4 
853 4 0 1 3 
854 6 0 1 7 4 
855 7 3 0 4 
856 4 1 2 0 7 
857 6 7 1 2 4 3 
858 6 0 3 1 4 
859 5 0 1 4 
860 7 0 4 1 3 
861 4 6 7 
862 7 3 0 4 
863 7 6 0 1 
864 7 4 5 
865 7 5 6 4 3 
866 6 0 7 1 2 4 
867 5 1 2 0 7 
868 5 1 4 3 
869 7 4 5 3 
870 6 5 7 4 
871 6 1 3 0 2 
872 6 2 3 1 7 
873 4 1 0 6 
874 6 5 3 2 7 
875 5 1 0 4 6 7 2 
876 5 4 0 1 7 
877 5 6 7 4 
878 5 6 7 4 
879 5 0 6 1 7 4 
880 5 2 3 
881 7 5 6 4 
882 5 6 7 2 3 
883 6 2 1 0 7 
884 6 1 4 2 3 5 
885 5 6 7 4 
886 6 7 3 
887 7 4 1 0 3 
888 5 1 4 7 0 
889 6 4 7 1 0 3 
890 6 7 4 
891 5 6 4 0 1 7 
892 7 6 0 1 
893 5 0 6 1 7 4 
894 7 5 1 4 3 
895 7 6 4 0 5 1 
896 7 4 5 
897 7 4 5 3 
898 6 0 1 7 
899 5 2 3 1 7 
900 5 4 0 3 1 7 
901 7 5 6 4 3 
902 6 4 7 2 1 
903 6 4 1 
904 6 0 4 7 5 1 
905 5 2 1 0 7 
906 6 5 0 4 
907 5 0 2 3 
908 5 3 2 7 
909 5 4 0 1 7 
910 5 2 0 1 7 
911 5 7 6 0 1 
912 5 4 7 1 0 3 
913 7 0 3 1 4 
914 5 4 2 0 3 
915 6 7 3 
916 6 5 3 2 7 
917 5 6 4 0 1 7 
918 6 1 4 0 
919 7 1 6 2 4 3 
920 5 1 0 2 
921 6 0 5 1 4 
922 6 7 4 5 0 1 
923 5 0 2 1 
924 7 1 2 0 
925 5 1 0 2 
926 7 4 2 6 1 
927 7 4 2 5 3 
928 7 2 6 3 
929 7 2 3 
930 6 2 7 3 
931 5 7 4 0 1 
932 5 0 4 1 3 
933 7 6 5 4 
934 6 5 2 3 7 
935 6 5 0 4 
936 6 4 0 5 1 7 
937 5 0 2 1 
938 7 3 1 
939 5 1 0 4 6 7 2 
940 5 0 4 
941 5 1 4 2 3 
942 5 3 0 
943 5 6 7 4 
944 5 3 7 1 
945 7 0 2 3 
946 5 4 3 
947 6 2 3 1 7 
948 6 5 1 4 3 
949 5 4 1 3 2 7 
950 7 4 1 6 0 
951 5 0 4 
952 5 7 4 0 1 
953 6 5 7 2 
954 7 5 1 4 3 
955 5 4 1 6 0 7 
956 7 1 0 4 6 5 2 
957 5 4 1 3 2 7 
958 7 2 6 3 
959 7 0 2 3 
960 5 2 3 
961 5 7 3 2 4 
962 5 0 4 
963 5 4 2 3 
964 5 2 0 1 7 
965 5 1 3 0 2 
966 5 7 4 6 
967 6 1 3 0 4 
968 7 3 2 6 1 
969 5 1 4 0 6 
970 5 1 3 0 4 
971 5 1 4 2 3 
972 5 1 0 2 
973 5 2 0 3 1 4 
974 5 0 4 7 6 1 
975 5 1 4 7 0 
976 5 1 4 7 0 
977 5 1 3 0 4 
978 5 4 7 
979 4 5 1 3 
980 5 7 6 4 3 
981 5 6 4 0 1 7 
982 5 7 6 2 
983 7 2 6 3 
984 5 6 7 2 3 
985 4 0 5 1 
986 7 2 6 3 
987 5 4 3 
988 5 1 3 0 4 
989 5 7 3 2 4 
990 7 2 3 
991 5 4 0 1 7 
992 7 4 5 0 3 1 
993 7 3 1 
994 7 4 1 6 0 
995 5 2 0 1 7 
996 5 4 2 0 3 
997 7 3 5 2 4 
998 7 3 2 6 1 
999 7 5 6 4 
1000 7 2 0 1 
1001 5 4 1 
1002 7 4 5 1 
1003 5 0 2 3 
1004 5 2 0 3 1 4 
1005 5 4 2 3 
1006 5 7 6 4 3 
1007 5 2 1 0 7 
1008 5 7 3 2 6 1 
1009 7 6 0 1 
1010 5 7 6 0 1 
1011 7 4 5 3 
1012 7 6 3 
1013 5 1 4 3 
1014 7 1 0 4 6 5 2 
1015 7 6 2 3 
1016 5 4 2 3 
1017 7 4 6 
1018 7 3 0 4 
1019 5 1 0 4 6 7 2 
1020 7 6 4 
1021 5 0 3 1 4 
1022 7 6 4 
1023 5 1 2 0 7 
