0 5 4 7 
1 1 0 4 6 
2 0 4 7 2 1 5 
3 4 5 1 0 6 
4 2 4 5 7 
5 5 4 7 
6 3 0 5 6 1 
7 3 6 7 
8 6 3 7 2 0 
9 4 5 7 
10 2 3 7 1 
11 3 4 5 7 
12 7 0 1 
13 3 4 5 6 7 
14 1 3 2 0 
15 7 1 6 0 
16 5 1 6 0 7 
17 4 5 1 0 6 
18 6 3 0 7 2 1 
19 3 6 7 5 4 
20 6 0 1 7 
21 6 0 1 5 
22 0 1 4 6 
23 0 2 4 1 
24 4 6 7 
25 3 0 1 7 
26 5 1 2 4 0 3 7 
27 7 6 5 4 
28 2 3 7 6 
29 6 1 2 4 0 3 7 5 
30 3 1 6 0 7 
31 6 0 1 4 2 
32 3 7 4 
33 2 0 4 1 6 
34 3 2 7 1 0 
35 1 5 7 4 3 0 
36 6 0 4 7 1 
37 1 6 7 5 4 
38 2 3 1 0 6 4 5 7 
39 5 4 7 6 
40 4 1 2 0 3 7 5 
41 4 5 7 3 0 
42 0 4 5 6 7 
43 6 5 4 7 
44 3 7 1 0 
45 3 6 7 
46 1 3 0 2 7 
47 0 3 2 1 7 
48 5 0 1 4 2 
49 0 7 4 2 3 6 5 
50 2 1 4 0 5 
51 7 4 5 6 
52 4 0 1 6 2 7 
53 2 7 5 4 
54 7 1 4 0 5 
55 2 0 4 7 1 
56 7 4 6 
57 7 0 6 1 5 
58 2 4 7 5 
59 4 5 
60 4 1 0 5 
61 2 3 7 1 
62 7 4 5 6 
63 6 2 3 1 7 0 
64 5 1 0 4 3 
65 1 0 7 
66 0 5 7 4 3 
67 5 0 1 7 
68 2 7 5 4 6 
69 6 0 5 3 7 1 
70 3 0 5 7 1 
71 2 0 5 6 3 1 
72 6 3 0 4 
73 5 3 7 2 0 
74 2 0 4 1 
75 3 7 2 0 
76 7 1 0 2 5 
77 3 4 6 7 1 0 
78 1 5 2 4 3 0 7 
79 7 4 5 3 1 
80 5 4 7 
81 4 1 2 0 3 7 5 
82 6 3 4 2 1 
83 3 2 1 4 0 6 
84 6 7 5 4 
85 7 4 1 2 0 3 
86 0 1 4 2 
87 0 6 2 3 1 7 
88 4 2 1 0 3 6 
89 3 1 6 0 7 
90 5 1 3 7 2 0 4 
91 7 0 4 1 
92 2 0 5 3 7 1 
93 6 4 7 5 
94 3 1 2 4 0 7 5 
95 6 4 7 
96 3 2 7 5 1 4 
97 2 7 5 4 6 
98 3 5 7 4 0 
99 1 6 7 5 4 
100 6 5 4 1 0 
101 1 4 5 3 7 
102 2 3 0 7 1 
103 5 1 4 0 6 
104 4 7 1 3 0 
105 4 0 1 6 
106 0 2 7 5 1 4 
107 6 0 1 7 
108 3 6 0 7 
109 3 5 4 1 0 6 
110 1 4 7 6 5 
111 0 3 4 5 6 
112 5 4 7 6 
113 0 1 3 7 6 
114 2 1 3 7 0 6 
115 7 5 4 1 0 6 
116 4 3 2 1 0 6 7 
117 2 4 6 7 
118 7 2 4 1 3 
119 2 5 4 6 7 
120 7 4 5 6 
121 7 4 2 1 5 
122 3 6 7 
123 4 3 2 1 0 6 7 
124 4 7 
125 2 5 4 6 7 
126 7 6 2 3 1 0 
127 6 1 4 0 
128 5 4 7 
129 1 2 4 3 
130 0 4 5 
131 4 0 1 6 2 7 
132 2 3 4 5 0 6 
133 6 4 7 5 
134 3 0 5 7 1 
135 2 4 5 7 
136 6 2 7 5 1 4 
137 4 2 1 0 3 6 
138 2 1 3 7 0 6 
139 3 6 0 7 
140 7 6 
141 3 2 1 4 0 6 
142 1 0 6 5 
143 7 0 5 3 1 
144 5 2 4 1 3 
145 4 3 1 0 2 6 5 7 
146 6 0 5 3 7 1 
147 3 1 2 4 0 7 5 
148 6 4 5 
149 7 6 3 0 
150 0 4 7 6 5 
151 0 1 4 2 
152 5 2 7 1 4 
153 3 0 1 6 2 7 
154 5 3 2 1 0 6 7 
155 7 0 1 6 2 
156 1 7 4 
157 6 0 2 1 
158 3 7 2 6 
159 6 1 3 7 2 0 5 4 
160 3 0 4 
161 2 3 0 7 1 
162 3 1 0 2 6 4 5 7 
163 1 6 7 
164 6 7 1 3 0 
165 1 3 4 2 6 
166 2 3 0 1 7 
167 5 0 6 3 1 
168 4 1 0 5 
169 4 3 0 7 2 1 
170 0 5 7 4 3 
171 6 3 0 7 
172 3 1 5 2 4 0 7 
173 3 4 5 7 
174 1 5 4 0 6 
175 0 3 1 2 
176 5 1 2 0 3 6 4 
177 0 7 4 
178 2 4 7 6 5 
179 7 5 4 1 0 6 
180 4 7 5 
181 2 7 4 0 3 6 5 
182 7 2 4 1 3 
183 2 3 7 1 0 
184 7 4 2 0 3 6 5 
185 7 0 5 6 3 1 
186 2 6 3 1 7 0 
187 4 3 1 0 2 6 5 7 
188 4 1 3 7 0 6 
189 2 1 0 5 
190 7 1 3 2 0 5 4 
191 6 2 7 5 1 4 
192 5 1 4 0 
193 1 3 0 4 
194 0 7 1 3 
195 4 6 7 5 
196 2 7 5 4 6 
197 6 1 4 0 
198 3 1 0 4 
199 0 6 7 
200 6 0 1 7 
201 4 5 6 7 
202 2 0 5 1 4 
203 3 2 4 1 
204 7 3 1 2 0 
205 3 7 2 1 
206 1 3 0 7 2 
207 7 1 2 4 0 3 5 
208 5 4 1 2 0 3 
209 4 3 0 2 1 7 
210 6 2 3 1 7 0 
211 3 0 1 6 2 7 
212 7 2 5 1 4 
213 6 0 5 3 1 
214 0 3 7 2 1 
215 0 1 5 2 4 3 7 
216 4 1 6 0 7 
217 3 1 0 2 6 4 5 7 
218 5 4 7 
219 7 4 2 1 5 
220 2 0 1 6 7 
221 6 2 1 4 0 3 
222 3 1 5 2 4 0 7 
223 6 7 
224 3 1 6 0 7 
225 2 4 6 7 
226 3 1 7 2 0 5 4 
227 1 7 3 0 
228 6 1 2 0 3 4 
229 1 2 4 0 3 6 
230 2 0 1 6 
231 5 4 7 
232 4 3 0 
233 4 6 3 0 7 
234 0 1 2 3 6 4 
235 6 5 4 7 
236 3 0 2 1 7 
237 3 7 2 6 
238 1 6 0 7 
239 0 3 1 2 6 
240 5 6 3 0 7 
241 0 1 4 5 
242 3 2 7 1 0 
243 5 3 0 7 2 1 
244 4 3 2 6 1 
245 2 0 4 1 
246 7 1 0 2 5 
247 3 0 1 7 
248 7 3 0 2 1 
249 7 0 2 1 6 
250 3 4 6 7 
251 5 1 0 2 
252 4 3 5 0 6 
253 3 1 7 2 0 5 4 
254 7 4 2 0 3 6 5 
255 7 4 5 
256 5 4 1 0 6 
257 1 3 0 7 2 
258 0 3 1 2 6 
259 4 0 2 1 
260 2 4 6 7 
261 6 1 2 0 3 4 
262 3 0 5 1 4 
263 2 4 5 6 7 
264 6 0 1 7 
265 7 6 2 3 1 0 
266 2 4 7 1 5 
267 3 5 4 6 7 
268 7 5 4 
269 3 0 5 1 4 
270 1 7 3 0 
271 7 0 2 4 1 
272 5 1 6 0 7 
273 4 3 0 1 2 6 
274 6 0 4 7 1 
275 1 6 3 0 7 
276 6 3 4 2 1 
277 5 0 1 7 
278 1 6 3 0 7 
279 0 5 6 3 1 
280 4 6 7 1 0 
281 3 7 2 1 
282 5 3 1 2 0 
283 7 4 1 2 0 3 
284 2 3 1 0 6 7 
285 6 3 0 1 2 
286 3 0 5 1 4 
287 6 2 4 1 3 
288 2 1 0 3 7 4 
289 2 1 0 4 3 
290 3 0 1 2 6 
291 1 3 7 2 0 5 4 
292 6 4 7 
293 1 3 7 2 
294 2 4 7 1 5 
295 5 1 2 4 0 3 7 
296 4 1 3 7 0 6 
297 4 1 2 0 3 7 5 
298 0 5 1 4 
299 6 1 0 2 5 
300 2 4 7 1 5 
301 3 4 6 7 1 0 
302 1 6 7 
303 0 3 1 2 6 
304 5 0 1 6 2 7 
305 0 3 1 2 
306 2 0 4 7 1 
307 7 5 4 6 
308 4 3 0 
309 3 7 4 2 0 6 5 
310 7 2 4 1 3 
311 2 1 5 4 3 0 7 
312 7 2 5 1 4 
313 7 3 2 0 
314 2 6 3 1 7 0 
315 4 5 7 3 0 
316 4 5 3 7 1 
317 1 2 3 7 0 
318 7 1 3 0 6 
319 6 0 5 3 1 
320 5 1 4 0 6 
321 1 0 2 6 
322 0 6 7 
323 4 1 2 0 3 6 
324 2 4 1 0 3 
325 6 3 1 2 0 
326 1 0 6 5 
327 2 3 7 1 0 
328 6 0 1 7 
329 4 1 0 2 5 
330 2 1 6 0 7 
331 2 0 1 4 
332 5 4 6 7 
333 3 1 0 4 
334 1 0 6 5 
335 7 4 5 3 1 
336 5 0 1 4 
337 4 3 7 2 6 
338 0 3 4 2 6 1 
339 3 4 7 5 
340 6 1 0 3 7 4 
341 6 4 5 3 7 1 
342 0 6 7 
343 0 4 7 5 
344 4 7 2 0 3 6 5 
345 3 0 5 7 1 
346 5 3 0 1 2 6 
347 7 4 2 0 3 6 5 
348 3 0 1 2 6 
349 6 4 5 7 
350 0 4 6 7 
351 7 4 1 2 0 3 
352 3 7 2 0 
353 3 0 5 7 1 
354 3 1 2 0 
355 1 4 7 6 5 
356 7 0 2 1 6 
357 1 6 2 3 7 0 
358 1 0 7 
359 5 1 4 0 
360 4 2 1 3 
361 5 1 3 7 0 6 
362 0 3 2 1 6 7 
363 7 0 4 1 6 
364 3 1 6 0 7 
365 1 4 6 7 0 
366 1 0 5 6 3 
367 4 6 2 3 1 7 0 
368 5 7 4 6 
369 0 1 5 2 4 3 7 
370 1 3 4 5 0 6 
371 7 1 0 3 4 
372 4 2 7 5 1 
373 2 0 4 7 1 
374 7 2 3 1 0 
375 2 0 4 1 6 
376 7 4 2 1 5 
377 7 1 0 2 5 
378 2 4 6 7 1 0 
379 4 7 1 3 0 
380 5 0 1 4 2 
381 2 1 0 3 6 4 
382 7 3 0 1 2 6 
383 5 7 4 
384 5 7 4 3 0 
385 1 0 5 6 3 
386 1 0 6 2 7 
387 4 7 5 
388 5 0 6 3 1 
389 5 7 1 3 0 
390 3 7 1 0 
391 2 1 6 3 0 7 
392 7 5 4 6 
393 5 0 1 4 
394 0 2 3 7 1 
395 3 2 1 4 0 6 
396 5 1 2 4 0 3 7 
397 0 4 7 5 6 
398 0 1 3 7 2 5 4 
399 7 0 5 1 4 
400 5 7 4 
401 4 2 1 3 
402 5 6 3 0 7 
403 3 1 7 0 6 
404 5 6 3 0 7 
405 6 4 5 3 7 1 
406 0 2 7 5 1 4 
407 0 5 4 1 6 
408 4 0 1 7 
409 1 3 7 2 6 
410 5 4 7 2 1 
411 7 4 2 0 3 6 5 
412 2 0 4 1 6 
413 6 4 7 5 
414 3 4 6 7 1 0 
415 6 5 7 4 3 0 
416 3 0 2 1 7 
417 2 4 5 3 7 1 
418 1 3 7 2 6 
419 1 0 7 
420 5 4 
421 1 4 7 5 6 
422 1 0 7 
423 5 3 1 0 2 6 4 7 
424 5 1 0 3 7 4 
425 4 6 7 
426 0 3 4 2 6 1 
427 4 0 1 6 
428 2 7 4 
429 3 0 1 7 
430 0 7 4 2 3 6 5 
431 0 1 2 3 6 4 
432 5 1 0 3 7 4 
433 0 7 4 2 3 6 5 
434 2 3 1 0 6 7 
435 7 5 4 6 
436 4 1 0 6 
437 2 0 6 1 5 
438 7 0 4 1 6 
439 2 1 4 0 3 6 
440 4 1 0 3 
441 7 4 2 0 3 6 5 
442 0 7 5 4 
443 4 0 7 1 
444 4 0 1 6 
445 2 3 1 0 
446 7 5 4 
447 6 7 5 4 
448 5 7 4 6 
449 1 5 2 4 3 0 7 
450 0 1 6 3 7 
451 4 1 0 5 
452 3 6 0 7 
453 6 3 7 2 0 
454 3 4 2 6 1 
455 2 4 7 5 
456 6 4 5 7 
457 4 6 7 5 
458 2 3 0 7 1 
459 3 2 7 1 0 
460 7 0 6 1 5 
461 3 1 0 4 
462 1 4 5 6 7 
463 7 1 2 0 3 6 4 
464 5 6 7 
465 4 1 0 3 
466 6 1 4 0 
467 3 6 7 5 4 
468 6 3 0 7 2 1 
469 6 4 7 5 
470 0 3 4 5 6 
471 0 5 3 7 1 
472 4 6 7 
473 3 4 5 
474 5 6 7 
475 7 4 6 
476 2 1 4 0 3 7 5 
477 6 2 1 4 0 3 
478 3 4 5 7 
479 6 0 2 1 
480 3 6 7 
481 2 4 7 1 5 
482 3 1 6 0 7 
483 1 6 7 5 4 
484 6 1 0 4 3 
485 1 6 3 0 7 
486 3 4 5 
487 5 0 6 1 
488 4 3 7 2 6 
489 4 6 7 1 0 
490 0 7 4 
491 6 7 4 2 0 3 5 
492 3 1 0 7 4 
493 3 0 5 6 1 
494 1 2 4 0 3 7 5 
495 0 5 1 4 
496 5 0 2 4 1 
497 0 3 1 2 6 4 5 7 
498 2 0 1 7 
499 7 4 5 
500 4 2 3 7 1 0 
501 2 1 0 5 
502 7 3 0 2 1 
503 2 0 5 1 4 
504 7 1 5 2 4 3 0 
505 4 0 2 1 
506 2 0 6 1 5 
507 4 0 6 1 5 
508 4 1 2 0 3 
509 2 4 1 0 3 
510 7 1 6 3 0 
511 6 3 7 2 0 
512 5 4 6 7 
513 1 0 2 4 
514 0 1 7 
515 4 0 6 1 5 
516 2 3 1 0 6 7 
517 6 7 4 2 0 3 5 
518 3 2 4 1 
519 2 4 7 5 6 
520 6 0 1 2 7 
521 4 1 0 3 
522 2 3 7 1 0 
523 3 7 2 1 
524 7 3 1 2 0 
525 3 0 1 6 2 7 
526 1 0 2 5 
527 7 1 6 0 
528 5 3 0 1 2 6 
529 4 3 0 
530 6 1 0 7 
531 3 2 1 0 6 7 
532 6 0 1 7 
533 6 4 7 1 0 
534 0 6 7 5 4 
535 1 3 2 0 
536 4 3 1 2 0 
537 3 4 5 
538 5 1 2 4 0 3 7 
539 7 0 1 
540 2 0 5 3 7 1 
541 6 3 0 7 2 1 
542 3 0 5 1 4 
543 6 0 1 7 
544 3 0 4 1 6 
545 2 3 1 0 
546 2 3 0 1 7 
547 1 5 4 6 7 
548 6 2 4 1 3 
549 1 5 4 6 7 
550 2 1 3 7 0 6 
551 5 0 6 1 
552 4 1 0 2 5 
553 4 7 1 3 0 
554 0 1 4 2 
555 6 3 7 2 
556 3 7 5 4 6 
557 3 0 1 2 6 
558 1 4 5 6 7 
559 0 1 4 2 
560 5 7 4 
561 0 7 1 3 
562 2 5 7 4 3 0 
563 7 1 0 2 5 
564 4 7 5 
565 2 4 7 1 5 
566 7 1 3 0 
567 2 7 5 1 4 
568 7 6 
569 7 6 5 4 
570 2 1 3 7 0 6 
571 4 3 1 0 2 6 5 7 
572 4 3 2 6 1 
573 2 0 4 1 
574 7 5 4 3 0 
575 6 0 1 7 
576 5 7 4 
577 1 2 0 3 6 4 
578 0 1 4 6 
579 4 6 2 3 1 7 0 
580 2 3 7 6 
581 6 4 5 7 
582 3 1 2 0 6 4 
583 2 7 5 4 6 
584 6 0 5 3 7 1 
585 4 1 0 3 
586 2 7 1 3 0 
587 3 1 0 7 4 
588 7 5 4 
589 3 0 4 
590 1 0 2 6 
591 7 0 2 4 1 
592 5 0 2 4 1 
593 4 0 1 6 
594 6 7 5 4 
595 3 2 7 1 0 
596 6 4 7 5 
597 6 4 7 5 
598 0 1 4 6 
599 0 4 5 
600 4 2 1 0 3 6 
601 3 1 6 0 7 
602 5 2 1 4 0 3 6 
603 7 1 4 0 6 
604 2 1 6 0 7 
605 6 3 1 0 2 4 5 7 
606 3 4 1 2 0 
607 6 4 5 7 
608 3 6 2 1 7 0 
609 2 0 5 6 3 1 
610 3 0 5 6 1 
611 1 6 7 
612 6 1 3 7 2 0 5 4 
613 1 2 4 3 
614 2 1 5 4 3 0 7 
615 5 3 0 2 1 7 
616 4 3 7 2 1 
617 4 0 2 1 
618 0 3 7 2 
619 6 1 4 0 5 
620 3 7 2 6 
621 3 0 4 1 6 
622 1 3 0 4 
623 0 1 7 
624 5 6 2 3 1 7 0 
625 0 3 7 2 1 
626 2 4 7 1 5 
627 7 3 2 1 
628 4 1 6 3 0 7 
629 2 6 3 0 7 
630 7 3 4 5 0 6 
631 2 3 4 6 1 
632 7 0 2 4 1 
633 7 4 5 6 
634 2 0 4 7 1 
635 4 1 3 7 2 0 5 
636 4 1 6 0 7 
637 2 4 7 5 6 
638 7 5 4 6 
639 6 4 5 7 
640 5 4 6 7 
641 1 4 6 7 
642 0 3 2 1 6 7 
643 4 3 1 0 2 6 5 7 
644 2 3 1 0 6 4 5 7 
645 6 0 5 3 7 1 
646 3 7 4 
647 2 0 6 1 5 
648 6 3 4 5 0 
649 4 5 3 7 1 
650 2 4 7 5 6 
651 3 4 6 7 1 0 
652 7 0 6 1 5 
653 2 7 5 4 
654 1 0 5 3 7 
655 7 1 3 0 6 
656 5 6 7 
657 4 7 1 3 0 
658 7 0 4 1 
659 3 5 7 4 0 
660 6 3 0 4 
661 6 1 3 7 2 0 5 4 
662 0 1 7 
663 0 5 4 1 6 
664 4 3 2 6 1 
665 3 1 4 0 6 
666 5 3 4 2 6 1 
667 7 2 3 1 0 
668 2 3 7 1 
669 6 5 4 7 
670 3 2 7 1 0 
671 6 7 5 4 
672 3 2 4 1 
673 2 0 4 7 1 
674 3 7 2 0 
675 1 0 4 2 
676 6 1 3 0 7 
677 1 7 4 
678 2 1 0 5 
679 5 0 3 7 1 
680 4 3 1 0 2 6 5 7 
681 4 7 5 
682 0 1 3 7 6 
683 6 1 3 7 0 
684 3 4 7 6 5 
685 3 1 2 0 6 4 
686 1 0 5 6 3 
687 0 1 2 3 6 4 
688 5 1 4 0 6 
689 0 4 6 7 1 
690 2 0 5 3 7 1 
691 7 0 1 
692 5 1 2 4 3 0 7 
693 2 4 5 7 
694 7 1 4 0 5 
695 2 1 6 3 0 7 
696 7 3 2 0 
697 7 3 2 0 
698 2 3 4 5 0 6 
699 4 6 7 5 
700 4 7 5 6 
701 2 3 0 4 
702 7 4 5 
703 6 4 7 
704 5 4 7 2 1 
705 1 2 4 3 
706 0 3 2 1 6 7 
707 4 7 5 
708 2 3 1 0 6 7 
709 6 4 5 3 7 1 
710 3 4 6 7 1 0 
711 2 6 3 1 7 0 
712 6 3 2 1 0 7 
713 4 3 7 2 0 
714 2 6 7 
715 3 4 5 0 6 
716 7 1 3 2 0 5 4 
717 3 4 5 
718 1 2 4 3 
719 7 1 0 2 5 
720 5 6 7 4 
721 4 0 2 1 6 
722 6 1 0 2 5 
723 3 1 0 7 4 
724 6 2 1 4 0 3 
725 6 1 3 7 2 0 5 4 
726 0 4 7 1 
727 0 5 4 1 6 
728 4 7 
729 3 5 7 4 0 
730 5 1 0 4 3 
731 7 6 
732 2 0 1 6 7 
733 6 1 2 0 3 4 
734 3 1 4 0 5 
735 6 1 4 0 
736 3 0 4 
737 2 6 7 
738 3 0 7 2 1 
739 1 6 3 0 7 
740 6 5 4 7 
741 1 3 4 5 0 6 
742 2 4 1 3 
743 5 7 4 6 
744 4 0 2 1 
745 4 7 2 0 3 6 5 
746 0 5 7 4 3 
747 6 3 0 2 1 7 
748 3 1 0 7 4 
749 3 2 1 4 0 6 
750 1 3 4 2 6 
751 0 5 4 6 7 
752 5 1 2 0 3 6 4 
753 0 3 1 2 6 4 5 7 
754 2 1 0 4 3 
755 7 1 2 4 0 3 5 
756 4 5 7 
757 2 1 0 4 3 
758 7 6 3 0 
759 2 4 1 0 3 
760 7 1 4 0 6 
761 7 4 
762 2 7 5 4 
763 4 0 5 1 
764 4 0 2 1 6 
765 2 3 7 1 
766 7 2 3 1 0 
767 6 3 4 5 0 
768 5 1 4 0 
769 1 5 4 0 6 
770 0 6 3 7 
771 4 1 0 3 7 
772 2 3 4 6 1 
773 7 0 1 6 2 
774 3 0 4 
775 2 1 4 0 6 
776 6 3 1 0 2 4 5 7 
777 4 0 1 2 
778 2 3 4 5 0 6 
779 3 6 2 1 7 0 
780 7 4 6 5 
781 3 4 5 6 7 
782 1 0 3 7 4 
783 7 1 3 2 0 5 4 
784 5 7 4 2 0 3 6 
785 4 7 6 5 
786 6 1 2 0 3 4 
787 3 0 5 6 1 
788 6 7 
789 6 4 7 5 
790 0 1 6 3 7 
791 1 0 5 6 3 
792 4 1 2 0 3 
793 3 0 7 2 1 
794 5 3 4 0 6 
795 7 4 5 3 1 
796 2 4 1 0 3 
797 6 5 4 7 
798 3 4 7 6 5 
799 6 1 3 0 7 
800 3 7 4 
801 2 3 0 1 6 
802 3 4 2 6 1 
803 1 7 5 4 
804 6 4 5 3 7 1 
805 1 6 7 5 4 
806 2 3 1 0 6 7 
807 5 6 7 
808 4 1 2 0 3 
809 4 1 3 7 0 6 
810 0 6 7 
811 6 4 1 2 0 3 
812 3 1 5 2 4 0 7 
813 3 4 2 6 1 
814 1 0 7 
815 0 1 7 
816 5 2 3 7 1 0 
817 0 1 6 7 
818 2 4 5 3 7 1 
819 7 2 5 1 4 
820 4 3 0 2 1 7 
821 2 3 7 1 
822 7 4 6 1 0 
823 2 0 6 1 5 
824 7 5 4 
825 7 3 1 2 0 
826 2 3 1 0 6 7 
827 4 0 5 1 
828 4 1 0 3 7 
829 1 3 0 2 7 
830 7 3 0 2 1 
831 6 3 0 1 2 
832 5 4 
833 1 3 0 4 
834 0 2 7 5 1 4 
835 5 1 3 7 0 6 
836 1 5 4 6 7 
837 7 0 1 6 2 
838 0 6 7 
839 0 1 4 5 
840 6 4 7 2 1 5 
841 4 1 5 2 3 0 7 
842 0 3 7 2 
843 0 4 6 7 1 
844 7 4 1 2 0 3 
845 0 1 2 3 6 4 
846 1 5 4 0 6 
847 7 4 5 
848 5 6 2 3 1 7 0 
849 4 3 7 2 0 
850 6 7 
851 1 0 4 7 
852 6 0 2 1 
853 6 1 0 7 
854 0 4 7 6 5 
855 0 1 2 5 
856 4 0 2 1 6 
857 0 4 6 7 
858 5 6 7 
859 7 0 1 4 2 
860 1 3 7 2 
861 6 4 7 2 1 5 
862 0 3 4 5 6 
863 6 0 5 1 4 
864 1 3 7 2 6 
865 0 6 3 7 
866 0 1 6 7 
867 1 4 7 6 5 
868 6 4 7 5 
869 1 3 0 2 7 
870 1 0 4 7 
871 5 1 4 0 6 
872 4 0 1 6 
873 4 6 7 5 
874 0 2 1 4 3 6 
875 6 0 1 7 
876 0 1 3 7 2 5 4 
877 1 5 4 0 6 
878 1 3 2 0 6 7 
879 0 3 7 2 6 
880 5 4 7 6 
881 0 4 6 7 1 
882 1 5 2 4 3 0 7 
883 7 3 1 2 0 
884 4 5 3 7 1 
885 1 0 4 6 
886 7 4 
887 0 4 7 1 
888 7 4 2 1 5 
889 7 4 5 6 
890 1 3 7 0 6 
891 4 5 1 0 6 
892 4 7 2 0 3 6 5 
893 1 0 4 3 
894 7 3 0 2 1 
895 6 0 4 7 1 
896 5 4 7 6 
897 0 2 1 6 
898 1 3 7 2 6 
899 5 0 4 7 1 
900 5 3 1 0 2 6 4 7 
901 6 0 4 1 
902 1 0 2 6 
903 0 1 4 2 
904 5 1 4 0 
905 7 1 5 2 4 3 0 
906 0 2 1 4 3 6 
907 1 4 6 7 0 
908 7 4 
909 0 4 5 7 
910 1 4 5 3 7 
911 5 7 4 
912 5 2 7 1 4 
913 4 3 7 2 1 
914 0 7 1 3 
915 1 0 4 3 
916 6 1 3 0 7 
917 5 3 0 4 
918 1 0 2 6 
919 0 4 5 
920 5 4 1 2 0 3 
921 0 3 1 2 6 
922 5 4 
923 4 0 2 1 6 
924 0 7 5 4 6 
925 4 7 5 6 
926 0 4 5 7 
927 7 4 6 
928 0 4 5 7 
929 0 4 5 3 7 1 
930 1 3 7 2 
931 1 0 2 5 
932 5 4 
933 0 3 7 2 6 
934 0 1 5 2 4 3 7 
935 5 1 4 0 
936 5 4 3 7 1 
937 5 1 2 4 3 0 7 
938 1 0 3 7 4 
939 4 6 7 5 
940 1 3 2 0 
941 1 2 3 7 0 
942 1 4 7 2 5 
943 4 3 7 2 6 
944 5 3 0 4 
945 0 1 6 2 7 
946 1 4 2 0 3 
947 5 3 1 2 0 
948 5 7 4 3 0 
949 0 1 2 4 3 7 5 
950 4 6 7 1 0 
951 1 0 7 
952 4 7 5 
953 4 5 1 0 6 
954 0 6 3 7 
955 5 0 1 4 
956 5 3 4 0 6 
957 1 3 0 7 2 
958 5 2 7 1 4 
959 5 3 4 0 6 
960 5 1 4 0 
961 1 0 2 4 
962 0 3 2 1 6 7 
963 5 7 4 
964 1 0 6 5 
965 5 0 1 4 2 
966 1 4 7 5 6 
967 0 1 7 
968 5 4 7 6 
969 5 3 1 0 2 6 4 7 
970 0 6 2 3 1 7 
971 1 6 7 
972 5 1 0 3 7 4 
973 0 5 7 4 3 
974 1 0 4 6 
975 5 0 1 4 2 
976 5 4 6 7 
977 4 0 2 1 6 
978 6 0 1 2 7 
979 1 3 7 2 0 
980 6 3 4 2 1 
981 6 5 7 4 3 0 
982 0 1 3 7 4 
983 0 1 4 3 
984 5 0 1 7 
985 0 3 1 2 6 
986 5 1 3 7 2 0 4 
987 7 1 6 0 
988 1 6 7 
989 6 0 1 2 7 
990 0 2 1 4 3 6 
991 6 1 3 0 7 
992 1 0 2 4 
993 0 4 7 5 
994 1 0 5 3 7 
995 1 3 0 2 6 
996 6 7 
997 1 4 5 6 7 
998 1 7 5 4 6 
999 5 1 2 4 0 3 7 
1000 5 3 0 2 1 7 
1001 5 0 1 7 
1002 0 1 4 2 
1003 7 4 5 6 
1004 0 3 7 2 1 
1005 1 2 7 5 4 
1006 1 5 4 6 7 
1007 0 1 4 2 
1008 5 4 7 
1009 0 3 4 
1010 1 0 3 7 4 
1011 1 3 7 2 6 
1012 5 2 7 1 4 
1013 1 6 7 
1014 7 4 5 
1015 0 4 7 5 
1016 7 4 5 
1017 7 1 3 0 
1018 1 0 5 4 
1019 5 3 7 2 0 
1020 5 3 0 2 1 7 
1021 1 6 7 
1022 7 1 3 2 0 5 4 
1023 1 4 5 
