0 5 1 2 0 4 
1 5 1 4 0 2 
2 5 4 7 6 2 
3 5 4 1 7 0 2 
4 5 1 2 0 4 
5 5 0 1 4 2 
6 2 0 1 
7 6 2 3 1 4 
8 3 6 5 7 4 
9 7 1 2 5 0 4 
10 6 5 2 7 3 
11 4 1 2 5 0 
12 4 5 
13 1 0 3 2 
14 5 1 0 4 
15 0 2 4 
16 5 2 4 
17 7 4 1 0 2 
18 7 3 2 
19 7 6 5 
20 4 5 
21 4 0 1 2 
22 7 0 2 6 1 4 
23 4 0 1 2 
24 4 2 3 1 
25 6 4 5 
26 4 3 6 7 2 
27 5 7 6 
28 3 7 4 6 2 
29 7 4 3 6 2 
30 2 4 7 
31 6 0 1 2 7 
32 5 2 4 7 
33 0 1 4 5 2 
34 7 1 2 0 
35 3 1 2 0 5 4 
36 3 5 4 1 7 0 
37 1 7 6 5 
38 2 1 0 6 7 4 
39 6 2 7 3 5 
40 3 4 6 7 2 
41 1 2 0 5 3 4 
42 6 0 1 3 2 
43 4 1 0 2 
44 4 7 6 3 2 
45 1 2 3 4 
46 5 7 3 2 
47 0 7 3 2 
48 3 0 1 2 7 
49 2 1 0 4 
50 2 6 7 5 4 
51 7 0 1 3 2 
52 2 3 4 
53 0 5 6 2 7 
54 7 6 5 4 
55 4 5 1 7 0 3 
56 4 7 0 6 1 2 
57 6 0 1 4 2 
58 4 0 1 5 2 
59 5 7 0 4 6 1 2 
60 3 6 7 5 4 
61 7 5 2 3 
62 2 0 1 3 
63 6 7 4 1 0 
64 3 1 7 2 0 4 
65 0 4 5 
66 7 1 2 0 5 3 4 
67 3 4 6 7 5 
68 3 2 7 5 
69 1 5 3 4 2 
70 2 5 3 4 
71 6 0 2 1 
72 3 2 6 7 4 
73 1 6 5 7 4 
74 6 0 1 2 
75 4 6 5 7 
76 4 7 5 6 
77 1 0 2 
78 5 0 1 3 2 
79 0 1 2 6 7 
80 3 1 2 5 0 4 
81 2 4 3 6 7 
82 2 6 7 4 
83 7 2 1 6 4 
84 2 5 6 7 
85 0 7 4 6 1 5 2 
86 7 0 1 2 
87 4 7 6 1 0 
88 4 2 1 6 7 
89 6 2 4 
90 4 1 3 0 7 5 
91 5 4 1 7 0 3 
92 3 5 4 2 
93 7 0 1 4 5 2 
94 2 4 3 6 7 
95 6 4 7 0 1 2 
96 3 0 1 2 
97 0 2 3 7 5 
98 7 1 2 0 5 3 4 
99 3 7 6 5 
100 3 4 1 7 0 2 
101 1 2 0 6 7 
102 2 3 
103 6 0 7 2 1 4 
104 3 7 4 6 2 
105 1 4 5 0 2 
106 6 0 1 2 
107 4 6 7 5 
108 4 5 3 2 
109 1 4 7 0 2 
110 5 2 7 6 3 
111 0 1 3 2 
112 3 2 7 6 5 
113 2 0 1 4 
114 2 0 1 4 
115 7 4 1 0 2 
116 2 1 3 0 7 5 
117 0 4 7 6 1 2 
118 7 1 2 0 5 4 
119 4 1 0 2 
120 4 5 
121 6 4 7 5 2 
122 4 2 3 1 
123 5 2 1 3 0 7 
124 3 2 4 7 
125 7 1 4 0 2 
126 2 7 4 6 1 0 
127 6 0 7 2 1 4 
128 3 0 1 4 5 2 
129 0 1 2 5 4 
130 7 0 4 6 1 2 
131 3 4 2 
132 3 1 0 2 
133 1 5 4 
134 2 5 3 4 
135 6 1 2 5 0 4 
136 3 0 1 2 
137 1 2 6 7 4 
138 6 2 0 1 4 
139 4 5 3 2 
140 4 7 6 5 3 
141 1 2 6 7 4 
142 5 0 1 4 2 
143 0 5 3 4 2 
144 3 1 2 0 5 4 
145 2 1 0 6 7 4 
146 2 5 3 4 
147 7 4 3 6 2 
148 2 7 0 4 6 1 
149 0 4 5 3 2 
150 7 2 6 3 5 
151 4 0 1 2 7 
152 4 0 1 2 
153 6 3 4 2 
154 4 2 1 3 0 7 5 
155 5 3 4 2 
156 3 2 4 7 
157 7 6 5 
158 2 7 4 6 
159 6 1 3 0 7 5 4 
160 3 2 6 7 4 
161 0 3 2 
162 7 1 0 2 6 4 
163 3 2 1 4 
164 2 7 4 6 3 
165 1 2 6 7 4 
166 2 7 3 
167 6 0 2 1 
168 3 6 7 5 4 
169 1 3 2 
170 6 1 2 0 5 3 4 
171 4 5 3 2 
172 4 0 1 3 2 
173 1 2 5 0 4 
174 5 4 1 7 0 2 
175 0 1 5 4 
176 3 6 7 2 
177 2 4 7 
178 2 7 6 3 5 
179 7 4 1 0 2 
180 2 5 6 7 
181 0 1 2 4 
182 7 1 2 0 5 4 
183 4 1 2 0 7 
184 4 1 2 0 
185 6 0 2 1 
186 4 7 6 1 0 
187 5 1 0 2 6 7 4 
188 3 2 0 1 4 
189 7 5 6 4 
190 2 1 3 0 7 5 4 
191 6 0 1 2 
192 2 6 7 5 4 
193 0 3 2 6 7 4 
194 7 4 6 3 2 
195 3 7 6 5 
196 3 2 7 5 
197 1 0 7 2 6 4 
198 2 1 7 0 4 
199 6 2 3 1 4 
200 3 4 6 7 5 
201 1 4 0 2 
202 6 4 2 5 3 
203 4 1 2 0 5 
204 4 1 5 0 
205 1 5 2 7 3 
206 5 3 2 
207 0 4 3 6 7 2 
208 3 7 4 6 1 5 0 2 
209 2 7 3 
210 2 7 4 6 1 0 
211 7 3 4 2 
212 2 0 1 
213 0 2 1 
214 7 5 2 3 
215 4 0 1 3 2 
216 4 2 
217 6 1 0 2 7 4 
218 4 1 2 5 0 
219 5 4 7 6 2 
220 3 4 2 
221 7 2 1 6 4 
222 2 0 1 3 
223 6 2 3 1 4 
224 3 4 7 2 
225 1 4 7 0 6 2 
226 7 1 3 0 5 4 
227 3 7 4 6 2 
228 3 6 7 2 
229 1 2 6 7 4 
230 2 7 6 5 
231 6 0 1 4 5 2 
232 3 2 6 7 4 
233 1 4 5 3 2 
234 6 7 3 2 
235 4 1 0 2 
236 4 7 3 2 
237 1 7 4 6 2 
238 5 2 4 
239 0 7 1 6 3 2 5 
240 3 4 5 2 
241 2 6 7 5 4 
242 2 1 0 7 
243 7 3 2 
244 2 6 7 4 
245 0 1 2 
246 7 5 6 4 
247 4 5 
248 4 3 2 
249 6 7 5 
250 4 7 0 6 1 2 
251 5 7 6 4 
252 3 1 0 2 
253 7 1 3 0 5 4 
254 2 1 0 4 
255 6 0 1 4 5 2 
256 3 4 1 7 0 2 
257 0 3 2 
258 7 1 6 3 0 2 5 
259 3 0 1 2 
260 3 4 7 0 6 1 2 
261 1 6 7 3 2 
262 2 4 5 3 
263 6 0 1 3 2 
264 3 4 6 7 5 
265 0 7 4 6 1 
266 6 4 7 5 2 
267 4 1 0 2 
268 4 5 6 2 7 
269 1 4 2 5 3 
270 5 7 4 6 3 2 
271 0 1 2 
272 3 2 4 
273 1 7 6 3 0 2 5 
274 2 5 4 1 7 0 3 
275 7 4 2 
276 0 2 6 7 4 
277 1 4 5 
278 7 4 2 
279 4 0 2 1 
280 4 0 1 2 
281 6 5 2 7 3 
282 4 1 5 0 
283 5 7 4 6 1 0 2 
284 3 2 1 0 7 5 
285 7 1 6 3 0 2 5 
286 2 4 5 3 
287 6 1 2 0 5 4 
288 3 1 2 0 4 
289 0 1 7 2 4 
290 7 1 6 3 0 2 5 
291 3 1 0 7 5 4 
292 3 4 7 0 6 1 2 
293 1 5 2 7 3 
294 2 4 7 5 6 
295 6 4 3 7 2 
296 3 2 0 1 4 
297 1 4 3 6 7 2 
298 6 4 2 5 3 
299 4 7 5 6 
300 4 7 5 6 2 
301 1 0 2 
302 5 7 4 6 3 
303 0 7 1 6 3 2 5 
304 3 4 2 
305 2 1 5 0 4 
306 2 5 4 1 7 0 3 
307 7 2 3 5 
308 2 3 6 7 4 
309 0 1 2 4 
310 7 1 2 0 5 4 
311 4 0 1 3 2 
312 4 0 1 2 
313 6 5 7 4 
314 4 7 6 1 0 
315 5 1 2 0 3 4 
316 3 1 2 0 6 7 
317 7 1 2 0 
318 2 0 1 4 
319 6 0 2 1 
320 3 0 7 2 6 1 4 
321 0 7 6 5 
322 7 4 6 5 3 
323 3 6 7 2 
324 1 7 4 6 5 0 2 
325 0 1 5 4 
326 2 0 1 4 
327 6 1 2 0 7 
328 3 4 6 7 5 
329 1 7 5 6 4 
330 6 2 4 
331 4 0 1 2 7 
332 4 7 0 6 1 2 
333 1 7 2 0 4 
334 5 0 1 4 2 
335 0 1 2 6 7 
336 3 4 2 5 
337 2 7 4 6 
338 2 6 7 4 
339 7 0 1 4 5 2 
340 2 3 1 0 4 
341 0 1 2 6 7 
342 7 2 3 1 4 
343 4 0 1 5 2 
344 5 1 2 0 4 
345 6 5 3 4 2 
346 4 7 1 6 3 0 2 5 
347 5 1 2 0 4 
348 1 7 6 3 0 2 5 
349 7 0 1 3 2 
350 2 4 7 0 6 1 
351 6 7 4 1 5 0 2 
352 3 6 5 7 4 
353 0 5 3 4 2 
354 7 1 5 0 4 
355 2 7 6 3 5 
356 3 7 6 5 
357 1 7 4 6 0 
358 2 4 6 7 5 
359 4 6 7 5 
360 2 1 0 5 4 
361 1 2 0 4 
362 6 2 1 3 0 7 5 
363 4 1 5 0 2 
364 4 2 
365 1 0 2 
366 5 0 2 1 
367 0 7 4 6 1 
368 2 3 7 5 
369 2 0 1 3 
370 2 1 0 3 
371 7 3 1 2 0 4 
372 2 0 1 
373 0 5 4 1 7 3 
374 7 1 2 0 
375 4 1 5 0 2 
376 4 7 5 6 2 
377 6 7 5 4 
378 4 0 1 2 
379 5 7 4 6 3 2 
380 2 0 1 7 
381 7 6 3 2 
382 2 7 1 6 3 0 5 
383 6 5 2 7 
384 1 2 0 5 3 4 
385 0 2 1 
386 6 3 4 2 
387 3 0 1 4 5 2 
388 3 0 2 1 
389 1 7 4 6 3 2 
390 2 7 4 6 3 
391 6 4 7 2 
392 3 1 4 0 2 
393 1 4 2 5 3 
394 6 1 2 0 7 
395 4 2 1 6 7 
396 5 4 3 6 7 2 
397 1 5 4 
398 5 1 3 0 7 4 
399 0 4 2 5 3 
400 3 2 4 7 
401 2 1 0 5 4 
402 2 4 5 3 
403 7 2 0 1 4 
404 2 4 5 3 
405 0 1 2 6 7 
406 7 0 1 2 
407 4 1 7 0 2 
408 4 5 
409 6 7 4 2 
410 4 7 5 6 2 
411 5 1 2 0 4 
412 3 1 4 5 0 2 
413 7 5 4 
414 2 0 1 
415 6 1 2 0 5 3 4 
416 3 7 2 
417 0 1 2 6 7 
418 7 4 6 2 
419 1 4 5 
420 3 7 0 4 6 1 2 
421 1 5 4 
422 2 4 6 7 5 
423 6 1 0 2 7 4 
424 3 1 2 0 4 
425 1 4 7 0 6 2 
426 6 2 7 4 
427 4 1 5 0 2 
428 4 2 7 
429 1 4 5 
430 5 1 2 0 4 
431 0 6 7 3 2 
432 3 1 2 0 4 
433 2 1 0 4 
434 2 1 3 0 7 5 
435 7 2 3 5 
436 2 0 7 6 1 4 
437 0 1 4 2 
438 7 1 4 5 0 2 
439 4 2 1 6 7 
440 4 1 7 2 0 
441 6 1 2 0 4 
442 4 5 6 2 7 
443 5 4 1 7 0 3 
444 3 1 4 5 0 2 
445 7 1 5 0 4 
446 2 5 6 7 
447 6 2 3 7 5 
448 3 2 7 5 
449 0 1 3 2 
450 7 4 2 
451 3 6 7 5 4 
452 3 4 5 2 
453 1 6 5 7 4 
454 2 6 7 4 
455 6 0 1 4 5 2 
456 3 0 1 2 
457 1 7 6 5 
458 6 3 2 
459 4 1 2 0 7 
460 4 0 1 2 
461 1 7 2 0 4 
462 5 0 1 3 2 
463 0 6 7 3 2 
464 3 2 1 4 
465 2 1 7 0 4 
466 2 0 7 6 1 4 
467 7 6 5 
468 2 3 
469 0 5 4 
470 7 1 0 3 2 
471 4 5 3 2 
472 4 2 3 1 
473 6 7 0 4 1 2 
474 4 7 6 5 3 
475 5 4 7 0 6 1 2 
476 3 4 6 7 2 
477 7 2 1 6 4 
478 2 1 5 0 4 
479 6 7 5 
480 3 7 4 6 5 
481 0 4 7 5 6 2 
482 7 4 2 
483 3 7 6 5 
484 3 1 7 2 0 4 
485 1 4 5 3 2 
486 2 7 0 4 6 1 
487 6 0 1 4 2 
488 3 7 4 6 2 
489 1 0 2 
490 6 2 4 7 
491 4 1 2 0 
492 4 3 1 2 0 
493 1 0 2 
494 5 4 3 6 7 2 
495 0 4 2 5 3 
496 3 0 1 2 
497 2 1 0 6 7 4 
498 0 4 6 7 5 
499 7 0 4 6 1 2 
500 2 1 0 7 
501 0 7 5 6 4 
502 7 3 2 
503 4 2 5 3 
504 4 0 1 3 2 
505 6 0 1 2 
506 4 0 1 2 
507 5 0 1 4 2 
508 3 7 4 6 1 5 0 2 
509 7 4 6 1 5 0 2 
510 2 4 7 
511 6 5 7 4 
512 3 0 1 2 
513 0 1 2 
514 7 4 6 5 
515 3 0 1 4 2 
516 3 2 1 0 7 5 
517 1 2 0 4 
518 2 1 0 5 4 
519 6 5 4 
520 3 4 2 
521 1 7 2 0 4 
522 6 1 2 0 7 
523 4 5 2 7 3 
524 4 1 5 0 
525 1 3 4 2 
526 5 7 6 4 
527 0 2 4 
528 3 7 1 6 0 2 5 
529 2 3 6 7 4 
530 2 4 
531 7 2 1 3 0 5 
532 2 4 6 7 5 
533 0 1 2 
534 7 6 5 
535 4 1 5 0 
536 4 1 5 0 
537 6 7 0 4 1 2 
538 4 3 6 7 2 
539 5 4 
540 3 5 4 2 
541 7 3 2 
542 2 4 5 3 
543 6 4 7 5 
544 3 1 4 5 0 2 
545 0 1 5 4 
546 7 3 2 
547 3 1 4 0 2 
548 3 1 2 0 5 4 
549 1 4 0 2 
550 2 0 1 4 
551 6 0 1 4 2 
552 3 7 5 6 4 
553 1 7 4 6 3 2 
554 6 0 1 2 7 
555 4 7 6 2 
556 4 2 3 7 5 
557 1 7 6 3 0 2 5 
558 5 0 1 3 2 
559 0 1 2 7 
560 3 2 4 7 
561 2 7 4 6 3 
562 2 1 0 5 3 4 
563 7 5 6 4 
564 2 5 6 7 
565 0 4 7 5 6 2 
566 7 4 6 3 2 
567 4 0 1 2 
568 4 2 3 1 
569 6 7 5 
570 4 2 0 1 
571 5 1 0 2 6 7 4 
572 3 2 6 7 4 
573 7 0 1 2 
574 2 1 0 5 3 4 
575 6 4 7 5 
576 3 5 6 2 7 
577 0 6 7 3 2 
578 7 0 2 6 1 4 
579 3 7 4 6 1 0 
580 3 7 4 6 2 
581 1 0 3 2 
582 2 6 7 3 
583 6 2 3 7 5 
584 3 5 4 2 
585 1 7 2 0 4 
586 6 7 4 3 2 
587 4 3 1 2 0 
588 4 5 6 2 7 
589 1 3 2 6 7 4 
590 5 7 6 
591 0 1 2 
592 3 0 1 2 
593 2 1 4 5 0 
594 2 7 6 5 
595 7 1 2 0 
596 2 7 6 3 5 
597 0 5 4 
598 7 0 2 6 1 4 
599 4 7 0 6 1 2 
600 4 2 1 6 7 
601 6 4 7 2 
602 4 2 1 6 7 
603 5 0 7 2 6 1 4 
604 3 2 4 
605 7 1 0 2 6 4 
606 2 7 4 6 1 5 0 
607 6 0 1 3 2 
608 3 7 4 6 1 0 
609 0 2 1 
610 7 0 2 1 
611 3 7 4 6 5 
612 3 1 0 7 5 4 
613 1 2 0 5 4 
614 2 0 1 3 
615 6 7 3 2 
616 3 5 2 7 
617 1 0 2 
618 6 5 7 4 
619 4 6 7 5 
620 4 7 6 2 
621 1 4 5 0 2 
622 5 3 2 6 7 4 
623 0 4 6 7 5 
624 3 7 4 6 1 0 
625 2 3 
626 2 4 7 5 6 
627 7 5 2 3 
628 2 4 7 
629 0 4 5 3 2 
630 7 1 0 3 2 
631 4 2 6 7 
632 4 0 1 2 
633 6 5 4 
634 4 5 1 7 0 3 
635 5 1 3 0 7 4 
636 3 2 4 
637 7 5 4 
638 2 1 4 0 
639 6 0 1 3 2 
640 3 0 1 2 
641 0 4 7 6 1 2 
642 7 2 1 3 0 5 
643 3 1 0 2 6 7 4 
644 3 1 0 2 6 7 4 
645 1 5 3 4 2 
646 2 4 7 
647 6 0 1 4 2 
648 3 1 0 2 
649 1 2 0 6 7 
650 6 5 4 
651 4 0 1 2 
652 4 0 1 2 
653 1 5 6 2 7 
654 5 3 4 2 
655 0 2 1 4 
656 3 2 1 4 
657 2 7 4 6 3 
658 2 5 4 1 7 0 3 
659 7 1 2 0 5 3 4 
660 2 3 6 7 4 
661 0 1 3 7 5 4 
662 7 4 5 
663 4 1 7 0 2 
664 4 2 6 7 
665 6 0 7 2 1 4 
666 4 2 6 7 
667 5 1 2 0 7 
668 3 5 2 7 
669 7 1 4 0 2 
670 2 1 0 7 
671 6 2 3 7 5 
672 3 1 2 0 5 4 
673 0 5 4 1 7 3 
674 7 6 5 4 
675 3 0 1 2 7 
676 3 4 7 2 
677 1 2 4 7 
678 2 7 5 6 4 
679 6 5 3 4 2 
680 3 1 0 2 6 7 4 
681 1 0 4 5 2 
682 6 2 0 1 4 
683 4 2 0 1 
684 4 2 7 6 3 5 
685 1 6 7 3 2 
686 5 0 2 1 
687 0 6 7 3 2 
688 3 0 7 2 6 1 4 
689 2 0 1 
690 2 5 3 4 
691 7 4 6 5 
692 2 0 1 3 
693 0 1 2 5 4 
694 7 6 5 4 
695 4 7 2 
696 4 6 5 7 
697 6 5 7 4 
698 4 1 0 3 2 
699 5 7 6 
700 3 2 7 5 
701 7 3 2 6 4 
702 2 0 1 4 5 
703 6 4 7 0 1 2 
704 3 4 7 5 6 2 
705 0 1 2 5 4 
706 7 2 1 3 0 5 
707 3 0 1 4 5 2 
708 3 2 1 0 7 5 
709 1 2 0 6 7 
710 2 0 1 
711 6 7 4 1 0 
712 3 2 1 0 7 5 
713 1 6 5 7 4 
714 6 2 3 1 4 
715 4 1 0 3 2 
716 4 1 3 0 7 5 
717 1 7 0 4 6 2 
718 5 1 2 0 4 
719 0 7 5 6 4 
720 3 7 6 5 
721 2 7 6 5 
722 2 7 5 6 4 
723 7 3 1 2 0 4 
724 2 1 6 7 4 
725 0 1 3 7 5 4 
726 7 5 4 1 0 3 
727 4 1 7 0 2 
728 4 2 7 
729 6 1 2 0 5 3 4 
730 4 1 7 2 0 
731 5 2 3 1 4 
732 3 4 2 
733 7 6 3 2 
734 2 6 7 5 4 
735 6 0 7 2 1 4 
736 3 2 6 7 4 
737 0 7 4 6 5 3 
738 7 3 2 
739 3 4 5 2 
740 3 1 4 0 2 
741 1 0 3 2 
742 2 1 0 5 4 
743 6 2 3 7 5 
744 3 0 1 2 
745 1 2 0 4 
746 6 1 2 0 5 3 4 
747 4 7 3 2 
748 4 3 1 2 0 
749 1 2 6 7 4 
750 5 2 6 7 4 
751 0 1 4 2 
752 3 6 7 2 
753 2 1 0 6 7 4 
754 2 1 7 0 4 
755 7 4 3 6 2 
756 2 1 5 0 4 
757 0 1 7 2 4 
758 7 4 5 3 2 
759 4 7 6 1 5 0 2 
760 4 0 7 2 6 1 
761 6 2 4 7 
762 4 5 6 2 7 
763 5 4 2 3 
764 2 7 6 5 
765 7 5 2 3 
766 2 1 0 7 
767 6 1 0 3 2 
768 2 6 7 5 4 
769 0 4 1 7 2 
770 7 4 5 3 2 
771 2 3 1 0 4 
772 2 6 7 4 
773 1 3 4 2 
774 2 3 6 7 4 
775 6 0 7 2 1 4 
776 2 1 0 6 7 4 
777 1 0 2 7 
778 6 1 0 3 2 
779 4 7 6 1 0 
780 4 2 7 6 3 5 
781 1 0 3 2 
782 5 3 1 2 0 4 
783 0 1 3 7 5 4 
784 2 1 0 4 
785 2 7 6 3 5 
786 0 6 7 3 2 
787 7 0 2 1 
788 1 7 4 6 5 3 
789 0 2 7 6 3 5 
790 7 4 2 
791 5 0 2 1 
792 5 7 4 6 1 0 2 
793 6 3 2 
794 5 1 0 3 2 
795 5 1 2 0 6 7 
796 1 7 4 6 5 0 2 
797 7 1 4 0 2 
798 0 2 7 6 3 5 
799 6 4 7 2 
800 0 2 4 7 
801 0 7 1 6 3 2 5 
802 7 2 6 4 
803 0 5 6 2 7 
804 1 2 0 6 7 
805 1 7 6 5 
806 0 2 1 3 7 5 
807 6 7 4 5 3 
808 1 7 4 6 5 0 2 
809 1 2 0 4 
810 6 7 4 5 3 
811 5 7 4 6 1 0 2 
812 5 0 1 3 2 
813 1 2 6 7 4 
814 5 4 
815 0 4 5 
816 0 1 2 7 
817 1 2 4 
818 0 1 2 6 7 
819 7 0 1 2 
820 0 7 3 2 
821 0 5 2 7 3 
822 7 0 1 2 
823 5 0 1 4 2 
824 5 6 2 7 
825 6 1 5 0 4 
826 5 2 1 3 0 7 
827 5 4 2 3 
828 1 3 2 0 4 
829 7 3 2 
830 0 3 2 
831 6 7 1 3 0 2 5 
832 1 7 0 4 6 2 
833 0 3 2 6 7 4 
834 7 0 1 2 
835 1 2 0 4 
836 1 4 0 2 
837 1 3 4 2 
838 0 7 4 6 5 3 
839 6 7 5 4 
840 1 4 7 5 6 2 
841 1 0 3 2 
842 6 5 7 4 
843 5 0 1 2 
844 5 7 4 6 1 0 2 
845 1 6 7 3 2 
846 5 4 1 7 0 2 
847 0 7 4 6 1 2 
848 0 7 4 6 1 
849 0 6 5 7 4 
850 0 7 4 6 5 3 
851 7 5 4 1 0 3 
852 0 7 6 5 
853 0 2 4 
854 7 2 6 3 5 
855 5 7 6 4 
856 5 7 6 
857 6 4 7 0 1 2 
858 5 2 3 1 4 
859 5 0 1 2 7 
860 1 5 2 7 3 
861 7 4 5 6 2 
862 0 1 3 2 
863 6 4 2 5 3 
864 1 7 4 6 2 
865 0 4 5 3 2 
866 7 2 4 
867 1 2 7 6 3 5 
868 1 5 4 
869 1 7 3 2 
870 0 5 4 1 7 3 
871 6 0 7 2 1 4 
872 1 4 5 0 2 
873 1 7 6 5 
874 6 2 1 7 4 
875 5 4 6 7 
876 5 1 3 0 7 4 
877 1 4 7 0 2 
878 5 2 1 3 0 7 
879 0 7 4 6 2 
880 0 5 4 
881 1 0 2 
882 0 1 3 2 
883 7 1 5 0 4 
884 0 1 2 6 7 
885 0 1 4 5 2 
886 7 2 4 
887 5 4 1 7 0 3 
888 5 4 7 6 2 
889 6 5 4 
890 5 2 0 1 4 
891 5 4 1 7 0 2 
892 1 2 0 4 
893 7 1 2 0 4 
894 0 7 3 2 
895 6 5 4 1 7 0 3 
896 1 2 7 6 3 5 
897 0 7 6 5 
898 7 4 6 2 
899 1 5 4 7 0 3 
900 1 0 2 6 7 4 
901 1 4 5 0 2 
902 0 7 6 5 
903 6 0 1 2 7 
904 1 6 7 5 4 
905 1 0 3 2 
906 6 2 1 7 4 
907 5 0 1 2 
908 5 2 4 7 
909 1 2 5 0 4 
910 5 1 2 0 6 7 
911 0 2 4 7 
912 0 1 2 
913 1 5 2 7 3 
914 0 7 4 6 3 2 
915 7 1 2 0 4 
916 0 4 7 2 
917 0 3 2 6 7 4 
918 7 6 5 
919 5 7 0 4 6 1 2 
920 5 7 4 6 1 0 2 
921 6 7 1 3 0 2 5 
922 5 7 0 4 6 1 2 
923 5 7 6 
924 1 2 3 7 5 
925 7 2 3 5 
926 0 1 2 5 4 
927 6 4 7 0 1 2 
928 1 2 5 0 4 
929 0 1 2 6 7 
930 7 5 2 3 
931 1 7 5 6 4 
932 1 7 0 4 6 2 
933 1 7 4 6 2 
934 0 1 3 2 
935 6 7 5 4 
936 0 1 2 6 7 
937 1 0 3 2 
938 6 3 1 2 0 4 
939 5 7 6 
940 5 1 0 4 
941 1 2 0 7 
942 5 4 7 6 2 
943 1 7 4 6 2 
944 0 3 2 6 7 4 
945 5 3 4 2 
946 6 7 4 1 5 0 2 
947 7 1 5 0 4 
948 4 1 2 0 5 3 
949 4 3 6 7 2 
950 6 0 1 2 
951 5 4 
952 5 6 2 7 
953 6 4 1 7 0 2 
954 5 4 3 2 
955 5 4 2 3 
956 0 1 3 2 
957 6 3 2 
958 0 1 2 
959 6 1 0 3 2 
960 5 6 7 4 
961 5 0 1 2 
962 5 2 1 3 0 7 
963 5 6 2 7 
964 5 0 1 4 2 
965 5 0 1 2 7 
966 0 5 4 
967 6 4 5 
968 1 2 7 6 3 5 
969 7 1 0 2 6 4 
970 5 7 4 6 1 0 
971 5 7 4 6 3 
972 5 3 1 2 0 4 
973 0 1 2 5 3 4 
974 5 1 4 0 2 
975 0 1 2 7 
976 0 4 7 6 1 2 
977 1 7 6 5 
978 0 3 4 2 
979 7 6 5 4 
980 0 2 6 7 4 
981 0 1 2 5 3 4 
982 5 3 1 2 0 4 
983 5 1 7 2 0 4 
984 5 4 6 7 
985 4 7 1 6 3 0 2 5 
986 5 1 3 0 7 4 
987 5 2 4 
988 1 7 4 6 5 3 
989 5 3 4 2 
990 1 2 6 7 4 
991 4 7 2 
992 5 0 1 2 
993 5 0 1 4 2 
994 7 5 3 4 2 
995 5 7 1 6 3 0 2 
996 5 7 4 6 3 
997 5 0 1 3 2 
998 0 2 3 7 5 
999 6 4 3 7 2 
1000 1 7 3 2 
1001 1 4 5 
1002 6 0 1 2 7 
1003 5 4 
1004 5 2 7 3 
1005 1 0 2 
1006 5 1 4 0 2 
1007 0 1 2 7 
1008 5 0 1 4 2 
1009 7 3 2 6 4 
1010 7 3 1 2 0 4 
1011 7 4 6 2 
1012 4 0 1 2 
1013 4 7 6 5 3 
1014 7 1 2 5 0 4 
1015 5 0 1 4 2 
1016 5 1 2 0 4 
1017 6 7 4 3 2 
1018 5 4 2 3 
1019 5 6 7 4 
1020 1 7 3 2 
1021 7 2 3 1 4 
1022 0 1 3 7 5 4 
1023 6 7 0 4 1 2 
