0 5 3 0 2 1 6 
1 1 2 3 6 
2 3 0 7 6 
3 2 7 5 6 
4 1 0 6 
5 1 3 0 2 6 7 
6 6 1 0 5 
7 7 0 1 2 6 
8 5 1 0 6 
9 3 7 6 5 
10 0 6 5 
11 3 0 7 6 
12 2 0 1 6 
13 2 3 0 5 4 
14 0 2 1 5 4 
15 2 4 0 1 5 6 
16 6 5 
17 4 7 0 6 
18 0 3 2 1 6 5 
19 7 1 3 2 6 
20 2 7 5 6 
21 5 3 2 1 6 
22 6 7 5 
23 4 2 3 0 1 5 
24 6 7 3 
25 5 0 6 3 4 1 
26 0 7 1 6 
27 2 3 4 1 5 
28 6 0 1 2 
29 2 3 0 1 
30 3 1 2 6 
31 7 3 4 1 2 6 5 
32 7 3 2 1 5 6 
33 3 0 1 6 
34 0 4 6 5 
35 7 4 6 5 
36 5 1 7 0 6 
37 1 7 3 0 6 
38 1 4 6 5 
39 6 0 7 1 
40 1 3 7 2 6 
41 1 7 2 3 0 6 
42 3 0 4 1 5 
43 4 6 5 
44 5 3 7 4 2 1 6 
45 5 0 1 6 
46 3 0 4 5 
47 0 4 1 5 6 
48 5 0 1 6 7 
49 1 6 5 
50 6 3 2 1 4 5 
51 5 1 0 6 
52 4 7 3 0 6 
53 4 1 0 3 6 
54 0 1 6 
55 5 1 0 3 6 
56 6 3 0 
57 7 6 5 
58 6 0 1 7 
59 2 3 6 1 
60 6 0 2 7 3 5 
61 5 0 4 1 
62 2 7 6 5 
63 0 3 2 5 4 
64 5 3 1 0 2 
65 1 0 4 5 
66 3 2 6 1 
67 2 3 4 1 6 7 5 
68 1 7 6 5 
69 1 0 4 5 
70 6 0 2 7 3 5 
71 7 0 1 4 5 
72 5 7 3 0 6 
73 3 2 1 4 6 5 
74 0 7 5 6 
75 3 1 2 6 
76 2 3 1 7 
77 2 4 0 1 5 6 
78 0 3 1 2 4 7 
79 2 3 1 7 
80 6 3 0 2 1 5 
81 4 3 0 7 6 
82 0 3 7 4 2 1 5 6 
83 7 4 1 5 
84 2 3 0 4 1 5 
85 5 1 2 3 6 
86 6 4 0 5 
87 4 0 1 2 6 
88 6 2 4 3 1 5 
89 5 3 0 2 6 7 
90 0 1 3 
91 2 7 6 5 
92 6 7 0 
93 2 7 3 6 
94 3 0 2 5 1 6 
95 7 2 3 0 1 4 5 
96 7 1 0 3 6 
97 3 4 1 5 
98 0 2 1 5 4 
99 7 0 6 3 4 1 5 
100 5 3 2 4 1 6 
101 0 1 3 6 
102 1 0 6 3 4 5 
103 6 3 0 
104 1 7 
105 1 0 2 6 
106 3 1 7 0 6 
107 4 3 1 0 2 5 
108 5 3 7 2 1 6 
109 5 2 3 6 1 
110 3 0 1 4 5 
111 0 6 5 
112 5 7 
113 1 3 0 2 6 7 
114 6 3 0 7 
115 5 3 0 2 6 7 
116 4 3 0 2 6 7 
117 4 1 6 5 
118 0 1 4 5 
119 5 2 1 0 4 
120 6 7 1 0 
121 7 2 1 5 0 4 
122 6 1 7 0 
123 2 7 3 0 6 
124 6 3 0 
125 5 3 1 6 
126 2 7 
127 0 1 5 6 
128 5 3 0 2 6 7 
129 1 0 6 
130 3 0 1 6 7 
131 2 1 3 6 
132 1 7 0 6 
133 1 3 2 5 6 
134 6 1 7 0 
135 7 0 1 2 6 
136 5 0 7 1 6 
137 3 7 6 5 
138 0 3 1 2 5 
139 3 7 1 2 0 6 
140 2 4 1 0 3 6 5 
141 2 7 3 0 6 
142 0 1 6 7 
143 2 4 0 5 
144 6 3 0 7 
145 6 0 2 7 3 5 
146 0 3 2 5 1 6 
147 7 2 3 1 
148 2 0 1 6 
149 5 3 7 2 1 6 
150 6 7 3 2 0 5 
151 4 0 1 2 6 
152 6 0 1 3 
153 5 2 4 3 1 6 
154 0 7 6 5 
155 2 4 1 0 3 6 5 
156 6 5 1 0 3 7 
157 2 1 7 0 6 
158 3 1 2 6 
159 7 4 0 5 
160 7 3 0 6 
161 3 1 2 6 
162 0 3 4 1 5 
163 7 3 1 0 2 6 
164 4 0 2 7 3 6 5 
165 0 6 3 4 1 5 
166 1 3 0 2 6 5 
167 6 7 3 
168 1 4 7 5 
169 1 3 0 7 6 
170 3 4 1 2 6 7 5 
171 4 0 1 5 6 
172 5 1 3 2 6 
173 5 4 1 0 3 6 
174 3 4 6 5 
175 0 1 3 6 
176 5 3 0 2 6 7 
177 1 3 0 2 5 
178 6 4 1 5 
179 5 3 0 4 1 
180 4 2 3 1 7 
181 4 7 1 2 3 0 6 
182 0 7 6 
183 5 4 6 
184 6 4 0 5 
185 7 3 0 2 5 4 
186 7 0 1 6 
187 2 3 0 6 
188 6 7 5 
189 5 6 
190 2 5 3 4 1 6 
191 0 6 5 
192 5 4 6 
193 1 7 6 5 
194 3 7 0 6 
195 2 3 1 4 6 5 
196 1 7 6 5 
197 1 0 5 6 
198 6 4 0 1 5 
199 7 5 3 2 4 1 6 
200 5 4 0 
201 3 1 0 2 6 
202 1 0 4 5 
203 3 7 6 5 
204 2 4 1 6 5 
205 2 3 0 1 6 5 
206 1 0 5 6 
207 2 3 0 1 4 5 
208 6 5 
209 4 1 6 5 
210 0 3 6 
211 7 5 1 0 3 6 
212 2 3 6 1 
213 4 5 1 0 3 7 6 
214 7 3 1 0 2 5 
215 4 3 0 2 1 6 5 
216 7 3 0 6 
217 5 7 3 0 6 
218 0 1 6 
219 2 3 0 5 4 
220 6 4 1 0 3 5 
221 2 7 3 6 
222 3 0 1 
223 6 2 4 3 1 5 
224 7 4 1 5 
225 3 0 2 6 7 
226 0 2 1 5 4 
227 7 3 0 6 
228 5 4 6 
229 0 3 1 2 4 7 
230 1 7 3 2 0 5 6 
231 6 3 1 0 2 
232 1 3 2 6 
233 1 3 2 4 7 
234 3 7 1 0 6 
235 4 5 1 0 3 7 6 
236 5 1 2 3 6 
237 5 2 1 0 4 
238 3 0 4 5 
239 0 6 5 
240 4 0 6 3 1 5 
241 1 5 3 2 4 6 
242 6 0 4 1 5 
243 5 7 1 2 3 0 6 
244 1 4 6 5 
245 4 0 1 3 
246 0 7 
247 4 3 1 0 2 6 
248 6 0 4 1 5 
249 7 1 2 3 6 
250 6 4 0 1 5 
251 2 0 7 3 6 5 
252 4 0 5 
253 5 2 3 6 1 
254 2 7 3 0 6 
255 0 1 2 3 6 
256 5 2 4 3 1 6 
257 1 3 0 4 5 
258 3 0 2 1 6 5 
259 2 1 3 6 
260 1 6 5 
261 1 4 0 5 
262 4 3 0 1 
263 7 0 2 3 1 5 4 
264 5 3 0 1 
265 2 4 1 7 5 
266 0 1 2 6 
267 3 0 1 6 
268 2 7 6 5 
269 2 3 1 0 6 
270 0 3 2 5 4 
271 2 7 1 3 0 6 
272 6 3 4 1 5 
273 4 0 2 3 1 5 
274 0 3 2 5 4 
275 7 0 1 6 
276 2 4 6 5 
277 5 0 2 7 3 6 
278 6 0 1 3 
279 4 3 0 6 
280 6 3 4 1 5 
281 5 1 0 6 
282 0 3 1 2 4 7 
283 2 7 3 6 
284 6 0 1 3 
285 2 3 7 4 1 5 6 
286 3 7 2 0 5 6 
287 7 0 4 1 5 6 
288 7 3 2 1 6 
289 3 0 2 5 1 6 
290 1 0 2 6 
291 7 2 4 3 1 6 5 
292 5 3 7 2 1 6 
293 0 3 6 
294 1 2 5 0 4 
295 6 4 0 1 5 
296 0 4 1 5 6 
297 1 0 2 3 5 4 
298 3 1 0 2 6 
299 4 3 7 0 6 
300 5 0 2 3 1 4 
301 4 5 3 2 1 6 
302 3 7 6 5 
303 0 2 3 1 5 4 
304 5 4 1 6 
305 0 7 3 6 
306 7 6 5 
307 4 0 1 5 6 
308 4 6 5 
309 4 7 3 0 6 
310 0 1 3 6 
311 0 3 4 1 2 6 7 5 
312 6 0 4 1 5 
313 7 1 0 6 
314 6 3 7 4 2 1 5 
315 1 0 7 6 
316 6 4 5 
317 5 3 0 6 
318 2 4 0 5 
319 0 4 1 3 6 5 
320 5 2 3 1 7 
321 1 3 0 2 6 5 
322 3 0 7 1 6 
323 2 3 1 7 
324 0 3 2 6 7 
325 1 4 6 5 
326 6 5 3 2 4 1 
327 7 3 0 2 5 1 6 
328 5 3 0 1 
329 3 4 1 5 
330 0 3 7 2 1 6 
331 3 4 1 7 5 
332 2 3 7 0 6 
333 2 3 0 5 1 6 
334 0 1 7 6 
335 1 0 3 
336 6 0 1 3 
337 4 7 5 6 
338 1 0 4 5 
339 7 3 0 6 
340 3 5 1 6 
341 7 0 4 1 5 6 
342 6 1 0 5 
343 4 1 2 3 6 
344 6 3 0 2 1 5 
345 5 7 3 2 0 6 
346 0 7 6 5 
347 2 3 1 0 6 
348 6 3 4 1 5 
349 2 1 3 6 
350 3 1 0 2 5 
351 7 0 1 4 5 
352 7 4 1 5 
353 3 0 1 4 5 
354 0 4 6 5 
355 7 3 0 6 
356 5 3 0 6 
357 0 3 2 1 6 5 
358 1 3 4 2 6 7 5 
359 6 3 0 2 5 4 
360 1 3 0 
361 1 2 5 0 4 
362 3 5 2 1 0 4 6 
363 1 2 3 6 
364 5 0 6 3 4 1 
365 5 3 0 7 6 
366 3 0 4 1 5 
367 0 1 4 5 
368 7 1 2 3 6 
369 1 0 2 7 3 6 5 
370 6 3 0 2 1 5 
371 5 3 7 4 2 1 6 
372 4 3 7 0 6 
373 4 3 5 1 6 
374 0 3 7 6 
375 5 4 1 7 
376 6 4 1 0 3 5 
377 7 0 1 6 
378 6 3 0 2 5 4 
379 2 3 0 6 
380 6 0 1 
381 5 3 0 2 1 6 
382 2 5 3 4 1 6 
383 0 3 1 
384 5 3 1 0 2 
385 1 2 4 3 6 5 
386 3 2 4 1 6 5 
387 2 6 5 
388 0 3 7 2 1 6 
389 1 3 0 6 
390 7 4 0 5 
391 7 6 5 
392 5 0 1 3 
393 3 4 1 6 5 
394 0 1 6 7 
395 3 0 2 1 5 4 
396 3 4 1 7 5 
397 2 4 0 5 
398 1 7 5 6 
399 2 0 7 3 6 5 
400 6 5 
401 4 0 1 5 
402 0 3 6 
403 7 1 0 6 
404 2 0 1 3 
405 5 3 7 4 2 1 6 
406 6 7 5 
407 4 0 1 5 6 
408 7 3 6 
409 5 1 0 6 
410 0 7 6 
411 2 7 1 0 6 
412 7 3 2 1 4 6 5 
413 2 7 3 0 5 6 
414 3 1 0 6 
415 7 3 0 6 
416 7 3 0 1 
417 3 4 6 5 
418 1 3 7 2 6 
419 7 3 1 0 2 5 
420 5 2 1 0 4 6 
421 0 1 4 5 
422 1 3 0 6 
423 7 1 0 6 
424 1 4 0 3 6 5 
425 1 3 0 4 5 
426 3 7 0 6 
427 4 2 3 0 1 5 
428 5 0 4 1 6 
429 5 3 1 6 
430 3 0 4 5 
431 3 1 0 5 6 
432 5 0 1 6 7 
433 1 0 7 6 
434 6 4 1 5 
435 5 3 1 2 4 7 
436 4 3 1 2 7 
437 4 5 1 0 3 7 6 
438 0 4 5 
439 7 3 0 2 5 4 
440 6 3 0 
441 2 7 3 6 
442 6 7 0 
443 2 0 1 6 
444 3 0 2 1 5 4 
445 5 4 6 
446 2 6 5 
447 0 3 2 1 5 6 
448 5 4 1 7 
449 0 2 3 1 7 
450 3 2 1 4 6 5 
451 2 7 1 0 6 
452 1 3 0 6 
453 1 3 2 4 6 5 
454 6 3 7 4 2 1 5 
455 7 0 1 6 
456 4 7 6 5 
457 3 2 1 5 6 
458 0 3 6 
459 3 0 2 6 7 
460 2 3 7 0 6 
461 2 6 5 
462 0 4 5 
463 2 4 0 5 
464 7 4 0 5 
465 4 0 1 5 
466 0 1 3 
467 7 6 5 
468 2 1 0 5 6 
469 5 3 7 0 6 
470 6 3 2 1 5 
471 4 0 6 3 1 5 
472 6 3 0 2 7 
473 4 7 
474 0 2 3 1 4 5 
475 2 3 1 0 5 
476 6 7 5 
477 2 7 
478 3 5 2 1 0 4 6 
479 7 3 2 1 6 
480 7 0 4 1 5 6 
481 3 0 4 1 5 
482 0 3 7 4 2 1 5 6 
483 7 0 4 5 
484 5 7 3 0 6 
485 0 3 1 
486 1 0 2 7 3 6 5 
487 4 3 2 1 6 5 
488 1 4 6 5 
489 1 5 0 3 7 6 
490 3 2 1 4 6 5 
491 4 5 2 1 0 6 
492 5 6 
493 5 2 4 3 1 6 
494 3 5 1 6 
495 0 1 5 6 
496 5 2 1 0 4 6 
497 1 3 2 6 
498 6 0 4 1 5 
499 5 7 3 2 0 6 
500 4 3 0 2 5 1 6 
501 4 3 2 1 6 5 
502 0 4 5 
503 5 3 2 1 6 
504 6 7 3 2 0 5 
505 7 3 4 1 2 6 5 
506 6 0 4 1 5 
507 3 2 4 1 6 5 
508 4 3 7 2 1 5 6 
509 5 3 0 2 1 6 
510 2 0 4 5 
511 0 4 5 
512 5 2 3 0 1 4 
513 1 2 5 0 4 
514 3 0 6 4 1 5 
515 2 1 0 5 6 
516 1 0 4 5 
517 1 3 0 4 5 
518 6 2 3 1 
519 7 6 5 
520 5 7 6 
521 3 7 2 0 5 6 
522 0 3 6 
523 3 2 4 1 6 5 
524 2 7 0 6 
525 2 3 1 4 7 
526 0 5 3 2 4 1 6 
527 2 3 1 4 6 5 
528 6 4 5 
529 4 0 1 6 
530 0 4 1 5 6 
531 7 0 6 
532 2 4 0 5 
533 5 3 1 0 2 
534 6 7 5 
535 4 3 0 1 5 
536 6 0 1 7 
537 5 0 1 2 6 
538 0 7 1 2 3 6 
539 3 4 1 0 6 5 
540 6 5 1 0 3 7 
541 2 0 4 1 5 
542 3 7 0 6 
543 7 6 5 
544 7 4 1 5 
545 3 7 2 1 6 
546 0 5 2 1 4 6 
547 7 6 5 
548 5 3 1 6 
549 0 6 3 4 1 5 
550 2 0 4 5 
551 6 5 2 1 0 4 
552 1 3 0 4 5 
553 1 0 5 6 
554 3 5 1 0 7 6 
555 4 0 1 3 
556 5 3 2 4 1 6 
557 5 4 6 
558 3 7 0 6 
559 0 3 2 5 4 
560 5 1 0 3 7 6 
561 1 3 7 2 6 
562 6 2 3 0 1 4 5 
563 5 3 0 2 6 7 
564 4 0 2 3 1 5 
565 4 3 5 1 6 
566 0 3 1 2 4 7 
567 5 1 7 0 6 
568 6 1 3 2 
569 7 3 0 4 1 5 
570 6 0 4 1 5 
571 2 3 7 4 1 5 6 
572 6 3 0 2 5 1 
573 5 2 1 0 4 6 
574 2 7 6 5 
575 0 1 7 6 
576 5 7 3 6 
577 0 3 1 2 6 
578 3 1 2 4 7 
579 2 1 3 6 
580 1 0 7 6 
581 1 3 0 6 
582 6 3 2 1 5 
583 7 0 1 3 
584 5 1 7 0 6 
585 3 2 1 5 6 
586 0 3 6 
587 3 7 6 
588 2 3 0 1 4 5 
589 2 3 1 4 7 
590 0 1 2 6 
591 2 0 3 1 5 4 
592 6 3 1 0 2 
593 4 0 1 5 6 
594 0 7 6 
595 7 5 2 1 0 4 6 
596 2 3 0 5 1 6 
597 4 3 0 1 
598 6 7 1 2 3 0 
599 4 3 0 7 6 
600 6 2 4 3 1 5 
601 5 1 7 0 6 
602 0 2 7 3 6 5 
603 2 4 6 5 
604 6 5 1 0 3 7 
605 2 3 0 7 6 
606 3 1 0 2 6 
607 7 6 5 
608 7 0 1 6 
609 3 7 6 5 
610 0 7 1 6 
611 7 0 6 
612 5 7 3 2 0 6 
613 0 3 7 6 
614 1 7 2 3 0 6 
615 6 3 0 
616 1 3 4 5 
617 1 0 4 5 
618 3 2 6 1 
619 4 7 3 0 6 
620 5 6 
621 5 7 1 0 6 
622 3 2 0 1 4 5 
623 0 3 2 1 4 6 5 
624 5 3 1 0 2 6 
625 1 0 3 6 
626 6 3 0 2 5 1 
627 5 3 0 6 
628 4 1 0 3 6 5 
629 4 7 1 0 6 
630 0 3 6 
631 5 3 4 1 
632 5 7 6 
633 7 1 0 6 
634 6 1 2 3 
635 2 0 1 6 
636 6 3 2 1 5 
637 4 7 
638 2 3 1 5 6 
639 0 7 
640 5 2 3 1 7 
641 1 4 0 3 6 5 
642 3 0 1 4 5 
643 2 3 4 1 6 7 5 
644 1 7 0 6 
645 0 7 1 6 
646 6 3 7 4 2 1 5 
647 7 3 2 1 6 
648 5 0 1 6 
649 3 1 2 6 
650 0 4 6 5 
651 3 1 2 6 
652 2 0 1 3 
653 2 7 
654 2 7 3 6 
655 2 4 3 1 6 5 
656 6 3 7 0 
657 4 1 0 3 6 
658 0 1 2 3 6 
659 7 3 0 2 6 
660 1 4 6 5 
661 5 3 0 2 4 
662 6 0 2 7 3 5 
663 4 2 3 1 6 5 
664 6 1 3 2 
665 5 2 3 0 1 4 
666 0 1 7 6 
667 2 7 6 5 
668 6 4 0 1 5 
669 2 3 1 0 5 
670 3 4 1 5 
671 6 0 4 1 5 
672 7 0 4 5 
673 3 0 6 
674 0 3 1 2 4 7 
675 7 6 5 
676 5 3 1 6 
677 1 3 0 2 6 5 
678 1 2 5 0 4 
679 6 2 3 1 
680 1 0 6 3 4 5 
681 1 3 0 2 6 5 
682 3 0 2 1 5 4 
683 4 7 
684 5 1 0 3 6 
685 5 1 3 2 6 
686 3 0 1 4 5 
687 0 3 7 6 
688 5 7 6 
689 1 0 4 5 
690 6 7 3 2 0 5 
691 4 3 5 1 6 
692 4 2 3 1 6 5 
693 4 3 0 6 
694 0 3 4 1 2 6 7 5 
695 4 3 1 5 
696 6 4 1 5 
697 7 4 6 5 
698 6 2 3 1 
699 2 3 1 5 6 
700 7 3 2 1 5 6 
701 5 2 3 6 1 
702 2 3 0 1 4 5 
703 0 7 3 2 5 6 
704 5 3 7 4 2 1 6 
705 1 0 7 6 
706 1 5 2 0 4 6 
707 2 3 1 7 
708 1 3 5 6 
709 1 5 3 2 4 6 
710 6 1 0 5 
711 7 0 4 1 5 6 
712 5 3 7 0 6 
713 3 4 6 5 
714 0 7 
715 3 0 1 
716 2 5 3 4 1 6 
717 2 7 5 6 
718 0 7 1 6 
719 2 0 3 1 5 4 
720 6 7 3 
721 4 0 2 3 1 5 
722 0 7 6 5 
723 7 0 4 1 5 6 
724 2 3 4 1 5 
725 5 0 4 1 6 
726 6 0 4 1 5 
727 4 3 0 7 6 
728 6 7 1 2 3 0 
729 5 2 3 0 1 4 
730 0 1 4 5 
731 2 4 6 5 
732 6 0 1 2 
733 2 3 1 0 6 
734 3 1 7 0 6 
735 7 3 1 2 4 
736 7 3 1 0 2 5 
737 3 0 4 1 5 
738 0 3 4 1 2 6 7 5 
739 7 1 2 3 0 6 
740 5 4 0 
741 0 7 6 5 
742 1 6 5 
743 6 4 5 
744 1 0 2 6 
745 1 0 2 3 5 4 
746 3 2 1 5 0 4 
747 4 0 1 5 
748 5 3 1 0 2 
749 5 7 6 
750 3 0 4 5 
751 0 7 1 2 3 6 
752 5 7 
753 1 4 0 5 6 
754 6 4 0 1 5 
755 5 3 0 1 
756 4 7 6 5 
757 4 7 1 2 3 0 6 
758 0 7 1 2 3 6 
759 5 3 1 0 2 6 
760 6 4 5 
761 7 5 2 1 0 4 6 
762 6 5 
763 2 3 4 1 6 7 5 
764 6 7 0 
765 4 2 3 0 1 5 
766 2 5 1 0 3 7 6 
767 0 5 3 2 4 1 6 
768 5 0 4 
769 1 7 3 2 0 5 6 
770 3 0 4 1 5 
771 2 3 4 1 6 7 5 
772 1 4 7 5 
773 1 3 7 4 2 5 6 
774 6 0 1 7 
775 7 5 6 
776 4 3 7 2 1 6 
777 3 0 6 4 1 5 
778 0 4 1 5 
779 3 6 5 
780 2 4 6 5 
781 2 4 6 5 
782 0 1 2 6 
783 2 5 3 4 1 6 
784 6 1 3 2 
785 4 0 5 
786 0 3 4 1 2 6 7 5 
787 7 6 5 
788 2 3 0 5 4 
789 4 1 0 3 6 
790 6 0 7 1 
791 4 2 3 6 1 
792 6 0 1 7 
793 4 1 7 5 
794 0 2 3 1 7 
795 2 1 5 0 4 
796 6 4 1 0 3 5 
797 2 3 5 1 6 
798 3 5 1 0 7 6 
800 7 3 4 1 5 
801 3 7 6 5 
802 2 3 7 0 6 
803 7 3 0 2 5 1 6 
804 4 0 2 7 3 6 5 
805 0 3 7 6 
806 1 0 3 
807 6 4 1 5 
808 1 4 0 5 6 
809 1 0 3 
810 3 0 1 
811 4 2 3 1 6 5 
812 4 2 3 6 1 
813 4 3 0 2 5 1 6 
814 3 7 6 5 
815 4 3 1 5 
816 4 7 5 6 
817 6 4 5 
818 6 0 3 4 1 5 
819 4 5 1 0 3 7 6 
820 4 7 1 2 3 0 6 
821 4 3 7 2 1 6 
822 4 1 0 5 6 
823 7 3 4 1 2 6 5 
824 6 7 3 
825 7 0 2 3 6 5 
826 6 1 0 3 
827 7 3 0 4 1 5 
828 6 4 1 7 5 
829 4 1 2 3 6 
830 2 5 1 0 4 6 
831 0 1 3 2 6 
832 5 7 3 6 
833 4 5 2 1 0 6 
834 4 5 3 2 1 6 
835 5 1 0 3 7 6 
836 5 0 6 3 4 1 
837 4 3 2 1 6 5 
838 6 4 1 5 
839 7 2 3 0 1 4 5 
840 7 3 1 2 4 
841 4 6 5 
842 4 2 1 5 0 
843 4 0 1 6 7 
844 5 7 6 
845 7 3 0 6 
846 7 0 6 
848 6 0 1 4 5 
849 6 7 1 0 
850 6 0 1 3 
851 7 3 4 2 1 5 6 
852 7 3 6 
853 7 3 0 6 
854 6 3 0 2 5 1 
855 7 5 6 
856 6 7 0 
857 4 3 7 2 1 5 6 
858 4 3 0 6 
859 5 3 4 1 
860 6 7 3 0 
861 2 4 0 5 
862 3 7 5 6 
863 7 1 0 6 
864 7 5 1 0 3 6 
865 3 1 0 6 
866 0 1 7 6 
867 7 0 6 
868 7 2 3 1 
869 0 3 4 1 2 6 7 5 
870 1 0 4 5 
871 6 2 3 0 1 4 5 
872 4 3 1 0 2 5 
873 7 3 0 2 1 6 5 
874 4 2 1 5 0 
875 4 0 1 6 7 
876 3 0 7 6 
877 3 0 1 4 5 
878 4 0 5 
879 4 3 0 2 5 1 6 
880 1 3 2 4 6 5 
881 7 0 4 5 
882 1 4 7 5 
883 1 5 2 0 4 6 
884 1 3 0 
885 1 4 0 5 6 
886 4 6 5 
887 1 3 2 4 7 
888 2 3 0 6 7 
889 2 3 1 4 7 
890 2 4 0 1 5 6 
891 7 0 1 6 
892 3 1 2 6 
893 3 0 2 5 1 6 
894 2 3 1 7 
895 0 7 1 6 
896 0 2 4 3 1 6 5 
897 1 7 6 5 
898 1 3 2 6 
899 5 3 1 0 2 
900 1 0 4 5 6 
901 4 1 0 3 6 
903 4 6 5 
904 7 0 1 6 
905 2 5 1 0 4 6 
906 1 3 5 6 
907 4 1 6 5 
908 3 2 1 5 0 4 
909 2 3 0 7 6 
910 0 7 3 2 5 6 
911 0 7 1 6 
912 4 3 1 2 7 
913 4 3 0 6 
914 0 3 4 1 5 
915 1 4 6 5 
916 1 2 5 0 4 
917 7 0 1 6 
918 7 3 0 2 1 6 5 
919 7 3 4 2 1 5 6 
920 7 0 6 3 4 1 5 
921 4 3 1 5 
922 0 3 2 1 5 6 
923 3 2 6 1 
924 3 7 0 6 
925 3 0 6 4 1 5 
926 3 7 
927 3 1 0 2 6 
928 3 4 1 0 6 5 
929 1 3 2 4 6 5 
930 0 4 1 3 6 5 
931 7 3 2 1 5 6 
932 7 3 0 6 
933 0 1 4 5 
934 2 1 3 6 
935 1 3 5 6 
936 0 7 1 6 
937 1 2 3 6 
938 0 6 5 
939 1 0 6 7 
940 3 5 1 6 
941 3 0 1 
942 3 0 6 
943 0 4 1 5 6 
944 1 6 5 
945 1 4 6 5 
946 0 3 4 1 2 6 7 5 
947 1 3 0 2 5 
948 1 2 3 7 
949 1 4 6 5 
950 0 2 3 1 5 4 
951 1 3 5 6 
952 2 3 1 5 6 
953 2 3 7 1 6 
954 3 2 1 7 
955 1 0 2 3 5 4 
956 4 0 1 6 7 
957 4 6 5 
958 3 4 1 0 6 5 
959 3 4 1 6 5 
960 5 3 2 1 4 6 
961 4 0 2 7 3 6 5 
962 4 3 5 1 6 
963 5 3 1 0 2 6 
964 5 7 3 2 0 6 
965 4 2 3 0 1 5 
966 4 5 3 2 1 6 
967 4 3 0 2 5 
968 7 3 0 6 
969 4 3 0 2 1 6 5 
970 4 3 0 2 5 
971 4 3 0 1 
972 5 0 6 3 4 1 
973 7 1 2 3 0 6 
974 7 0 1 6 
975 7 3 0 2 6 
976 4 3 0 2 6 7 
977 6 3 0 2 5 4 
978 6 5 1 0 3 7 
979 7 2 3 1 
980 7 1 0 3 6 
981 7 0 1 6 
982 4 3 7 2 1 6 
983 4 1 0 3 6 5 
984 4 1 7 5 
985 4 3 1 5 
986 4 1 0 3 6 5 
987 5 3 4 1 2 6 7 
988 7 3 0 2 5 4 
989 3 0 2 7 6 5 
990 3 2 1 4 6 5 
991 3 0 7 6 
992 3 0 4 1 5 6 
993 1 6 5 
994 2 0 3 1 5 4 
995 7 3 2 0 5 6 
996 7 3 0 4 1 5 
997 0 2 7 3 6 5 
998 2 3 7 0 6 
999 1 0 4 5 
1000 7 3 2 0 5 6 
1001 7 6 5 
1002 3 7 6 5 
1003 3 4 1 6 5 
1004 3 7 1 2 0 6 
1005 3 1 0 2 6 
1006 3 1 0 6 
1007 4 5 2 1 0 6 
1008 7 3 0 6 
1009 7 1 3 2 6 
1010 1 7 0 6 
1011 1 7 6 5 
1012 1 4 6 5 
1013 1 2 3 7 
1014 4 0 1 6 7 
1015 1 4 7 5 
1016 2 0 1 6 
1017 2 5 3 4 1 6 
1018 3 7 5 6 
1019 1 0 6 7 
1020 3 7 6 
1021 3 0 6 
1022 3 7 6 
1023 3 7 0 6 
