0 0 7 4 6 
1 2 4 
2 7 5 4 
3 2 7 6 
4 3 1 2 
5 7 6 
6 4 2 
7 5 6 
8 7 2 
9 6 1 0 3 2 
10 5 1 0 2 
11 2 5 4 
12 7 1 3 2 
13 2 5 4 
14 6 5 4 
15 7 1 0 2 
16 2 3 
17 3 2 
18 3 1 2 
19 2 1 3 
20 4 7 6 
22 0 7 6 
23 4 6 
24 1 5 4 
25 7 4 6 
26 2 1 
27 4 1 0 2 
28 5 6 
29 7 2 
30 4 1 0 3 2 
31 3 2 
32 0 4 
33 4 1 3 2 
34 7 1 0 3 2 
35 3 1 0 2 
36 1 3 
37 4 5 
38 2 3 
39 2 7 6 
40 3 5 4 
41 3 2 
42 6 1 0 2 
43 6 1 0 2 
44 5 1 0 3 2 
45 1 3 2 
46 2 5 4 
47 0 1 2 
48 4 1 0 2 
49 5 1 0 2 
50 6 1 2 
51 5 2 
52 7 5 4 
53 1 7 6 
54 3 1 2 
55 1 7 6 
57 1 0 2 
58 3 1 0 2 
60 3 5 4 
61 4 7 6 
62 1 0 3 2 
63 0 5 4 
64 0 1 3 2 
65 2 7 4 6 
66 7 4 
67 2 3 
68 3 1 0 2 
69 7 4 6 
70 4 5 
71 5 2 
72 7 5 4 
73 6 1 2 
74 5 7 6 
75 2 1 3 
76 7 6 
77 2 1 0 
78 6 2 3 
79 7 6 
80 2 1 
81 3 5 4 
82 3 1 0 2 
83 2 1 
84 4 1 0 2 
85 4 1 0 3 2 
86 0 4 
87 4 6 
88 1 4 
89 7 6 
90 2 6 
91 4 1 0 3 2 
92 5 2 3 
93 7 5 4 
94 5 7 4 6 
95 3 6 
96 0 7 6 
97 4 1 0 2 
98 7 5 4 
99 3 7 4 6 
100 1 7 6 
101 4 7 6 
102 2 7 4 6 
103 2 7 4 6 
104 3 5 4 
105 3 6 
106 6 1 3 
107 6 1 0 3 2 
108 5 4 
109 1 4 
111 0 1 2 
112 4 5 
113 5 6 
114 6 5 4 
116 7 6 
117 1 0 3 2 
118 3 2 
119 1 5 4 
120 6 1 2 
121 1 5 4 
122 3 1 
123 4 5 
124 3 7 4 6 
125 4 1 2 
126 0 5 4 
127 1 2 
128 0 6 
129 3 1 2 
130 7 1 0 2 
131 2 1 0 3 
132 3 1 
133 7 4 
134 4 1 3 
135 5 6 
136 7 6 
137 6 5 4 
138 5 1 0 3 2 
139 2 3 
140 7 6 
141 3 5 4 
142 6 1 0 2 
143 7 4 
144 2 5 4 
145 3 5 4 
146 3 7 4 6 
147 2 6 
148 4 6 
149 4 5 
150 0 2 
151 4 6 
152 1 6 
153 7 4 
154 1 5 4 
155 4 7 6 
156 5 7 6 
157 7 1 3 
158 5 1 3 2 
159 3 4 
160 0 6 
161 4 1 0 3 2 
162 7 1 0 2 
163 3 1 2 
164 1 5 4 
165 4 7 6 
166 2 1 
167 2 5 4 
168 3 1 2 
169 1 5 4 
170 6 2 3 
171 6 1 3 
172 5 1 3 2 
173 1 7 6 
174 2 3 
175 0 7 6 
176 4 6 
177 5 1 0 3 2 
178 6 1 0 3 2 
179 6 1 0 2 
180 7 6 
181 1 2 3 
182 3 2 
183 1 3 2 
184 6 4 
185 1 5 4 
186 3 1 2 
187 4 7 6 
188 3 1 0 2 
189 4 1 0 2 
190 0 7 6 
191 1 3 2 
192 0 1 3 2 
193 2 5 4 
194 7 1 0 2 
195 2 1 
196 3 1 0 2 
197 7 2 
198 6 1 0 2 
199 5 7 6 
200 7 4 
201 6 1 2 
202 5 2 
203 0 1 3 2 
204 6 1 0 3 2 
205 2 1 
206 6 2 
207 7 6 
208 2 3 
209 1 0 3 2 
210 2 6 
211 2 7 6 
213 4 7 6 
214 0 1 3 2 
215 4 1 2 
216 1 5 4 
217 7 5 4 
218 2 1 3 
219 4 5 
220 5 7 6 
221 7 5 4 
222 5 2 
223 2 4 
224 0 1 2 
225 4 6 
226 7 5 4 
227 3 6 
228 1 0 3 2 
229 4 2 3 
231 2 1 
232 3 1 2 
233 3 2 
234 6 1 2 
235 6 7 
236 5 1 0 3 2 
237 1 5 4 
238 2 5 4 
239 0 3 2 
240 5 7 4 6 
241 6 7 
242 6 1 3 
243 6 2 3 
244 5 1 0 3 2 
245 1 6 
246 0 5 4 
247 1 2 
248 6 1 3 
249 1 0 3 2 
250 3 1 0 2 
251 4 5 
252 3 5 4 
254 0 5 4 
255 1 0 3 2 
256 0 4 
257 3 1 0 2 
258 7 1 2 
259 2 1 0 3 
260 3 1 0 2 
261 7 4 
262 4 2 
263 5 7 6 
264 7 2 
265 6 1 2 
266 5 6 
267 2 1 3 
268 7 1 0 3 2 
269 2 1 
270 6 5 4 
271 7 2 3 
272 2 1 0 
273 3 7 6 
274 3 5 4 
275 2 7 6 
276 4 1 0 3 2 
277 4 5 
278 0 6 
279 4 7 6 
280 1 0 2 
281 7 2 
282 2 3 
283 4 5 
284 4 6 
285 5 1 0 3 2 
286 5 2 
287 3 1 
288 1 5 4 
289 4 7 6 
290 7 6 
291 3 4 
292 1 5 4 
293 5 7 4 6 
294 2 5 4 
295 2 1 0 
296 3 1 0 2 
297 3 7 6 
298 6 1 2 
299 6 1 0 2 
300 5 7 6 
301 1 7 6 
302 3 1 0 2 
303 0 7 6 
304 4 1 0 3 2 
305 4 5 
306 6 5 4 
307 6 1 0 2 
308 7 3 2 
309 1 5 4 
310 3 7 6 
311 0 2 3 
312 4 1 3 
313 0 1 3 
314 3 1 0 2 
315 5 7 6 
316 3 2 
317 4 7 6 
318 0 4 
319 1 7 6 
320 0 6 
321 2 1 
322 7 6 
323 1 6 
324 3 6 
325 7 1 0 3 2 
326 4 7 6 
327 5 7 4 6 
328 7 2 
329 6 1 0 2 
330 5 4 
331 2 1 
332 7 1 0 2 
333 2 7 4 6 
334 6 1 3 
335 7 6 
336 2 6 
337 3 7 6 
338 3 7 4 6 
339 2 6 
340 5 1 2 
341 4 1 3 
342 0 2 
343 4 1 0 3 2 
344 1 2 
345 7 2 
346 2 5 4 
347 4 1 2 
348 5 1 0 2 
349 6 1 3 2 
350 6 1 0 3 2 
351 3 2 
352 0 1 2 
353 4 2 
354 7 3 2 
355 3 5 4 
356 1 6 
357 4 1 2 
358 2 3 
359 2 5 4 
360 1 2 
361 3 5 4 
362 5 7 6 
363 6 4 
364 5 7 4 6 
365 1 5 4 
366 2 1 0 
367 0 2 
368 4 1 0 3 2 
369 5 4 
370 6 1 2 
371 6 1 0 3 2 
372 7 1 0 2 
373 1 2 
374 3 1 0 2 
375 1 2 
376 6 7 
377 1 0 2 
378 3 5 4 
379 4 7 6 
380 3 1 2 
381 4 7 6 
382 0 7 6 
383 1 2 
384 0 1 3 2 
385 2 4 
386 7 4 
387 2 1 0 
388 1 5 4 
389 7 4 6 
390 5 4 
391 5 3 2 
392 7 6 
393 6 1 0 3 2 
394 6 1 0 2 
395 3 7 6 
396 7 1 2 
397 1 4 
398 6 7 
399 7 5 4 
400 2 1 0 
401 3 7 4 6 
402 3 7 4 6 
403 0 1 2 
404 4 6 
405 4 1 0 3 2 
406 0 5 4 
407 6 1 0 2 
408 1 5 4 
409 7 2 
410 2 3 
411 4 1 2 
412 4 1 2 
413 7 2 
414 5 7 6 
415 3 5 4 
416 0 2 
417 4 1 0 3 2 
418 7 5 4 
419 3 1 0 2 
420 1 7 6 
421 4 2 
422 2 7 4 6 
423 2 1 
424 3 7 6 
425 3 1 0 2 
426 6 2 3 
428 5 1 3 
429 1 2 
430 2 5 4 
431 0 2 
432 4 1 0 2 
433 5 7 6 
434 6 1 0 3 2 
435 6 2 3 
436 6 2 3 
437 0 7 6 
438 3 4 
439 1 5 4 
440 6 7 4 
441 1 5 4 
442 3 2 
443 4 1 3 2 
444 3 7 6 
445 4 1 0 3 2 
446 0 3 2 
447 1 4 
448 0 1 2 
449 2 6 
450 7 1 2 
451 2 1 
452 3 6 
453 7 1 2 
454 4 1 0 3 2 
455 5 1 3 2 
456 7 5 4 
457 6 4 
458 5 7 4 6 
459 2 6 
460 7 1 0 2 
461 2 3 
462 6 5 4 
463 7 4 
464 2 4 
466 3 6 
467 2 1 0 3 
468 4 2 
469 4 1 0 2 
470 0 4 
471 4 7 6 
472 1 6 
473 7 5 4 
474 3 6 
475 4 1 0 3 2 
476 5 4 
477 7 5 4 
478 5 7 6 
479 3 5 4 
480 0 1 3 
481 4 1 0 2 
482 7 1 0 3 2 
483 3 5 4 
484 1 5 4 
485 4 2 
486 2 5 4 
487 2 1 
488 2 1 0 3 
489 3 7 6 
490 6 1 2 
491 6 7 
492 6 3 2 
493 1 4 
494 2 1 
495 0 2 
496 4 7 6 
497 5 1 3 2 
498 6 7 4 
499 6 2 
500 7 4 6 
501 1 2 
502 3 5 4 
503 1 4 
504 6 2 
505 1 2 3 
506 3 7 4 6 
508 2 1 0 3 
509 4 1 2 
510 0 5 4 
511 1 5 4 
512 0 6 
513 2 5 4 
514 7 4 6 
516 2 7 4 6 
517 7 1 0 2 
519 5 1 0 2 
520 7 6 
521 6 2 
522 5 6 
523 2 4 
524 7 2 3 
525 2 3 
526 6 7 
527 7 1 2 
528 2 1 0 3 
529 3 1 2 
530 3 1 
531 2 3 
533 4 1 0 3 2 
534 0 7 6 
535 4 1 0 2 
536 1 0 2 
537 7 6 
538 2 3 
539 7 6 
540 5 7 6 
541 7 4 6 
542 5 4 
543 3 2 
544 0 1 2 
545 4 5 
546 7 6 
547 3 2 
548 1 2 
549 4 7 6 
550 2 5 4 
551 2 7 6 
552 3 1 0 2 
553 3 2 
554 6 7 
556 5 7 6 
557 1 0 3 2 
558 2 1 0 
559 0 5 4 
560 4 7 6 
561 5 4 
564 7 6 
565 1 2 
566 3 2 
567 1 3 
568 6 1 3 2 
569 1 0 2 
570 3 7 4 6 
571 4 1 0 3 2 
572 3 7 4 6 
573 4 7 6 
574 0 5 4 
575 1 3 
576 0 5 4 
577 2 1 
578 7 2 3 
579 2 1 3 
580 3 7 6 
581 7 6 
583 5 6 
584 7 1 3 
585 6 4 
586 5 7 4 6 
587 2 5 4 
588 7 6 
589 2 3 
591 7 6 
592 2 1 
593 3 1 
594 3 2 
595 2 7 6 
596 4 7 6 
597 4 2 
598 0 2 3 
599 4 5 
600 1 4 
601 7 1 3 
602 2 5 4 
603 4 3 2 
604 5 7 6 
605 7 5 4 
606 5 1 2 
607 3 1 0 2 
608 0 7 6 
609 4 5 
610 7 6 
611 3 2 
612 1 2 
613 4 1 0 2 
614 3 2 
615 2 6 
616 3 1 0 2 
617 3 7 4 6 
618 6 4 
619 6 5 4 
620 5 1 0 2 
621 1 2 
622 2 6 
623 0 1 2 
624 4 1 2 
625 5 7 6 
626 6 7 4 
628 7 6 
629 1 2 
630 3 7 4 6 
631 1 0 2 
632 6 5 4 
633 0 1 2 
634 3 1 0 2 
635 4 6 
636 3 4 
637 5 4 
638 0 4 
639 1 5 4 
640 0 6 
641 2 7 6 
642 7 2 
643 2 3 
644 3 1 
645 7 1 2 
646 4 1 0 3 2 
647 5 4 
648 7 1 3 2 
649 6 1 0 3 2 
650 5 3 2 
651 2 1 0 3 
652 7 6 
653 2 5 4 
654 6 5 4 
655 7 4 
656 2 1 0 
657 3 7 6 
658 3 1 0 2 
659 2 6 
660 4 1 0 3 2 
661 4 5 
662 0 5 4 
664 1 3 2 
665 7 6 
666 2 1 3 
667 4 1 0 3 2 
668 5 1 0 2 
669 7 1 0 3 2 
670 5 1 0 2 
671 3 1 
672 0 5 4 
673 4 7 6 
674 7 2 3 
675 2 3 
676 1 2 
677 4 1 2 
678 2 5 4 
679 2 4 
680 3 7 4 6 
681 3 1 2 
682 6 7 
683 6 5 4 
684 5 7 6 
685 1 3 2 
686 3 2 
687 0 5 4 
688 4 7 6 
689 5 7 4 6 
690 6 2 
691 6 1 2 
692 7 4 
693 1 6 
694 3 2 
695 1 0 2 
696 6 1 0 3 2 
697 1 3 2 
698 3 4 
700 2 4 
702 0 6 
703 1 2 
704 0 1 3 2 
705 2 7 6 
706 7 6 
707 2 6 
708 2 1 
709 7 6 
710 4 2 
711 5 1 3 
712 7 1 0 2 
713 6 3 2 
714 5 4 
716 7 6 
717 3 7 6 
718 6 1 2 
719 7 6 
720 2 5 4 
721 3 7 6 
722 3 1 0 2 
723 3 1 
724 4 1 0 2 
725 4 1 3 
726 0 7 4 6 
727 6 5 4 
728 1 2 3 
730 3 2 
731 4 1 0 3 2 
732 5 6 
733 7 1 2 
734 5 1 3 
735 3 2 
736 0 1 3 2 
737 4 7 6 
738 7 2 3 
739 3 2 
740 1 4 
741 4 5 
742 2 1 0 
743 2 3 
744 3 6 
745 2 7 6 
746 5 4 
747 6 7 4 
748 5 1 0 3 2 
749 1 5 4 
750 2 5 4 
751 0 2 3 
752 4 5 
753 5 1 0 2 
754 5 1 0 2 
755 6 2 
756 7 5 4 
757 1 2 3 
758 2 3 
759 1 2 
760 6 3 2 
761 1 7 6 
762 3 2 
763 5 2 3 
764 3 2 
765 4 6 
766 0 7 6 
767 1 7 6 
768 0 5 4 
769 0 2 
770 7 1 0 2 
771 2 3 
772 3 1 2 
773 7 1 0 3 2 
774 4 1 0 2 
775 6 7 
776 7 5 4 
777 5 7 4 6 
778 5 7 4 6 
779 2 3 
780 7 1 0 3 2 
781 2 3 
783 7 6 
784 2 1 3 
785 3 4 
786 3 2 
787 2 1 0 
788 4 5 
789 4 7 6 
790 0 7 6 
791 6 4 
792 0 1 2 
793 7 1 2 
794 2 6 
795 4 5 
796 5 7 6 
797 7 1 2 
798 5 7 6 
799 3 5 4 
800 0 1 2 
801 4 1 0 3 2 
802 6 1 0 2 
803 3 7 4 6 
804 1 5 4 
805 5 1 0 2 
806 2 6 
807 3 1 0 2 
808 2 1 0 
809 3 6 
810 6 2 
812 5 4 
813 1 7 4 6 
814 0 1 3 2 
815 0 1 2 
816 4 7 6 
817 4 3 2 
818 6 7 4 
819 5 7 6 
820 7 2 3 
821 1 5 4 
822 3 2 
823 0 2 3 
824 6 5 4 
825 1 5 4 
826 3 7 6 
827 4 1 0 2 
828 3 1 2 
829 4 1 0 3 2 
830 0 7 6 
831 1 3 2 
832 0 5 4 
833 2 7 6 
834 1 7 6 
835 3 7 6 
836 1 7 4 6 
837 7 1 2 
838 6 1 0 3 2 
839 5 6 
840 7 2 3 
841 6 3 2 
842 6 5 4 
843 2 1 0 
844 6 7 
845 2 6 
846 6 2 3 
847 7 5 4 
849 1 2 
850 2 6 
851 0 1 3 2 
852 5 4 
853 5 4 
854 0 7 4 6 
855 5 7 6 
856 1 2 3 
857 7 1 0 3 2 
858 1 6 
859 7 1 0 2 
860 5 4 
861 7 4 
862 4 7 6 
863 0 1 2 
864 0 7 6 
865 5 7 6 
866 5 1 3 
867 0 2 3 
868 0 6 
869 5 2 3 
870 0 2 
871 0 6 
872 1 0 3 2 
873 1 2 
874 6 5 4 
875 6 1 0 2 
876 5 4 
877 1 2 
878 0 5 4 
879 0 7 4 6 
880 5 1 2 
881 6 5 4 
882 6 1 2 
883 6 7 
884 5 2 
885 0 1 2 
886 0 1 3 2 
887 1 2 3 
888 4 6 
889 1 2 3 
890 1 0 2 
891 5 7 6 
892 0 1 3 2 
893 5 7 4 6 
894 0 6 
895 1 7 6 
896 0 4 
897 0 5 4 
898 7 1 3 2 
899 1 0 3 2 
900 1 3 
901 7 6 
902 5 4 
903 5 3 2 
904 7 1 3 2 
905 6 7 
906 5 1 2 
907 0 1 3 2 
908 7 5 4 
909 1 5 4 
910 6 2 
911 7 1 2 
912 0 2 3 
913 0 6 
914 5 1 0 2 
915 0 1 3 2 
916 0 5 4 
917 7 6 
918 0 1 2 
919 5 1 0 3 2 
920 1 7 4 6 
921 7 1 0 2 
922 1 4 
923 0 4 
924 5 2 3 
925 5 7 4 6 
926 6 5 4 
927 6 1 2 
928 1 7 6 
929 5 1 2 
930 3 7 6 
931 0 4 
932 1 5 4 
933 6 2 
934 0 1 3 2 
935 5 1 2 
936 0 7 6 
937 5 4 
938 0 1 2 
939 0 1 2 
940 6 1 2 
941 1 2 
942 0 7 4 6 
943 6 1 0 2 
944 5 1 0 2 
945 5 1 0 3 2 
946 1 2 3 
947 0 1 3 2 
948 1 6 
949 1 3 2 
950 0 7 6 
951 5 1 2 
952 6 4 
953 5 4 
954 1 6 
955 0 7 6 
956 0 1 2 
957 1 3 2 
958 1 7 6 
959 6 1 0 3 2 
960 0 1 2 
961 0 5 4 
962 5 1 2 
963 1 2 
964 1 2 
966 5 7 6 
967 5 4 
968 7 1 0 2 
969 6 1 2 
970 5 4 
971 0 2 
972 7 4 6 
973 1 2 3 
974 6 1 3 2 
976 0 6 
977 1 5 4 
978 3 7 6 
979 0 6 
980 5 7 6 
981 5 7 6 
982 0 5 4 
983 5 7 6 
984 1 2 
985 5 1 0 2 
986 5 7 6 
987 4 2 3 
988 5 4 
989 6 5 4 
990 6 1 2 
991 6 5 4 
992 0 1 3 
993 5 1 0 2 
994 7 6 
995 0 2 
996 5 1 0 2 
997 7 5 4 
998 0 1 2 
999 5 4 
1000 1 2 
1001 5 3 2 
1002 0 1 3 2 
1003 0 1 3 2 
1004 6 2 3 
1005 1 2 
1006 0 7 6 
1007 6 7 
1008 5 1 0 2 
1009 6 1 3 2 
1010 1 2 
1011 0 5 4 
1012 0 1 3 2 
1014 0 1 2 
1015 5 1 2 
1016 4 6 
1017 5 7 6 
1018 1 7 6 
1019 0 1 2 
1020 0 5 4 
1021 0 6 
1022 0 5 4 
1023 6 2 3 
