0 6 0 7 3 5 1 
1 6 2 3 0 
2 7 6 5 
3 1 5 2 3 7 0 4 
4 2 1 0 3 7 
5 4 5 6 7 
6 5 7 2 0 4 1 
7 5 3 1 7 
8 0 3 1 7 
9 3 6 5 7 
10 4 3 2 1 0 
11 6 5 4 2 1 7 
12 3 0 1 5 7 
13 3 6 4 7 
14 6 3 2 7 0 
15 7 5 6 4 
16 1 2 3 0 5 
17 0 5 7 4 
18 3 6 5 7 
19 0 3 5 1 
20 7 5 1 
21 4 7 5 
22 4 2 1 3 6 7 
23 6 2 1 0 3 7 5 
24 4 6 1 0 7 
25 0 1 5 6 
26 4 2 1 3 6 7 
27 5 2 3 7 0 1 
28 7 2 1 
29 5 7 4 1 
30 3 5 2 1 7 0 4 
31 2 3 0 1 
32 6 5 7 
33 7 5 2 3 6 0 1 
34 6 5 2 0 7 
35 2 3 7 6 0 
36 4 3 2 1 0 
37 0 5 2 7 
38 2 3 1 0 6 5 
39 2 5 7 0 4 1 
40 7 0 1 6 5 
41 4 5 0 6 1 
42 1 0 5 
43 1 6 2 7 
44 7 2 5 1 
45 3 2 1 5 7 
46 0 1 2 5 3 7 4 
47 6 0 1 5 7 
48 0 2 7 5 1 
49 1 4 7 5 
50 0 1 6 5 7 
51 7 1 2 3 5 
52 0 1 7 6 2 4 
53 4 3 2 1 0 
54 6 7 5 1 
55 6 1 7 0 2 4 
56 7 2 3 1 5 
57 5 7 
58 1 2 0 3 7 5 
59 1 6 3 7 5 
60 2 4 7 5 
61 6 5 4 7 
62 5 3 6 7 2 
63 4 1 6 2 7 
64 6 3 2 5 1 4 
65 6 1 0 7 
66 7 5 4 
67 1 3 2 5 4 6 
68 2 7 6 5 1 
69 4 2 1 0 3 7 
70 5 6 1 0 7 
71 5 2 3 1 7 0 
72 0 7 5 
73 3 5 2 1 7 0 4 
74 4 6 3 7 5 
75 7 5 4 
76 0 2 3 1 5 7 
77 3 4 7 5 
78 7 1 2 0 5 3 4 
79 7 6 5 
80 1 2 3 7 0 
81 0 2 4 5 7 1 
82 0 2 1 3 7 5 
83 0 2 1 7 5 
84 7 0 2 1 5 
85 4 3 2 5 1 6 
86 4 5 2 1 7 
87 6 1 0 5 
88 4 6 5 7 
89 0 1 4 3 2 7 5 
90 4 6 5 7 
91 5 0 3 1 7 
92 7 1 6 0 2 4 
93 5 2 1 
94 3 2 7 6 0 
95 2 3 0 
96 6 3 2 0 1 
97 7 2 3 1 5 
98 5 2 1 3 6 7 
99 2 3 5 7 0 1 
100 5 1 4 3 2 0 7 
101 0 7 5 
102 2 1 3 7 0 
103 2 1 0 5 3 7 4 
104 7 2 1 0 3 5 
105 4 2 1 
106 1 6 0 7 
107 1 6 0 7 
108 7 2 3 1 5 
109 3 2 1 0 
110 0 7 5 1 
111 7 5 2 0 
112 0 2 3 5 7 1 
113 1 6 0 7 
114 0 1 6 5 7 
115 7 1 0 5 6 
116 1 3 2 0 
117 4 5 0 6 1 
118 6 1 2 0 5 3 7 4 
119 6 3 7 2 
120 7 1 2 3 5 
121 5 2 6 3 7 1 
122 1 6 7 5 
123 1 2 3 7 0 
124 2 6 0 1 7 
125 6 7 5 
126 7 6 0 1 
127 4 1 3 2 0 7 5 
128 5 6 7 
129 6 1 2 7 
130 7 5 2 0 4 1 
131 1 3 2 0 
132 2 6 1 0 7 
133 4 2 1 
134 5 6 3 7 
135 5 4 2 1 7 
136 0 1 7 6 2 4 
137 3 2 1 0 5 
138 5 2 3 1 7 
139 6 0 1 7 
140 0 6 4 7 
141 3 6 7 1 
142 6 5 7 4 1 
143 7 1 0 5 
144 1 6 5 7 
145 0 1 5 
146 0 3 1 5 7 
147 0 3 1 2 6 5 
148 7 5 6 4 
149 5 0 1 6 7 
150 3 2 1 7 0 
151 6 2 5 3 7 1 
152 4 2 1 0 3 7 
153 0 7 6 5 1 
154 4 1 2 3 7 5 
155 5 2 1 3 0 
156 7 3 2 6 0 
157 5 1 2 0 3 7 4 
158 3 2 1 0 5 
159 2 6 5 7 
160 6 0 3 1 5 7 
161 7 5 
162 6 0 3 1 5 7 
163 3 6 7 5 
164 4 7 5 
165 1 2 0 5 3 7 4 
166 2 6 7 1 
167 2 5 4 1 7 
168 7 0 2 1 5 
169 4 0 7 3 6 5 1 
170 3 0 1 6 5 7 
171 1 6 5 7 4 
172 7 2 1 0 3 
173 3 2 7 6 0 
174 4 5 7 1 
175 6 5 0 4 1 
176 0 6 5 7 4 
177 1 6 7 5 
178 1 2 3 0 5 
179 7 0 2 4 1 
180 1 6 2 7 
181 4 0 3 1 5 7 
182 6 2 1 3 7 
183 6 5 7 
184 7 3 2 1 0 
185 5 7 
186 1 3 2 0 
187 1 6 7 5 
188 2 5 3 6 7 0 1 
189 7 5 2 0 4 1 
190 7 2 1 3 0 5 
191 4 0 2 1 7 5 
192 6 7 5 
193 6 5 7 2 0 4 1 
194 7 3 2 6 0 
195 1 6 3 7 5 
196 2 5 1 3 7 0 4 
197 4 5 6 7 
198 5 2 0 7 
199 5 2 3 1 7 0 
200 0 6 4 7 
201 3 1 7 6 0 2 4 
202 4 6 5 7 
203 5 1 2 0 3 7 4 
204 7 1 0 5 
205 3 5 6 4 7 
206 6 5 7 4 
207 7 3 2 1 0 
208 1 6 2 7 
209 5 7 
210 1 3 2 0 
211 0 2 1 3 5 
212 7 3 1 
213 4 2 5 3 1 6 
214 4 2 1 0 3 7 
215 6 3 7 2 
216 4 2 3 1 5 7 
217 0 5 7 2 4 1 
218 4 7 5 
219 5 7 1 
220 7 2 3 1 0 
221 5 6 7 
222 3 4 7 5 
223 2 1 0 5 
224 6 5 7 
225 7 3 2 1 0 
226 6 5 7 4 
227 2 5 0 7 
228 4 5 7 2 0 1 
229 0 1 2 3 7 5 
230 2 6 5 7 
231 2 6 7 5 
232 7 5 4 
233 4 6 7 5 
234 1 7 6 0 2 4 
235 1 7 6 5 
236 7 1 2 0 5 3 4 
237 2 1 
238 0 5 4 6 1 
239 6 1 0 5 
240 0 7 6 5 1 
241 1 2 3 0 5 
242 0 3 6 7 2 
243 7 0 2 4 1 
244 1 7 6 0 2 4 
245 5 2 0 7 
246 6 7 1 
247 6 5 4 7 
248 7 2 5 6 3 1 
249 5 3 1 7 
250 1 2 5 4 3 6 
251 1 3 6 7 2 
252 2 5 6 3 7 1 
253 6 4 7 
254 7 2 3 1 5 
255 4 1 2 0 5 3 7 
256 6 5 4 2 1 7 
257 7 2 1 0 3 
258 3 5 2 6 7 0 1 
259 1 6 7 
260 3 2 5 4 1 6 
261 4 2 5 7 1 
262 5 6 7 
263 0 6 5 7 
264 0 7 5 4 
265 3 5 7 4 1 
266 4 2 5 7 1 
267 6 7 5 4 
268 1 6 5 7 4 
269 3 2 4 5 7 1 
270 6 1 7 0 2 4 
271 7 5 2 0 
272 1 2 3 7 5 
273 0 6 5 7 
274 0 3 1 5 7 
275 0 1 2 3 7 5 
276 7 3 2 1 0 
277 4 6 5 7 
278 4 1 0 6 5 7 
279 6 0 2 4 1 
280 6 5 7 4 
281 0 7 5 4 
282 4 7 5 
283 5 2 3 1 7 0 
284 6 4 7 
285 5 1 0 
286 3 7 5 
287 2 6 4 7 
288 7 0 2 4 1 
289 7 1 4 3 2 0 5 
290 6 2 5 3 7 1 
291 2 1 3 7 0 
292 4 3 2 7 6 0 
293 0 2 4 1 
294 2 7 5 
295 2 6 4 7 
296 7 0 3 1 5 
297 4 5 0 6 1 
298 1 0 2 7 5 
299 1 6 5 7 
300 7 2 4 5 1 
301 3 1 0 5 
302 0 6 4 7 
303 6 2 7 5 1 
304 0 2 5 6 3 7 1 
305 1 3 2 0 
306 0 1 5 6 
307 5 0 7 3 6 1 
308 1 7 5 4 
309 5 2 1 
310 6 4 7 5 
311 7 3 2 5 1 4 6 
312 5 6 7 1 
313 5 0 3 1 
314 1 2 3 6 7 
315 1 6 7 
316 2 3 1 0 6 5 
317 6 5 7 
318 5 1 0 6 7 
319 4 2 1 0 3 7 5 
320 2 0 3 1 5 7 
321 6 5 7 4 
322 7 5 
323 1 5 6 4 7 
324 2 7 5 1 
325 5 2 1 0 3 7 
326 5 3 2 0 1 
327 5 2 4 3 1 6 
328 0 3 2 7 6 
329 2 1 6 7 
330 4 6 7 
331 1 2 3 7 0 
332 7 0 1 6 5 
333 3 6 5 7 
334 6 5 7 
335 1 6 5 7 
336 0 5 4 6 1 
337 3 2 1 0 7 5 
338 0 3 2 7 6 
339 3 5 7 4 
340 7 5 2 3 6 0 1 
341 4 1 0 5 
342 4 2 3 1 7 0 
343 4 0 3 1 5 7 
344 4 7 6 5 1 
345 0 2 3 1 7 
346 4 2 5 7 1 
347 5 7 4 1 
348 7 6 4 
349 5 2 1 3 6 7 
350 2 5 0 7 
351 2 1 3 0 5 
352 5 7 4 
353 5 2 1 3 6 7 
354 5 0 7 3 6 1 
355 2 3 0 
356 4 1 0 6 5 7 
357 1 5 6 4 7 
358 2 3 6 7 
359 3 2 0 
360 7 5 4 2 1 
361 5 1 0 6 
362 1 0 2 4 
363 1 6 5 7 
364 3 2 0 1 
365 3 0 5 1 
366 0 1 5 6 
367 3 2 0 1 
368 1 0 3 5 
369 1 3 2 0 6 5 
370 0 2 3 
371 7 2 5 4 3 1 6 
372 1 3 2 0 6 5 
373 4 1 0 6 5 7 
374 5 2 7 1 
375 6 2 7 5 1 
376 7 1 0 6 5 
377 5 6 7 
378 1 2 5 4 3 6 
379 1 7 5 
380 2 5 3 6 7 0 1 
381 6 7 5 1 
382 7 1 0 5 6 
383 4 2 5 7 1 
384 6 4 7 5 
385 6 5 7 
386 7 2 1 0 3 
387 5 6 4 7 
388 2 1 0 6 5 7 
389 4 1 3 2 0 7 5 
390 2 5 3 6 7 0 1 
391 5 3 6 7 2 
392 1 5 7 4 
393 3 5 2 6 7 0 1 
394 2 1 
395 6 0 7 3 5 1 
396 0 2 1 3 5 
397 3 6 1 0 7 
398 3 2 1 7 0 
399 5 2 1 3 7 0 
400 3 5 4 2 1 7 
401 5 2 6 3 7 1 
402 5 2 3 6 7 0 1 
403 5 6 7 
404 0 3 5 1 
405 1 6 7 5 
406 4 1 7 6 0 2 
407 1 2 0 3 7 
408 0 3 1 5 7 
409 0 1 5 6 
410 4 5 0 6 1 
411 0 1 6 5 7 
412 1 3 2 5 4 6 
413 1 5 7 4 
414 5 2 1 
415 2 6 4 7 
416 3 5 6 4 7 
417 1 0 6 5 7 
418 6 5 2 0 7 
419 2 0 4 1 
420 3 0 2 1 7 5 
421 5 6 7 
422 2 6 7 5 
423 2 3 0 1 
424 3 6 7 5 
425 4 5 6 7 
426 1 2 
427 1 5 7 4 
428 6 1 0 7 
429 3 5 7 4 
430 4 3 2 1 0 
431 5 0 3 1 7 
432 0 3 2 5 1 4 6 
433 1 0 2 7 5 
434 4 2 1 
435 3 2 5 7 0 1 
436 1 6 2 7 
437 4 2 3 5 7 0 1 
438 7 2 3 5 0 1 
439 4 3 2 7 6 0 
440 3 2 4 5 7 1 
441 3 5 4 2 1 7 
442 1 2 0 3 7 5 
443 0 6 7 5 
444 2 0 4 1 
445 6 7 5 4 
446 7 1 0 6 5 
447 4 2 3 5 7 0 1 
448 6 1 4 3 2 0 7 5 
449 6 2 1 3 7 0 
450 7 1 4 3 2 0 5 
451 1 6 7 5 
452 2 3 0 
453 4 2 1 
454 5 6 4 7 
455 5 7 4 
456 0 2 4 1 
457 3 5 2 1 7 0 4 
458 4 2 1 0 3 7 
459 6 2 3 1 5 7 
460 0 3 1 2 6 5 
461 3 1 6 2 7 
462 6 5 2 0 7 
463 7 2 3 0 
464 1 3 7 
465 0 6 7 1 
466 0 6 4 7 
467 0 3 2 1 
468 7 2 1 
469 4 2 7 5 1 
470 4 6 7 
471 6 3 1 2 0 5 
472 4 2 5 3 1 6 
473 0 2 3 
474 4 5 6 7 
475 5 6 7 1 
476 7 3 2 0 1 
477 5 2 3 0 
478 3 0 7 6 5 1 
479 2 6 5 7 4 
480 6 3 1 7 
481 7 5 2 1 3 0 4 
482 6 2 3 1 5 7 
483 2 5 4 3 1 6 
484 4 2 3 5 7 0 1 
485 0 2 3 
486 2 0 1 7 5 
487 2 6 5 7 4 
488 7 3 2 0 1 
489 4 5 6 7 
490 1 6 3 7 5 
491 1 5 4 2 7 
492 7 4 5 
493 3 7 5 1 
494 0 3 6 7 2 
495 6 7 5 
496 0 3 2 7 6 
497 1 2 3 7 0 
498 0 3 2 1 
499 7 0 2 1 5 
500 1 6 2 7 
501 4 2 1 3 7 0 
502 6 5 7 4 
503 6 3 7 2 
504 7 6 5 
505 5 6 7 
506 1 6 0 7 
507 1 3 2 5 4 6 
508 2 5 7 4 1 
509 6 2 1 3 7 
510 7 1 2 3 5 
511 4 2 1 
512 6 1 2 7 
513 6 5 7 4 
514 7 2 5 6 3 1 
515 1 2 3 7 0 
516 2 6 7 1 
517 4 5 7 
518 5 6 4 7 
519 5 3 2 7 6 0 
520 0 6 7 5 
521 3 5 7 4 
522 4 6 7 1 
523 6 5 2 3 7 0 1 
524 0 2 7 5 1 
525 3 2 7 6 0 
526 6 0 7 3 5 1 
527 7 2 5 1 
528 1 0 5 6 
529 0 3 2 1 
530 0 3 5 1 
531 0 6 7 5 
532 7 2 1 3 0 
533 4 3 1 7 
534 4 0 3 5 1 
535 6 3 7 2 
536 4 0 2 1 
537 0 5 4 6 1 
538 4 5 2 1 3 7 0 
539 5 1 0 6 7 
540 7 5 4 2 1 
541 5 6 7 
542 3 5 7 4 1 
543 2 3 1 7 0 
544 6 1 2 0 5 3 7 4 
545 7 6 5 
546 6 3 7 2 
547 2 5 7 4 
548 4 7 5 
549 0 2 1 3 7 
550 2 6 5 7 
551 2 1 0 5 
552 7 2 1 
553 4 3 1 7 
554 1 2 5 6 3 7 
555 0 3 2 1 
556 7 2 1 3 6 
557 3 1 7 
558 0 7 5 1 
559 6 2 4 5 7 1 
560 0 1 5 6 
561 1 6 3 7 5 
562 0 5 2 3 6 7 1 
563 7 6 5 
564 1 7 6 5 
565 4 6 5 7 
566 6 1 2 3 7 5 
567 6 5 4 7 
568 7 1 0 5 6 
569 5 7 
570 1 3 2 0 6 5 
571 1 2 
572 2 3 6 7 
573 6 0 1 5 7 
574 7 1 2 0 5 3 4 
575 4 7 5 
576 6 1 4 3 2 0 7 5 
577 6 5 4 7 
578 7 5 2 0 
579 1 6 5 7 4 
580 2 5 4 3 1 6 
581 4 2 1 0 3 7 
582 5 0 2 1 7 
583 5 0 7 3 6 1 
584 0 5 2 7 
585 3 2 5 6 7 1 
586 4 2 1 3 0 5 
587 6 2 1 0 3 7 5 
588 0 7 3 6 5 1 
589 3 1 6 2 7 
590 6 2 1 3 7 
591 7 2 3 5 0 1 
592 1 2 3 7 5 
593 0 1 5 6 
594 0 3 2 1 
595 0 1 6 5 7 
596 7 0 3 1 5 
597 4 6 5 7 
598 4 5 6 7 
599 6 2 1 3 7 
600 4 1 6 2 7 
601 0 2 3 1 7 
602 4 5 0 6 1 
603 5 1 0 6 7 
604 7 6 5 
605 5 6 1 0 7 
606 3 5 2 1 7 0 4 
607 2 3 1 0 
608 6 7 5 
609 7 2 3 1 5 
610 6 2 3 0 
611 2 6 1 0 7 
612 4 5 6 7 
613 0 1 6 5 7 
614 2 3 1 0 
615 2 7 5 4 
616 7 2 1 0 3 5 
617 4 5 2 1 3 7 0 
618 1 0 5 6 
619 1 6 3 7 5 
620 5 6 4 7 
621 3 2 1 0 7 
622 0 6 5 7 
623 6 5 7 4 1 
624 0 2 7 5 1 
625 1 6 7 5 
626 0 2 1 3 7 5 
627 7 5 4 1 
628 1 5 2 0 7 
629 4 3 2 5 1 6 
630 6 3 1 7 
631 6 3 7 5 
632 7 5 6 4 
633 5 6 7 
634 1 3 2 0 6 5 
635 1 2 3 5 7 0 
636 2 0 4 1 
637 6 2 1 0 3 7 
638 7 2 3 0 
639 4 3 2 1 0 
640 7 6 4 
641 6 7 5 
642 7 3 2 1 0 
643 1 6 2 7 
644 2 5 4 1 7 
645 4 2 7 5 1 
646 5 6 7 
647 5 1 7 6 0 2 4 
648 1 6 0 7 
649 3 2 5 4 1 6 
650 4 0 2 1 
651 6 7 5 1 
652 0 5 6 4 7 
653 3 6 7 5 
654 6 0 1 7 
655 6 2 5 4 3 1 
656 1 6 5 7 
657 0 5 7 2 4 1 
658 0 7 3 6 5 1 
659 0 4 7 5 
660 7 3 2 6 0 
661 4 6 5 7 
662 4 5 7 2 0 1 
663 6 5 7 4 
664 4 5 2 1 3 7 0 
665 0 3 2 1 
666 4 0 2 1 
667 5 2 4 3 1 6 
668 7 5 4 
669 5 2 4 7 1 
670 3 2 1 0 7 
671 2 1 
672 6 1 7 0 2 4 
673 7 2 1 3 0 5 
674 7 5 
675 2 3 0 
676 4 5 0 6 1 
677 0 3 2 1 
678 2 5 3 6 7 0 1 
679 2 5 6 3 7 1 
680 7 2 3 5 0 1 
681 4 6 1 0 7 
682 1 2 
683 1 2 3 5 7 
684 6 3 2 0 1 
685 3 1 2 7 5 
686 0 3 5 1 
687 6 5 4 7 
688 0 3 2 7 6 
689 1 7 5 
690 0 5 7 2 4 1 
691 7 2 4 5 1 
692 1 4 3 2 0 7 5 
693 4 2 3 1 5 7 
694 6 3 7 5 
695 6 2 4 5 7 1 
696 7 2 1 3 0 
697 5 1 7 6 0 2 4 
698 1 2 
699 1 6 0 7 
700 2 3 5 7 0 1 
701 6 0 1 5 7 
702 7 5 6 4 
703 5 0 3 1 
704 7 2 1 3 6 
705 6 5 0 4 1 
706 7 6 5 
707 1 3 2 0 6 5 
708 2 5 0 7 
709 4 7 5 
710 5 6 7 
711 5 0 2 1 7 
712 0 6 5 7 
713 3 1 0 6 5 7 
714 4 6 7 
715 6 3 2 5 1 4 
716 0 1 4 3 2 7 5 
717 3 1 0 5 
718 5 3 6 7 2 
719 7 2 3 5 0 1 
720 1 7 5 4 
721 0 2 4 1 
722 0 1 6 5 7 
723 0 2 1 
724 7 3 6 2 
725 4 2 1 3 0 5 
726 4 0 1 6 5 7 
727 6 1 2 0 5 3 7 4 
728 4 5 6 7 
729 0 3 1 2 6 5 
730 4 5 0 6 1 
731 5 1 2 3 7 
732 7 6 5 
733 5 7 6 1 
734 3 6 7 1 
735 2 1 0 3 7 5 
736 6 4 7 
737 7 6 1 
738 6 3 2 1 0 
739 2 5 6 4 7 
740 4 6 5 7 
741 0 1 6 5 7 
742 2 5 6 4 7 
743 2 0 3 5 1 
744 7 5 6 4 
745 4 3 2 0 1 
746 1 5 4 2 7 
747 0 6 5 7 
748 7 5 2 0 4 1 
749 3 6 7 1 
750 0 6 1 7 
751 6 7 5 4 
752 0 2 4 5 7 1 
753 1 0 6 5 7 
754 0 3 1 7 
755 7 6 5 
756 1 2 3 5 7 0 
757 4 6 1 0 7 
758 6 5 2 1 3 7 0 4 
759 6 3 7 2 
760 7 3 1 
761 5 0 2 4 1 
762 1 6 0 7 
763 1 2 7 5 
764 2 7 5 1 
765 6 5 4 7 
766 7 6 1 
767 4 7 5 1 
768 6 2 3 0 
769 6 2 5 3 7 1 
770 7 1 2 0 5 3 4 
771 1 5 7 4 
772 2 3 5 1 4 6 
773 4 2 5 7 1 
774 5 2 1 0 3 7 
775 5 2 3 7 0 1 
776 3 2 1 7 0 
777 3 5 6 4 7 
778 4 0 7 3 6 5 1 
779 6 7 5 1 
780 0 2 1 3 5 
781 3 0 1 5 7 
782 6 2 3 1 7 0 
783 7 2 5 1 
784 3 6 5 7 
785 2 1 
786 0 3 2 7 6 
787 3 5 2 6 7 0 1 
788 7 6 1 0 
789 4 3 2 5 1 6 
790 4 7 5 1 
791 6 1 2 3 7 5 
792 5 2 1 0 3 7 
793 3 4 7 5 
794 4 2 1 
795 5 6 4 7 
796 7 5 1 
797 5 2 1 3 7 0 
798 3 2 4 5 7 1 
799 2 6 7 5 
800 6 0 7 3 5 1 
801 7 3 1 
802 6 7 5 
803 2 0 3 5 1 
804 4 3 1 7 
805 3 2 1 
806 2 1 
807 2 3 1 0 
808 3 2 1 7 0 
809 3 2 1 0 
810 2 3 1 0 
811 2 7 5 1 
812 7 0 2 4 1 
813 3 6 7 5 
814 3 2 1 0 
815 6 5 2 3 7 0 1 
816 2 5 7 0 4 1 
817 3 5 2 6 7 0 1 
818 0 2 5 6 3 7 1 
819 7 2 5 6 3 1 
820 3 6 0 1 7 
821 4 1 2 0 5 3 7 
822 6 5 2 1 3 7 0 4 
823 6 1 2 3 7 5 
824 7 5 2 1 3 0 4 
825 5 6 7 
826 1 5 4 2 7 
827 1 3 2 0 6 5 
828 2 1 0 5 
829 6 5 7 
830 7 5 4 1 
831 5 2 0 7 
832 6 5 4 7 
833 6 5 7 
834 7 1 2 0 5 3 4 
835 1 0 3 5 
836 2 6 3 7 5 
837 4 2 1 0 3 7 5 
838 5 7 4 1 
839 5 2 1 
840 3 0 1 6 5 7 
841 3 6 0 1 7 
842 4 2 1 
843 6 1 0 5 7 
844 0 7 6 5 1 
845 3 7 5 4 
846 6 5 4 7 
847 6 3 2 5 1 4 
848 3 5 6 4 7 
849 3 2 1 0 7 5 
850 0 2 1 
851 2 7 5 1 
852 7 2 3 0 
853 4 7 6 5 1 
854 4 6 0 1 7 
855 4 6 5 7 
856 4 5 6 7 
857 3 2 1 6 7 
858 5 7 6 1 
859 5 0 7 3 6 1 
860 5 2 3 1 7 0 
861 5 6 3 7 
862 3 2 1 5 7 
863 2 7 5 4 
864 5 2 1 3 7 0 4 
865 5 6 3 7 
866 5 1 4 3 2 0 7 
867 2 3 0 
868 4 2 1 3 6 7 
869 3 2 1 7 0 
870 2 7 6 5 1 
871 2 6 7 1 
872 6 0 3 1 5 7 
873 4 1 3 2 0 7 5 
874 2 1 0 3 7 5 
875 2 1 
876 7 2 1 3 0 5 
877 3 6 7 5 
878 3 2 1 5 7 
879 6 2 5 4 3 1 
880 2 3 1 0 6 5 
881 3 6 5 7 
882 0 3 2 1 
883 7 4 5 
884 3 5 2 1 7 0 4 
885 4 1 0 6 5 7 
886 7 3 2 5 1 4 6 
887 7 0 1 6 5 
888 5 6 4 7 
889 5 2 1 3 7 0 
890 1 6 7 
891 1 5 6 4 7 
892 2 3 1 0 
893 5 0 4 6 1 
894 5 4 7 
895 5 6 4 7 
896 5 0 2 1 7 
897 5 3 2 1 0 
898 5 7 4 1 
899 1 5 6 4 7 
900 2 5 7 0 4 1 
901 5 2 1 3 6 7 
902 5 2 3 6 7 0 1 
903 0 1 6 5 7 
904 3 2 1 0 5 
905 3 1 2 0 6 5 
906 2 1 0 5 
907 1 2 5 6 3 7 
908 0 2 1 7 5 
909 3 5 7 4 
910 2 6 7 5 
911 1 2 3 7 0 
912 3 2 1 
913 3 6 0 1 7 
914 0 5 6 4 7 
915 3 7 5 1 
916 2 0 3 5 1 
917 3 1 6 2 7 
918 3 0 7 6 5 1 
919 1 6 5 7 
920 0 6 7 5 
921 2 7 5 1 
922 3 1 2 0 6 5 
923 0 6 5 7 
924 1 5 7 4 
925 1 5 0 4 6 
926 2 5 7 0 4 1 
927 3 5 7 2 0 4 1 
928 2 5 6 4 7 
929 2 6 7 5 
930 3 6 7 2 
931 2 1 4 3 0 7 5 
932 5 1 0 
933 3 6 5 7 4 
934 2 5 4 1 7 
935 2 1 3 7 5 
936 5 6 1 0 7 
937 5 6 4 7 
938 2 5 7 4 
939 2 7 5 
940 5 6 7 
941 3 1 2 0 5 7 4 
942 3 7 5 1 
943 5 2 1 
944 2 5 6 4 7 
945 3 5 4 2 1 7 
946 0 3 2 1 
947 5 0 4 6 1 
948 3 2 1 6 7 
949 5 1 2 3 7 
950 5 1 6 2 7 
951 4 5 2 0 7 
952 5 2 4 3 1 6 
953 3 0 7 6 5 1 
954 1 2 
955 0 6 3 7 5 
956 5 1 0 
957 5 6 3 7 
958 3 1 7 
959 5 6 4 7 
960 5 2 3 1 7 
961 5 1 0 
962 5 4 7 
963 1 2 3 7 0 
964 2 5 3 6 7 0 1 
965 5 2 4 7 1 
966 2 6 5 7 
967 0 7 5 4 
968 3 2 5 4 1 6 
969 3 2 5 6 7 1 
970 2 1 7 6 0 4 
971 1 3 2 0 
972 3 0 2 1 7 5 
973 3 6 1 0 7 
974 2 3 1 0 6 5 
975 1 0 3 5 
976 1 3 2 5 4 6 
977 0 3 1 5 7 
978 3 5 6 4 7 
979 0 1 6 2 7 
980 0 2 1 3 7 
981 1 6 0 7 
982 3 2 0 1 
983 0 5 6 4 7 
984 0 7 6 5 1 
985 3 1 7 6 0 2 4 
986 3 2 1 
987 1 2 3 7 5 
988 1 0 2 7 5 
989 2 5 1 3 7 0 4 
990 3 2 1 0 
991 2 7 5 1 
992 2 1 0 3 7 
993 2 1 7 6 0 4 
994 3 7 5 4 
995 2 7 5 
996 3 7 6 5 1 
997 3 2 5 7 0 1 
998 2 1 7 6 0 4 
999 2 0 3 5 1 
1000 2 1 4 3 0 7 5 
1001 2 3 5 1 4 6 
1002 2 7 5 1 
1003 2 0 1 7 5 
1004 3 2 1 0 
1005 3 5 7 2 0 4 1 
1006 3 0 5 1 
1007 3 5 0 4 6 1 
1008 2 1 4 3 0 7 5 
1009 1 6 0 7 
1010 0 7 6 5 1 
1011 3 2 5 1 4 6 
1012 1 5 6 4 7 
1013 2 0 7 3 6 5 1 
1014 0 2 1 
1015 3 6 0 1 7 
1016 3 1 0 5 6 
1017 3 1 7 
1018 1 0 5 6 
1019 1 4 7 5 
1020 2 1 4 3 0 7 5 
1021 5 1 0 
1022 2 5 4 1 7 
1023 1 2 5 4 3 6 
