0 3 0 6 5 7 4 2 
1 0 1 3 2 
2 3 6 1 7 0 4 5 2 
3 3 6 1 7 0 4 5 2 
4 3 6 0 5 4 1 7 
5 1 5 4 0 2 
6 4 1 5 0 2 
7 6 2 0 4 1 
8 2 6 4 7 3 
9 2 0 6 
10 5 6 7 1 3 0 2 
11 3 7 5 1 4 2 
12 6 2 5 4 0 
13 4 0 3 6 5 7 2 
14 7 1 5 0 4 6 
15 3 5 4 7 6 
16 4 0 3 1 7 6 
17 5 0 6 4 1 7 
18 6 0 2 5 4 7 3 1 
19 6 5 3 2 4 1 
20 0 2 3 4 1 6 
21 6 0 3 1 7 
22 6 7 4 2 5 
23 5 3 6 4 7 2 
24 3 1 2 0 7 6 
25 4 1 3 2 0 7 6 
26 0 3 5 2 4 6 
27 7 6 1 0 4 5 2 
28 3 5 4 7 6 
29 5 6 2 3 1 
30 4 6 2 3 1 
31 3 4 5 7 6 
32 6 2 7 0 1 
33 7 1 5 0 4 6 
34 5 3 1 2 0 
35 3 1 2 0 6 7 
36 5 3 6 0 4 2 7 
37 2 0 3 1 7 6 
38 0 2 5 4 7 
39 1 2 0 3 
40 4 3 6 5 0 2 7 
41 1 6 4 3 5 2 
42 2 1 3 0 6 7 
43 0 3 6 5 7 4 2 
44 2 4 5 7 
45 1 7 5 4 0 6 
46 7 6 0 3 2 
47 1 3 0 2 
48 0 6 7 3 2 
49 5 2 4 3 7 6 
50 6 2 7 0 1 
51 3 6 2 4 7 
52 6 7 2 3 
53 6 7 4 2 0 3 
54 6 2 1 3 7 
55 6 3 5 0 4 2 7 
56 4 0 1 6 
57 4 6 2 7 3 
58 3 4 5 7 6 
59 5 2 0 4 1 6 
60 1 2 0 3 
61 5 3 2 0 4 6 
62 1 4 5 7 
63 1 5 0 4 6 
64 3 4 5 7 
65 0 4 2 6 7 5 3 
66 3 2 0 1 
67 3 2 7 0 1 6 
68 3 7 4 2 5 6 
69 1 6 2 3 
70 4 1 0 5 6 
71 6 3 5 1 2 4 
72 0 1 3 7 4 6 
73 0 4 2 6 7 5 3 
74 5 1 7 4 0 6 
75 1 4 5 7 6 
76 6 3 0 2 4 
77 4 1 3 2 0 7 6 
78 7 4 5 6 
79 3 2 0 1 
80 4 0 2 6 
81 5 4 0 1 6 
82 7 6 1 0 4 5 2 
83 6 3 5 2 0 4 
84 0 2 3 4 1 6 
85 6 2 3 1 0 7 
86 6 2 3 1 
87 5 3 2 4 1 
88 3 2 0 5 4 7 
89 4 5 7 6 
90 0 3 2 4 6 
91 7 0 3 1 6 
92 3 2 1 0 6 
93 4 6 2 3 1 
94 4 3 2 
95 3 6 7 4 2 0 
96 6 1 5 0 4 
97 7 6 4 2 0 3 
98 5 4 1 7 6 0 
99 1 3 2 
100 5 7 4 6 
101 2 0 1 3 
102 0 2 3 1 7 6 
103 1 0 6 2 
104 4 3 0 2 6 
105 1 6 7 4 2 0 3 
106 2 5 3 4 1 
107 0 1 5 4 6 
108 2 4 0 1 5 6 
109 1 3 0 7 4 6 
110 7 0 3 6 5 4 2 
111 1 2 4 5 3 
112 2 3 5 4 7 6 
113 5 0 4 6 1 3 2 
114 6 0 2 
115 3 4 5 7 6 
116 6 0 5 4 1 7 
117 6 2 0 4 1 
118 6 3 5 2 0 4 
119 6 3 0 2 4 
120 4 2 3 5 7 6 
121 4 7 6 3 1 0 
122 3 1 2 0 7 6 
123 7 4 2 5 6 
124 1 0 6 3 4 5 2 
125 4 2 3 6 
126 1 4 5 7 
127 0 1 3 2 7 6 
128 2 0 3 1 
129 0 2 3 4 1 6 
130 3 2 4 5 
131 3 0 6 5 4 1 7 
132 3 6 7 1 0 2 
133 1 3 6 5 0 4 2 7 
134 7 6 2 3 1 
135 6 1 3 2 0 7 
136 0 1 3 2 
137 0 6 2 4 7 3 
138 5 1 3 6 7 2 
139 1 5 0 4 6 
140 6 4 5 7 
141 4 2 5 3 
142 7 6 1 0 4 5 2 
143 3 2 1 0 7 6 
144 4 3 5 1 2 6 
145 5 1 0 4 6 
146 6 2 0 3 1 
147 6 7 1 3 0 2 
148 0 6 4 3 5 2 
149 6 7 5 4 1 0 
150 6 0 2 5 4 7 3 1 
151 5 6 2 4 7 3 
152 3 1 2 0 
153 4 6 7 2 0 3 
154 0 2 4 1 6 
155 7 3 5 1 2 4 6 
156 3 4 5 7 
157 4 0 1 6 
158 4 3 6 5 0 2 7 
159 3 1 2 0 
160 6 1 3 2 0 7 
161 7 2 0 5 4 
162 5 2 4 3 7 6 
163 1 2 3 0 7 6 
164 5 6 0 4 1 7 
165 2 7 5 1 4 
166 0 3 2 
167 1 7 5 4 2 
168 4 2 3 6 
169 1 6 7 4 2 0 3 
170 2 0 4 1 6 
171 0 2 1 3 
172 2 6 3 1 
173 1 3 6 7 2 
174 7 0 1 6 
175 1 2 0 6 
176 1 4 0 5 6 
177 5 3 2 
178 6 2 3 1 0 7 
179 3 4 1 7 6 5 0 
180 7 5 3 2 4 1 
181 6 3 4 7 2 
182 7 5 4 1 0 
183 6 2 5 4 0 
184 4 3 6 5 0 2 7 
185 5 2 0 3 1 
186 3 6 7 4 2 0 
187 5 4 7 6 
188 1 7 4 5 6 
189 4 3 6 7 2 
190 1 3 5 4 7 6 2 
191 1 6 0 5 4 7 
192 3 1 0 7 4 6 
193 0 5 4 7 6 
194 3 6 2 0 7 1 
195 3 0 1 6 
196 2 1 5 4 0 
197 1 3 6 7 2 
198 7 1 3 0 4 6 
199 6 2 3 1 0 7 
200 0 2 3 4 6 
201 0 7 5 1 4 2 
202 5 2 0 4 1 6 
203 1 5 4 0 2 
204 6 7 4 3 1 0 
205 4 0 1 5 6 
206 7 4 6 3 1 0 
207 3 4 5 7 
208 4 0 6 5 1 7 
209 5 3 6 2 0 7 1 
210 6 0 2 
211 6 0 5 4 1 7 
212 0 2 7 1 6 
213 7 3 0 2 4 6 
214 6 2 3 4 1 
215 5 3 0 2 4 6 
216 3 0 2 5 4 7 1 
217 4 5 3 2 1 
218 0 3 6 2 7 1 
219 7 2 0 4 1 6 
220 3 1 7 5 4 0 6 
221 4 2 5 0 6 
222 4 3 6 5 0 2 7 
223 3 0 2 5 4 7 1 
224 4 2 3 1 6 
225 0 3 5 1 2 4 6 
226 5 6 4 3 2 
227 1 4 0 5 6 
228 5 2 0 4 1 6 
229 2 6 7 4 0 3 
230 2 4 3 5 7 6 
231 1 3 0 7 4 6 
232 4 3 2 
233 0 2 6 
234 2 7 0 1 6 
235 0 6 3 4 5 2 
236 2 3 1 6 
237 0 5 4 6 1 3 2 
238 7 5 3 2 4 1 
239 1 2 0 3 
240 0 6 7 2 3 
241 7 0 3 1 6 
242 6 5 4 7 
243 3 2 0 1 
244 6 3 1 2 0 
245 6 0 3 1 7 
246 6 2 5 4 0 
247 6 3 5 4 7 2 
248 4 1 7 5 0 6 
249 4 5 0 6 1 3 2 
250 3 1 2 0 
251 5 0 1 6 
252 1 3 5 2 0 4 6 
253 4 0 6 5 1 7 
254 1 2 0 6 
255 1 2 0 4 6 
256 3 5 0 4 6 1 2 
257 0 4 2 6 7 5 3 
258 3 2 0 1 
259 3 2 1 6 
260 3 6 2 0 7 1 
261 0 4 5 7 
262 3 0 6 5 4 1 7 
263 7 0 3 6 5 4 2 
264 2 7 4 5 6 
265 2 3 5 0 4 6 
266 5 0 2 6 
267 3 4 5 7 
268 6 7 0 3 2 
269 4 2 6 7 5 3 
270 7 3 6 5 0 4 2 
271 3 2 0 5 4 7 
272 4 7 2 5 6 
273 5 0 3 1 7 6 
274 5 4 7 6 
275 6 2 3 1 
276 0 3 5 1 2 4 6 
277 6 2 4 7 3 
278 6 0 1 2 
279 5 4 7 6 
280 2 6 4 3 5 
281 5 2 3 1 0 7 6 
282 0 6 2 1 3 7 
283 7 1 3 6 2 
284 3 6 2 1 7 
285 3 5 0 4 6 1 2 
286 4 3 1 0 2 
287 3 0 6 5 4 1 7 
288 6 3 2 
289 4 1 3 6 7 2 
290 6 5 4 7 
291 3 2 0 1 
292 5 3 2 0 4 6 
293 2 3 4 6 
294 0 6 7 3 2 
295 1 6 7 3 0 2 
296 4 0 1 3 2 
297 1 6 0 5 4 7 
298 2 1 5 4 0 
299 0 6 3 4 5 2 
300 2 3 4 6 
301 1 6 4 3 5 2 
302 7 0 1 3 2 
303 1 2 0 5 4 7 
304 0 7 5 4 1 
305 5 0 1 3 2 
306 7 5 4 6 
307 3 1 2 0 6 7 
308 6 0 1 3 2 
309 6 7 4 2 5 
310 5 6 7 2 3 
311 6 0 1 3 2 
312 4 3 5 2 0 6 
313 4 3 6 5 0 2 7 
314 2 4 1 7 6 5 0 
315 7 0 1 6 2 
316 1 3 2 0 6 7 
317 4 3 2 
318 1 2 0 5 4 7 
319 1 2 5 4 0 6 
320 3 5 2 4 1 
321 0 7 5 1 4 2 
322 3 1 6 7 2 
323 3 4 1 7 6 5 0 
324 3 1 0 2 
325 1 5 3 2 4 
326 7 3 6 4 2 
327 4 5 7 
328 0 1 3 2 
329 0 1 3 2 7 6 
330 5 6 7 4 2 0 3 
331 1 0 6 3 4 5 2 
332 6 4 2 7 5 3 
333 4 5 3 2 1 
334 7 0 2 5 4 3 1 
335 3 6 7 2 
336 5 3 4 7 6 2 
337 5 0 2 6 
338 7 2 3 4 6 
339 6 1 5 4 0 2 
340 0 2 3 1 
341 6 2 3 1 
342 6 1 4 0 5 
343 5 0 1 3 2 
344 3 2 4 6 
345 4 2 0 1 3 
346 0 3 5 4 7 6 2 
347 5 2 0 1 3 
348 3 6 2 0 7 1 
349 4 0 1 3 2 
350 5 7 4 2 6 
351 2 1 5 4 0 
352 6 2 4 7 3 
353 7 5 4 6 
354 5 6 2 1 3 7 
355 1 4 0 5 6 
356 5 0 2 4 7 3 1 
357 2 0 6 3 4 5 
358 0 1 3 6 7 2 
359 1 3 5 4 7 6 2 
360 4 6 2 7 3 
361 1 4 0 5 6 
362 2 0 6 3 4 5 
363 0 4 1 5 6 
364 2 0 3 6 5 7 4 
365 1 6 7 4 2 0 3 
366 7 4 5 6 
367 1 6 2 3 
368 1 5 4 0 2 
369 7 0 1 6 2 
370 6 2 4 3 5 7 
371 3 2 0 1 
372 6 2 4 3 5 7 
373 6 0 2 5 4 7 3 1 
374 6 7 0 3 2 
375 6 4 1 7 5 0 
376 4 3 1 2 0 
377 4 0 2 6 
378 3 5 4 7 6 2 
379 5 2 0 4 7 
380 0 2 7 1 6 
381 4 2 0 5 7 
382 1 6 7 3 0 2 
383 1 3 2 0 6 7 
384 3 1 2 0 7 6 
385 0 2 4 5 3 
386 2 1 7 5 4 0 6 
387 3 0 6 5 4 1 7 
388 3 5 2 0 4 6 
389 1 7 4 6 3 0 
390 7 1 3 0 4 6 
391 7 5 1 4 2 
392 0 6 3 4 5 2 
393 0 3 2 4 6 
394 5 3 1 0 2 
395 1 2 3 4 6 
396 6 3 5 4 7 2 
397 4 5 7 6 
398 7 6 2 3 
399 3 4 1 7 6 5 0 
400 4 0 1 6 
401 5 6 7 1 3 0 2 
402 6 7 4 3 1 0 
403 6 2 0 3 1 
404 0 3 5 1 2 4 6 
405 6 2 0 3 1 
406 6 2 1 3 7 
407 5 3 6 4 7 2 
408 3 0 6 4 5 2 
409 4 3 6 2 0 7 1 
410 0 2 4 5 3 
411 7 0 3 6 5 4 2 
412 3 1 2 0 7 6 
413 4 0 2 6 
414 5 6 2 4 7 3 
415 3 0 2 4 6 
416 6 2 1 3 7 
417 7 0 1 3 2 
418 5 3 1 2 4 6 
419 1 6 7 0 3 2 
420 5 3 6 2 0 7 1 
421 2 3 1 0 
422 0 1 6 
423 1 6 2 3 7 
424 5 6 0 4 1 7 
425 1 5 4 7 6 
426 2 7 4 5 6 
427 0 5 4 6 1 3 2 
428 2 0 6 
429 1 4 7 6 5 0 
430 7 6 2 3 1 
431 1 2 5 4 0 6 
432 0 3 1 2 
433 5 3 6 2 0 7 1 
434 6 1 7 0 4 5 2 
435 2 0 6 
436 6 0 2 
437 6 2 1 3 7 
438 6 1 4 0 5 
439 6 2 7 0 1 
440 4 3 2 
441 4 2 6 7 5 3 
442 3 2 4 5 
443 5 2 3 1 0 7 6 
444 1 3 5 4 7 6 2 
445 4 5 7 6 
446 1 5 4 7 6 
447 1 3 2 0 6 7 
448 3 2 4 1 6 
449 0 1 3 2 
450 3 2 7 0 1 6 
451 3 0 6 5 7 4 2 
452 3 1 2 0 
453 1 3 0 2 
454 7 2 1 0 6 
455 6 4 1 7 5 0 
456 0 2 3 1 7 6 
457 0 1 3 2 
458 5 2 3 1 0 7 6 
459 1 2 5 4 0 6 
460 6 1 7 5 4 0 
461 4 0 2 6 
462 7 2 3 1 6 
463 3 2 4 5 7 6 
464 4 2 5 3 
465 5 6 7 1 3 0 2 
466 6 7 5 4 1 0 
467 6 2 4 7 3 
468 0 4 1 5 6 
469 6 2 1 3 7 
470 6 2 0 3 1 
471 5 7 4 2 6 
472 3 6 7 0 2 
473 4 2 3 5 7 6 
474 0 1 7 5 4 6 
475 7 6 2 1 3 
476 3 1 6 7 2 
477 4 2 6 7 5 3 
478 4 2 7 0 1 6 
479 3 6 7 1 0 2 
480 6 2 3 1 0 7 
481 7 4 1 6 5 0 
482 5 3 1 0 2 
483 0 6 7 4 2 3 
484 5 0 2 6 
485 2 7 4 6 3 1 0 
486 0 4 2 6 7 5 3 
487 0 1 3 2 7 6 
488 4 6 1 7 0 5 2 
489 1 6 7 0 3 2 
490 2 6 7 1 3 0 
491 0 3 6 2 7 1 
492 2 3 
493 1 4 5 7 6 
494 7 0 3 1 6 
495 1 3 2 0 7 6 
496 0 6 7 1 3 2 
497 5 2 0 1 3 
498 6 4 2 7 5 3 
499 3 5 1 2 4 6 
500 6 0 3 5 7 4 2 
501 7 6 0 5 4 1 
502 6 0 3 4 5 2 
503 6 3 2 0 7 1 
504 4 3 5 2 0 6 
505 4 6 2 1 3 7 
506 3 2 4 5 7 6 
507 5 4 7 6 
508 1 3 2 
509 4 2 1 0 6 
510 1 7 5 4 0 
511 1 2 7 0 6 
512 3 5 4 7 6 
513 0 4 1 5 6 
514 3 1 5 0 4 6 
515 3 0 1 6 
516 3 6 4 5 2 
517 1 4 5 7 
518 7 6 2 3 
519 6 1 3 0 7 4 
520 0 3 6 4 7 2 
521 0 1 4 5 6 
522 5 3 2 0 4 6 
523 1 4 5 7 
524 6 5 0 4 1 3 2 
525 4 7 2 5 6 
526 7 3 1 0 2 
527 3 1 2 0 6 7 
528 4 1 3 0 7 6 
529 5 1 4 0 2 
530 6 7 4 2 5 
531 6 1 7 5 4 0 
532 0 1 5 4 6 
533 6 7 4 5 
534 6 0 5 4 1 7 
535 5 4 7 
536 3 6 7 2 
537 4 0 2 5 7 3 1 
538 0 1 5 4 2 
539 7 2 0 4 1 6 
540 3 2 
541 4 5 0 6 1 3 2 
542 4 7 5 1 0 
543 3 6 7 1 0 2 
544 6 2 5 4 0 
545 7 0 2 5 4 3 1 
546 5 7 4 6 3 1 0 
547 1 2 0 5 4 7 
548 5 2 3 4 1 6 
549 2 3 1 0 
550 0 5 4 7 6 
551 1 2 0 3 
552 4 5 0 6 1 3 2 
553 1 4 0 5 6 
554 2 1 3 0 7 6 
555 0 6 7 4 2 3 
556 2 1 0 6 
557 1 2 3 4 6 
558 7 2 1 0 6 
559 1 6 7 2 3 
560 0 6 7 1 3 2 
561 5 3 0 2 4 6 
562 5 1 3 0 7 4 6 
563 3 6 2 0 7 1 
564 6 3 1 2 0 
565 6 1 3 2 0 7 
566 6 1 5 4 0 2 
567 7 3 1 2 0 
568 4 1 7 6 5 0 
569 4 0 1 5 6 
570 3 1 5 4 0 2 
571 5 6 4 3 2 
572 1 0 6 3 4 5 2 
573 4 1 7 5 0 6 
574 1 4 0 5 6 
575 1 2 0 4 6 
576 3 6 7 2 
577 0 1 4 5 6 
578 3 5 1 2 4 6 
579 3 0 6 4 5 2 
580 3 5 2 4 1 
581 1 0 2 5 4 7 3 
582 7 4 6 3 1 0 
583 6 0 2 5 4 7 3 1 
584 0 2 4 3 5 7 6 
585 0 6 1 7 4 5 2 
586 5 2 4 3 7 6 
587 1 6 7 2 3 
588 6 7 1 3 0 2 
589 4 2 3 5 7 6 
590 7 3 6 4 2 
591 3 6 2 1 7 
592 4 7 2 5 6 
593 5 0 1 6 2 
594 6 2 0 3 1 
595 6 4 1 7 5 0 
596 0 7 4 6 3 1 
597 6 2 3 1 
598 6 3 0 2 4 
599 5 2 4 3 7 6 
600 3 6 2 4 7 
601 4 1 5 0 6 
602 0 6 7 3 2 
603 7 2 1 0 6 
604 3 6 1 7 0 4 5 2 
605 4 7 6 3 1 0 
606 4 2 0 1 3 
607 3 5 4 7 6 
608 6 4 3 5 2 
609 7 0 3 1 6 
610 5 6 0 4 1 7 
611 1 5 4 7 6 
612 5 0 6 3 4 2 
613 2 3 6 0 7 1 
614 0 5 4 7 6 
615 1 3 2 0 6 7 
616 4 0 1 6 
617 1 0 3 2 
618 2 1 3 6 7 
619 0 5 3 2 4 1 
620 2 4 5 7 
621 1 7 5 4 0 6 
622 7 3 6 4 2 
623 1 0 6 5 4 7 
624 0 2 5 4 7 
625 5 1 4 0 6 
626 6 1 3 0 7 4 
627 3 7 4 5 6 
628 6 5 3 2 4 1 
629 6 7 5 4 1 0 
630 6 4 5 7 
631 6 2 0 3 1 
632 4 2 0 1 3 
633 4 7 5 1 0 
634 3 6 2 4 7 
635 5 3 0 2 4 6 
636 1 5 4 7 6 
637 4 3 5 7 6 2 
638 1 3 6 7 2 
639 1 6 2 4 7 3 
640 3 2 4 6 
641 0 1 3 6 7 2 
642 3 2 4 5 7 6 
643 3 0 1 7 6 
644 3 6 7 1 0 2 
645 1 2 3 4 6 
646 7 6 2 1 3 
647 6 5 0 4 1 3 2 
648 0 1 3 2 6 7 
649 0 4 1 7 6 5 
650 5 7 1 4 2 
651 1 7 4 2 5 6 
652 6 2 0 4 1 
653 4 6 3 5 2 
654 7 3 6 4 2 
655 3 0 6 5 7 4 2 
656 4 0 6 5 1 7 
657 5 2 4 3 
658 6 3 4 7 2 
659 7 4 5 6 
660 0 3 5 1 2 4 6 
661 6 0 5 4 1 7 
662 6 2 3 1 
663 5 0 3 6 7 4 2 
664 3 2 4 1 6 
665 4 6 1 7 0 5 2 
666 0 3 5 4 7 6 2 
667 7 4 5 6 
668 3 1 7 5 4 0 6 
669 4 1 5 0 2 
670 4 2 1 0 6 
671 3 2 7 0 1 6 
672 6 2 1 3 7 
673 7 0 1 6 
674 5 6 7 2 3 
675 1 5 4 7 6 
676 5 3 6 0 4 2 7 
677 2 0 1 6 
678 0 1 7 5 4 6 
679 1 3 2 0 6 7 
680 4 2 3 1 6 
681 1 2 3 4 6 
682 2 3 5 0 4 6 
683 0 5 4 7 6 
684 2 4 5 3 
685 1 5 0 4 6 3 2 
686 7 6 4 2 0 3 
687 1 2 3 4 6 
688 0 2 3 4 1 6 
689 5 4 7 
690 6 2 3 1 
691 3 1 7 5 4 0 6 
692 6 7 4 3 1 0 
693 6 2 1 0 
694 6 3 0 2 4 
695 6 2 4 5 3 
696 4 1 7 5 0 6 
697 4 5 0 6 1 3 2 
698 3 7 5 1 4 2 
699 5 7 4 6 
700 1 0 6 
701 4 0 1 6 2 
702 1 0 3 7 6 
703 1 4 0 5 6 
704 3 2 4 1 6 
705 0 1 6 2 
706 3 2 4 1 6 
707 3 4 5 7 6 
708 3 6 2 1 
709 1 3 2 0 6 7 
710 7 4 0 1 5 6 
711 6 4 1 7 5 0 
712 0 2 3 1 
713 0 1 5 4 2 
714 5 6 7 4 2 0 3 
715 0 6 1 7 4 5 2 
716 6 7 4 3 1 0 
717 4 6 2 7 3 
718 7 5 4 6 
719 3 2 5 4 0 6 
720 4 0 3 1 7 6 
721 5 0 2 4 7 3 1 
722 6 1 4 0 5 
723 6 3 5 4 7 2 
724 0 1 4 5 6 
725 6 3 4 7 2 
726 6 1 4 0 5 
727 5 0 3 6 7 4 2 
728 3 6 7 0 2 
729 4 1 3 2 0 6 7 
730 0 1 3 6 7 2 
731 7 2 0 1 6 
732 3 6 7 0 2 
733 4 2 5 0 6 
734 4 3 1 2 0 
735 3 0 1 6 2 
736 6 7 4 2 5 
737 7 4 5 6 
738 5 2 0 1 3 
739 1 2 5 4 0 6 
740 5 3 1 0 2 
741 2 3 4 6 
742 0 3 5 4 7 6 2 
743 1 2 7 0 6 
744 4 1 3 6 7 2 
745 1 2 3 4 6 
746 2 6 0 5 4 1 7 
747 0 5 4 7 6 
748 2 7 5 1 4 
749 1 4 0 5 6 
750 7 3 5 1 2 4 6 
751 2 3 0 4 6 
752 0 2 1 3 
753 5 7 4 6 3 1 0 
754 7 1 5 4 0 6 
755 2 0 5 4 7 
756 7 2 0 3 1 
757 7 2 0 4 1 6 
758 7 6 0 5 4 1 
759 7 4 2 5 6 
760 4 6 7 2 3 
761 4 6 7 2 3 
762 2 1 5 0 4 6 
763 5 7 1 4 2 
764 1 6 2 3 7 
765 5 6 1 7 0 4 2 
766 1 6 4 3 5 2 
767 1 5 0 4 6 
768 2 1 3 0 6 7 
769 0 2 1 6 
770 2 0 6 
771 2 1 3 0 7 6 
772 2 0 3 6 5 7 4 
773 1 2 7 0 6 
774 7 6 4 3 5 2 
775 7 4 6 3 1 0 
776 0 7 4 5 6 
777 0 2 3 1 7 6 
778 5 3 1 2 0 
779 1 3 0 2 
780 7 2 0 5 4 
781 4 7 5 6 
782 7 2 1 0 6 
783 2 5 0 4 6 1 3 
784 4 7 5 1 0 
785 5 0 1 6 
786 7 0 1 6 
787 7 0 2 5 4 3 1 
788 0 2 4 5 3 
789 7 3 1 0 2 
790 6 2 4 7 3 
791 5 1 4 0 6 
792 2 7 5 1 4 
793 4 7 5 1 2 
794 0 3 6 5 4 2 7 
795 7 5 4 6 
796 2 1 3 0 7 4 6 
797 4 6 7 2 3 
798 4 1 5 0 6 
799 2 4 5 3 
800 7 6 4 2 0 3 
801 7 3 1 0 2 
802 5 7 1 4 2 
803 1 6 7 4 2 0 3 
804 5 2 0 4 1 6 
805 2 6 1 7 0 4 5 
806 0 4 1 5 6 
807 1 6 4 3 5 2 
808 4 3 5 1 2 6 
809 1 4 7 6 5 0 
810 2 7 4 5 6 
811 0 6 5 4 1 7 
812 2 3 1 0 
813 1 2 4 3 5 7 6 
814 7 3 1 0 2 
815 1 4 0 5 6 
816 0 6 3 4 5 2 
817 5 7 1 4 2 
818 7 0 1 3 2 
819 2 0 5 4 7 
820 7 6 2 3 1 
821 7 2 3 1 6 
822 7 0 2 5 4 3 1 
823 7 3 2 
824 4 3 6 7 2 
825 4 2 6 7 5 3 
826 2 6 4 3 5 
827 5 1 3 6 7 2 
828 1 5 4 7 6 
829 4 1 0 5 6 
830 1 6 0 5 4 7 
831 1 7 4 5 6 
832 2 5 4 0 6 
833 0 7 5 4 1 
834 2 3 6 4 7 
835 2 7 5 4 1 0 
836 2 3 1 0 
837 1 3 6 4 7 2 
838 7 4 5 6 
839 7 0 6 5 4 1 
840 0 3 2 
841 0 1 6 
842 5 7 4 6 3 1 0 
843 1 6 7 0 4 5 2 
844 7 5 4 1 0 
845 4 2 0 1 6 
846 7 4 2 6 5 3 
847 2 7 0 1 6 
848 5 6 0 4 1 7 
849 5 6 7 2 3 
850 7 1 3 6 2 
851 7 1 3 0 4 6 
852 0 2 3 4 1 6 
853 7 3 6 2 0 1 
854 6 5 0 4 1 3 2 
855 5 6 7 0 3 2 
856 2 0 5 4 7 
857 4 5 3 2 1 
858 0 3 6 5 7 4 2 
859 7 4 2 5 6 
860 2 3 5 1 4 6 
861 4 1 3 2 0 7 6 
862 4 1 3 0 7 6 
863 2 6 3 1 
864 7 4 5 6 
865 7 3 6 2 0 1 
866 5 2 0 4 1 6 
867 1 0 3 6 5 7 4 2 
868 5 4 7 6 
869 2 0 5 4 7 3 1 
870 0 1 5 4 6 
871 1 0 6 2 
872 4 7 5 1 0 
873 1 0 3 2 
874 2 7 5 1 4 
875 0 6 7 1 3 2 
876 2 4 1 7 6 5 0 
877 1 2 3 4 6 
878 7 0 6 5 4 1 
879 2 3 6 5 0 4 7 
880 2 0 1 6 
881 5 0 4 6 1 3 2 
882 7 4 2 6 5 3 
883 2 6 0 5 4 1 7 
884 7 3 1 0 2 
885 7 5 4 6 
886 7 2 0 1 3 
887 7 4 1 6 5 0 
888 4 2 6 7 5 3 
889 4 1 3 0 7 6 
890 2 3 6 5 0 4 7 
891 5 2 3 4 6 
892 2 5 3 4 1 
893 4 3 6 5 0 2 7 
894 3 4 0 1 5 6 
895 3 6 4 5 2 
896 2 6 3 1 
897 0 5 4 6 1 3 2 
898 2 7 4 5 6 
899 2 4 5 3 
900 2 7 4 5 6 
901 1 7 5 4 0 
902 7 2 3 1 6 
903 4 3 6 5 0 2 7 
904 2 0 6 
905 2 3 0 4 6 
906 5 1 0 4 6 
907 2 1 0 6 
908 7 3 5 4 6 2 
909 5 3 2 4 1 
910 5 3 6 0 4 2 7 
911 2 0 1 6 
912 4 5 7 
913 5 4 2 6 7 3 
914 3 0 1 7 6 
915 5 7 4 1 0 
916 0 2 5 4 6 
917 3 0 6 5 4 1 7 
918 0 6 1 7 4 5 2 
919 5 1 7 4 0 6 
920 2 6 0 5 4 1 7 
921 0 1 3 7 4 6 
922 0 2 1 6 
923 1 3 6 2 0 7 
924 2 3 1 0 
925 4 2 3 1 0 7 6 
926 0 4 5 7 6 
927 2 7 4 5 6 
928 7 2 1 0 6 
929 7 6 1 3 0 2 
930 6 7 4 3 1 0 
931 2 7 0 1 6 
932 5 0 1 6 
933 2 5 4 7 6 
934 2 7 4 5 6 
935 2 1 0 6 
936 2 6 7 3 
937 2 7 5 1 4 
938 2 3 4 6 
939 2 0 6 3 4 5 
940 2 0 3 1 7 6 
941 2 1 5 4 0 
942 7 2 3 1 6 
943 0 1 6 2 
944 0 1 3 6 7 2 
945 5 3 1 2 4 6 
946 7 6 2 4 3 
947 2 4 3 5 7 6 
948 5 0 6 4 1 7 
949 7 3 6 2 0 1 
950 3 4 2 6 7 5 
951 5 4 2 6 7 3 
952 5 3 2 0 4 6 
953 0 2 4 5 3 
954 2 7 4 5 6 
955 5 3 2 0 4 6 
956 2 5 4 7 6 
957 3 0 1 7 6 
958 3 0 1 7 6 
959 3 6 7 0 2 
960 2 0 6 3 4 5 
961 0 2 3 4 6 
962 2 6 4 3 5 
963 2 7 5 4 1 0 
964 2 3 6 4 7 
965 1 2 3 6 
966 7 6 4 3 5 2 
967 7 1 3 2 0 6 
968 0 1 6 2 
969 0 3 2 4 6 
970 5 2 4 0 6 
971 0 2 4 5 3 
972 7 6 0 3 2 
973 4 3 6 7 2 
974 7 6 2 1 3 
975 2 3 1 6 
976 4 0 1 6 
977 5 3 1 2 0 
978 7 5 4 6 
979 7 2 0 5 4 
980 0 2 5 4 6 
981 7 6 0 3 2 
982 6 2 3 1 
983 5 3 4 7 6 2 
984 2 1 5 4 0 
985 4 2 3 6 
986 0 2 3 1 7 6 
987 7 2 3 1 0 6 
988 2 6 7 0 3 
989 4 2 3 1 6 
990 4 3 1 2 0 
991 2 7 4 5 6 
992 7 1 4 0 5 6 
993 7 0 1 6 2 
994 5 2 3 1 6 
995 2 3 1 0 7 6 
996 5 3 2 
997 2 3 
998 2 3 5 1 4 6 
999 2 3 5 0 4 6 
1000 5 3 1 2 4 6 
1001 2 4 0 1 5 6 
1002 2 6 1 7 0 4 5 
1003 2 1 3 0 7 6 
1004 2 3 1 6 
1005 2 0 6 5 4 1 7 
1006 7 2 0 3 1 
1007 2 0 1 6 
1008 2 0 3 6 5 7 4 
1009 5 3 0 2 4 6 
1010 7 2 3 1 6 
1011 2 1 5 0 4 6 
1012 7 1 3 2 0 6 
1013 7 3 2 
1014 7 4 5 
1015 5 3 2 4 1 
1016 5 2 4 0 6 
1017 0 3 5 2 4 6 
1018 2 4 5 3 
1019 2 0 5 4 7 3 1 
1020 2 3 5 4 7 6 
1021 3 2 0 5 4 7 
1022 3 0 6 4 5 2 
1023 3 1 0 7 4 6 
