0 2 5 4 7 6 
1 6 7 0 3 1 
2 0 2 3 1 6 
3 4 7 6 
4 5 3 1 7 2 
5 5 6 
6 3 7 6 1 
7 5 1 0 3 4 
8 6 7 0 1 
9 0 7 6 5 
10 1 2 3 7 
11 4 5 0 1 6 3 
12 2 7 0 5 1 
13 7 0 5 1 
14 7 6 5 1 
15 4 3 6 2 
16 6 5 4 2 7 1 
17 2 7 6 
18 5 7 0 6 1 
19 3 1 0 2 7 
20 7 1 0 3 2 
21 7 2 4 3 1 0 
22 7 5 4 0 6 1 
23 2 1 3 5 6 7 
24 1 3 6 2 
25 1 3 2 6 
26 1 3 7 2 5 
27 7 5 4 0 6 1 
28 1 3 7 2 5 
29 3 7 6 
30 3 6 2 
31 0 2 4 5 7 3 1 6 
32 2 1 6 
33 1 5 4 
34 2 7 0 6 1 
35 6 7 0 5 1 
36 3 6 7 5 4 
37 3 7 1 2 
38 0 5 4 
39 3 6 2 
40 7 3 1 6 
41 3 0 7 1 6 
42 1 0 4 5 
43 1 0 5 3 4 
44 4 7 3 1 2 
45 5 4 7 6 
46 6 5 2 4 0 7 
47 4 7 0 6 1 
48 0 7 3 1 6 
49 2 3 6 1 
50 5 1 2 3 6 7 
51 6 5 4 7 
52 0 1 5 2 4 
53 4 3 1 7 2 5 
54 3 7 6 1 
55 3 7 0 6 1 
56 1 3 7 2 5 
57 6 3 2 
58 4 0 1 7 
59 6 7 0 1 
60 5 2 4 7 3 1 6 
61 3 1 0 2 7 
62 0 5 4 1 
63 3 0 1 6 
64 2 5 4 0 6 1 
65 6 4 5 7 
66 0 5 1 6 3 
67 4 3 1 2 6 
68 5 0 1 6 
69 5 2 3 4 1 6 
70 2 3 6 
71 6 7 0 1 
72 4 5 7 6 
73 1 5 7 6 
74 1 2 4 3 0 
75 4 3 2 6 
76 2 7 6 5 
77 7 5 2 4 0 
78 7 5 4 0 6 1 
79 4 6 5 1 7 
80 6 3 1 7 2 5 
81 2 3 6 
82 5 2 3 4 0 1 
83 1 5 2 4 0 7 
84 7 2 6 
85 7 2 3 5 0 4 
86 7 1 0 3 2 
87 2 0 3 7 1 6 
88 1 3 0 6 2 
89 1 3 2 0 6 
90 1 0 7 
91 7 3 1 2 6 
92 1 0 5 6 7 4 
93 3 2 0 7 6 
94 3 5 2 4 0 7 
95 2 0 4 1 5 
96 2 7 0 6 1 
97 1 5 2 4 0 7 
98 2 0 6 7 
99 7 5 6 
100 3 7 6 
101 1 7 3 2 
102 0 7 6 5 
103 3 7 1 2 
104 7 4 5 6 
105 3 1 7 2 5 
106 1 2 4 5 7 3 6 
107 2 5 0 4 
108 5 3 7 1 6 
109 5 0 1 6 
110 6 7 
111 4 3 1 6 
112 0 5 1 6 3 
113 2 7 3 1 
114 5 6 7 4 
115 6 2 0 7 
116 0 5 4 1 
117 7 6 1 
118 3 6 5 2 7 1 
119 3 2 0 6 
120 1 0 7 6 
121 6 2 3 4 5 1 
122 4 0 1 5 
123 6 5 2 7 1 
124 5 7 6 
125 3 6 1 5 2 4 7 
126 0 2 6 7 
127 3 0 1 7 
128 2 0 4 1 5 
129 6 0 1 
130 0 3 7 1 6 
131 4 2 0 6 7 
132 5 7 2 6 
133 5 2 3 4 1 6 
134 3 5 0 1 6 
135 6 7 3 1 2 
136 7 0 1 6 
137 1 5 0 4 2 
138 1 3 6 2 
139 4 0 7 1 6 
140 2 5 4 0 7 
141 7 5 6 
142 7 2 3 0 6 
143 4 3 7 1 2 
144 6 5 4 0 
145 1 6 3 5 2 4 7 
146 4 5 
147 2 7 6 5 
148 7 2 3 4 5 1 6 
149 7 5 4 0 
150 7 2 3 4 5 1 6 
151 2 5 4 0 
152 1 6 3 5 2 4 7 
153 1 6 7 5 4 
154 1 5 7 6 
155 7 0 1 6 
156 1 5 0 6 3 
157 3 7 6 5 
158 3 6 5 2 7 1 
159 2 3 5 0 4 
160 2 3 5 0 4 
161 1 3 5 2 
162 2 7 0 6 1 
163 6 2 3 4 5 1 
164 3 2 4 1 0 
165 3 2 6 
166 0 4 1 5 
167 0 3 6 1 2 
168 7 3 0 6 2 1 
169 2 0 3 1 6 
170 1 7 2 6 
171 2 6 5 7 1 
172 5 3 6 1 2 
173 5 1 2 4 
174 6 3 0 2 1 
175 7 0 4 5 1 
176 0 1 3 2 7 
177 0 4 5 7 6 
178 5 7 6 1 
179 4 3 1 2 6 
180 0 7 1 6 
181 7 3 1 6 
182 3 1 2 6 
183 3 1 0 7 
184 0 1 3 2 7 
185 6 5 2 4 0 7 
186 6 1 2 3 5 7 
187 7 1 0 5 3 4 
188 5 3 1 2 
189 0 2 3 4 5 1 6 
190 0 5 7 6 
191 3 2 5 0 4 
192 1 5 4 
193 6 5 7 
194 0 5 1 6 3 
195 4 2 3 1 0 
196 5 2 3 4 1 6 
197 5 6 2 7 1 
198 3 5 4 7 6 
199 6 3 2 
200 6 0 4 1 5 
201 2 5 6 
202 1 3 2 0 6 
203 4 5 6 
204 2 3 6 
205 7 5 4 0 
206 5 3 1 2 6 
207 4 5 0 1 
208 6 0 3 7 1 
209 2 3 0 6 
210 2 3 1 6 
211 3 5 4 7 6 
212 7 0 4 5 1 
213 4 3 2 6 
214 7 6 3 1 5 2 4 
215 2 3 7 1 
216 1 7 6 
217 1 7 6 
218 1 5 6 
219 7 5 6 3 4 2 
220 1 0 5 6 7 4 
221 3 7 2 6 
222 3 6 2 
223 2 7 0 6 1 
224 2 1 6 
225 1 2 3 5 0 4 
226 5 6 3 1 2 4 7 
227 6 3 1 5 2 4 7 
228 3 2 4 1 0 
229 2 5 7 6 
230 0 3 6 1 2 
231 3 5 4 0 
232 7 5 0 4 2 
233 3 6 5 4 2 7 1 
234 1 3 2 6 
235 2 5 0 1 6 3 
236 5 0 1 7 
237 5 3 2 6 
238 4 2 3 1 0 
239 4 2 0 3 1 6 
240 0 2 3 7 6 
241 2 6 3 1 5 4 7 
242 4 3 1 7 2 5 
243 6 3 1 7 2 5 
244 4 2 3 0 7 6 
245 6 3 2 
246 3 2 4 5 1 6 
247 0 1 5 2 4 
248 1 5 2 4 0 7 
249 6 5 4 0 
250 4 5 7 6 
251 4 1 5 2 
252 4 5 
253 3 6 2 
254 0 3 2 6 
255 3 2 4 0 1 
256 2 3 1 7 5 
257 6 5 7 
258 5 6 3 4 2 
259 4 7 6 5 
260 5 2 3 0 7 6 
261 5 0 4 1 
262 3 5 6 4 2 
263 6 2 4 5 7 3 1 
264 6 0 7 1 
265 1 5 0 4 
266 2 1 0 5 3 4 
267 4 7 2 6 
268 0 3 6 2 1 
269 7 0 6 1 
270 7 6 5 2 1 
271 4 3 6 1 2 
272 4 5 0 1 6 3 
273 2 3 0 6 1 
274 5 1 0 3 4 
275 3 6 5 2 7 1 
276 7 5 6 
277 7 5 6 
278 7 3 6 2 
279 2 3 6 1 
280 1 5 4 7 6 
281 1 3 0 6 2 
282 1 7 0 5 
283 7 5 4 0 
284 1 2 3 7 
285 3 1 6 
286 3 4 5 
287 2 5 7 6 
288 2 0 3 1 6 
289 0 1 6 
290 5 3 1 2 
291 6 5 1 7 
292 1 4 5 
293 3 2 0 7 6 
294 0 5 1 6 3 
295 0 7 6 1 
296 7 6 5 
297 3 1 0 2 7 
298 1 5 4 0 6 
299 2 4 5 7 6 
300 5 6 
301 5 0 7 1 6 
302 6 0 1 
303 4 5 7 6 
304 0 2 1 3 7 
305 2 0 4 5 1 
306 5 7 3 1 2 
307 6 0 1 
308 0 1 6 
309 7 0 5 6 1 4 
310 3 1 6 
311 3 4 5 7 6 
312 1 7 0 6 
313 6 7 5 4 
314 4 0 1 7 
315 6 3 1 2 
316 5 7 2 6 
317 3 5 4 
318 0 3 6 2 
319 2 5 0 4 1 
320 5 1 6 
321 6 0 3 7 1 
322 0 7 3 1 2 
323 4 2 5 7 3 1 6 
324 5 4 7 6 
325 5 0 4 1 
326 4 5 0 1 6 3 
327 6 0 4 5 1 
328 6 3 1 2 
329 2 0 7 1 6 
330 0 7 5 1 
331 4 3 1 5 2 
332 6 7 5 
333 5 7 6 
334 5 7 3 1 2 
335 4 7 0 6 1 
336 6 7 0 3 1 
337 2 3 0 6 
338 4 5 0 6 1 
339 3 6 2 
340 7 5 4 
341 7 6 5 1 
342 4 3 1 7 2 5 
343 2 5 0 4 
344 0 3 7 1 6 
345 1 2 3 7 
346 1 5 7 6 
347 7 3 6 1 2 
348 0 1 6 
349 0 1 5 2 4 
350 3 0 5 6 7 1 4 
351 2 0 1 6 
352 2 5 4 
353 1 7 2 6 
354 2 3 1 7 5 
355 2 3 7 1 
356 3 7 6 1 
357 0 2 1 3 7 
358 0 5 4 1 
359 3 1 0 5 4 
360 7 4 5 
361 3 6 2 
362 1 2 3 5 0 4 
363 7 5 4 6 
364 0 2 4 5 7 3 1 6 
365 4 1 0 7 
366 7 2 3 5 0 4 
367 2 3 6 
368 0 5 7 6 
369 2 6 7 5 4 
370 5 3 2 0 6 
371 6 7 0 1 
372 0 5 4 1 
373 7 0 5 1 
374 0 1 6 
375 3 2 1 7 
376 1 6 5 2 7 
377 6 2 0 7 
378 4 1 0 3 2 7 
379 6 2 1 3 7 
380 5 3 6 1 2 
381 3 6 5 1 7 
382 5 7 0 6 1 
383 1 7 3 2 
384 2 1 3 7 
385 7 3 1 2 
386 0 5 6 
387 4 3 6 1 2 
388 5 2 3 0 7 6 
389 4 2 3 0 1 
390 0 1 6 
391 6 0 3 7 1 
392 6 2 3 0 7 
393 1 3 6 2 
394 4 3 2 0 6 
395 4 3 1 5 2 
396 2 0 1 6 
397 7 3 1 2 5 
398 2 5 0 4 1 
399 4 6 7 5 
400 6 7 1 
401 1 0 4 5 
402 5 1 0 3 4 
403 4 7 2 6 
404 7 6 3 1 5 2 4 
405 0 3 6 2 1 
406 2 7 0 3 1 6 
407 4 3 0 6 2 1 
408 1 7 3 2 
409 5 3 1 2 6 
410 1 6 3 5 2 4 7 
411 7 1 2 3 5 6 
412 1 3 2 6 
413 5 0 4 1 
414 3 6 7 5 4 
415 4 5 6 
416 1 5 0 4 2 
417 1 0 3 2 7 
418 0 7 6 1 
419 4 1 6 
420 2 5 4 7 6 
421 5 2 3 0 7 6 
422 7 3 1 2 
423 4 2 5 7 3 1 6 
424 1 2 3 7 
425 3 6 1 5 2 4 7 
426 1 2 3 5 6 7 
427 2 0 3 7 1 6 
428 5 3 2 0 6 
429 5 2 3 4 1 6 
430 0 5 4 7 6 
431 7 6 
432 0 7 6 1 
433 2 6 5 4 7 1 
434 0 2 3 1 6 
435 2 5 7 6 
436 4 2 3 0 7 6 
437 6 5 2 4 0 7 
438 3 5 6 4 2 
439 6 2 3 5 0 4 
440 1 7 6 
441 5 2 4 3 1 0 
442 6 3 1 2 
443 4 2 3 5 1 6 
444 5 0 1 6 
445 3 7 1 2 
446 0 7 6 1 
447 3 5 2 4 0 7 
448 2 5 0 4 
449 6 3 1 
450 0 4 5 1 
451 4 1 0 5 3 
452 5 7 2 6 
453 5 3 7 1 6 
454 3 1 0 5 4 
455 6 2 3 0 7 
456 6 5 4 0 
457 1 6 
458 1 5 2 4 
459 4 6 3 1 5 2 7 
460 2 0 1 6 
461 7 3 6 2 
462 7 6 5 4 
463 4 1 0 7 
464 6 5 0 1 3 
465 2 5 0 4 1 
466 5 0 6 7 1 4 
467 3 2 0 1 6 
468 5 7 6 
469 7 5 4 0 6 1 
470 7 3 6 2 
471 2 7 0 5 1 
472 1 5 2 4 
473 1 5 7 6 
474 1 4 5 7 6 
475 7 1 6 
476 1 3 7 6 
477 2 3 6 
478 3 5 4 0 6 1 
479 2 1 6 
480 2 0 4 5 1 
481 1 6 5 7 
482 2 7 0 5 1 
483 6 3 0 2 1 
484 3 1 2 6 
485 3 1 6 
486 0 1 2 3 5 6 7 
487 3 5 2 4 0 7 
488 7 2 3 0 6 
489 3 6 5 1 7 
490 1 3 7 6 
491 2 5 6 
492 5 1 2 3 6 7 
493 5 7 6 
494 6 3 1 5 2 
495 4 5 0 1 6 3 
496 0 5 4 1 
497 2 5 6 3 4 
498 5 7 6 1 
499 6 0 5 7 1 4 
500 0 1 6 
501 7 5 6 
502 3 7 0 6 1 
503 2 3 6 
504 1 2 0 3 6 
505 6 4 5 
506 5 1 0 3 4 
507 6 7 0 5 1 
508 5 0 1 6 
509 3 5 0 4 1 
510 0 4 5 1 
511 3 1 2 5 6 7 
512 2 3 0 6 1 
513 6 3 7 1 
514 0 6 7 5 4 
515 4 0 7 1 6 
516 5 0 6 7 1 4 
517 5 2 0 6 7 
518 3 5 4 0 6 1 
519 6 3 1 2 
520 6 3 1 2 
521 1 3 5 2 
522 1 0 6 
523 4 0 1 7 
524 2 7 0 6 1 
525 7 3 1 5 2 
526 7 1 5 2 4 
527 4 7 0 3 1 6 
528 6 1 2 3 5 7 
529 2 0 1 7 
530 5 3 7 1 6 
531 3 6 7 5 4 
532 7 2 4 3 1 0 
533 7 2 4 5 3 1 6 
534 7 3 6 1 2 
535 2 3 6 1 
536 1 7 0 3 6 
537 1 3 2 0 6 
538 1 5 2 4 0 7 
539 7 1 5 2 4 
540 1 6 3 5 2 4 7 
541 3 1 0 2 7 
542 3 0 7 1 6 
543 2 4 5 7 6 
544 2 6 3 1 5 4 7 
545 1 7 3 2 
546 2 0 5 6 7 1 4 
547 6 0 4 1 5 
548 3 7 2 6 
549 3 6 2 
550 0 1 5 3 4 
551 3 5 7 6 
552 7 5 6 
553 3 5 6 4 2 
554 1 0 5 6 7 4 
555 2 3 0 6 
556 5 4 
557 5 7 6 
558 6 3 7 1 2 
559 4 2 0 3 1 6 
560 0 3 7 1 6 
561 2 7 6 1 
562 5 7 6 
563 6 0 1 
564 0 5 6 7 1 4 
565 7 3 1 6 
566 3 6 5 1 7 
567 3 6 5 4 2 7 1 
568 1 3 7 6 
569 6 1 5 2 4 
570 4 3 1 6 
571 6 7 2 
572 5 7 0 3 1 6 
573 3 2 0 1 6 
574 0 6 7 5 4 
575 3 7 6 1 
576 2 4 5 
577 6 7 5 4 
578 0 2 4 3 1 
579 4 5 7 6 
580 5 0 4 1 
581 5 0 4 1 
582 3 6 1 2 
583 7 5 4 6 
584 6 2 3 4 0 1 
585 1 3 5 2 
586 1 0 4 5 
587 4 5 0 1 
588 2 3 6 1 
589 7 3 1 6 
590 7 0 3 1 6 
591 4 6 5 2 7 1 
592 6 2 4 5 7 3 1 
593 2 5 4 0 
594 5 3 7 1 6 
595 3 6 5 1 7 
596 7 5 0 4 2 
597 7 5 4 
598 7 6 5 
599 2 3 6 1 
600 1 0 4 5 
601 1 5 0 4 2 
602 1 2 0 3 6 
603 7 0 6 1 
604 1 2 3 4 0 
605 3 5 6 4 2 
606 3 7 6 
607 2 5 6 
608 2 7 0 3 1 6 
609 1 3 6 2 
610 2 3 6 
611 6 3 1 
612 3 4 5 7 6 
613 3 1 0 2 7 
614 0 2 3 5 4 
615 2 3 6 
616 7 0 1 6 
617 3 0 5 6 7 1 4 
618 1 6 5 4 2 7 
619 2 6 7 5 4 
620 5 3 7 1 6 
621 5 0 4 1 
622 6 0 1 
623 4 0 1 7 
624 0 1 6 
625 2 0 3 1 6 
626 5 2 0 6 7 
627 6 7 0 1 
628 0 3 6 1 2 
629 7 5 2 4 0 
630 3 0 7 1 6 
631 3 5 7 6 
632 1 6 5 7 
633 6 0 1 
634 4 3 6 1 2 
635 6 5 4 0 1 
636 5 0 4 1 
637 2 6 5 7 1 
638 0 3 2 6 
639 3 7 6 5 
640 2 5 0 1 6 3 
641 6 1 5 2 4 
642 0 4 5 1 
643 4 7 6 5 
644 5 7 6 1 
645 5 3 1 2 
646 3 2 4 0 1 
647 6 3 1 
648 6 1 5 2 4 
649 1 0 5 3 4 
650 1 2 3 7 
651 4 1 5 2 
652 2 1 3 5 6 7 
653 7 1 0 
654 7 3 6 1 2 
655 4 2 0 3 1 6 
656 6 5 4 2 7 1 
657 2 7 6 5 
658 5 0 1 7 
659 3 0 7 1 6 
660 7 0 5 1 
661 7 2 6 
662 7 0 5 1 
663 2 1 3 5 6 7 
664 1 0 6 
665 1 0 7 
666 1 0 7 6 
667 4 3 7 1 6 
668 1 5 4 
669 2 5 0 4 
670 3 5 4 0 6 1 
671 2 5 6 
672 2 7 6 
673 1 0 3 7 6 
674 2 7 0 5 1 
675 6 0 4 1 5 
676 3 2 0 6 7 
677 3 2 1 7 
678 0 3 1 2 6 
679 3 6 5 2 7 1 
680 7 0 1 
681 1 7 6 
682 1 2 3 4 0 
683 2 4 3 1 0 
684 5 7 0 3 1 6 
685 5 3 6 1 2 
686 6 4 5 
687 4 6 5 2 7 1 
688 0 4 5 7 6 
689 2 7 3 1 
690 5 7 6 
691 6 2 4 3 1 0 
692 0 7 1 6 
693 7 0 3 1 6 
694 2 5 4 0 7 
695 3 0 6 2 1 
696 1 3 6 2 
697 5 3 1 6 
698 4 2 3 5 0 
699 6 7 3 1 2 
700 5 4 
701 3 2 5 0 4 
702 0 3 6 2 1 
703 3 2 4 5 7 1 6 
704 2 0 1 7 
705 6 5 4 
706 0 5 6 3 4 2 
707 4 2 5 7 3 1 6 
708 5 2 3 0 4 
709 5 3 7 1 6 
710 3 7 0 6 1 
711 6 7 0 3 1 
712 6 7 2 
713 1 5 6 3 4 2 
714 1 3 7 2 
715 4 3 1 5 2 
716 2 6 3 1 5 4 7 
717 7 2 3 4 5 1 6 
718 7 5 4 0 
719 4 2 3 1 0 
720 6 7 0 3 1 
721 2 4 5 7 3 1 6 
722 5 2 4 3 1 0 
723 3 0 1 6 
724 7 5 4 0 6 1 
725 7 3 1 2 
726 7 6 
727 2 6 5 4 7 1 
728 1 2 3 4 0 
729 1 3 6 2 
730 1 3 6 
731 7 6 
732 1 7 0 6 
733 3 2 4 5 7 1 6 
734 3 2 4 0 1 
735 2 0 6 7 
736 2 7 0 6 1 
737 1 3 7 6 
738 2 5 0 4 
739 6 1 0 7 
740 3 1 5 2 
741 3 0 1 6 
742 0 7 5 1 
743 3 6 2 
744 7 2 0 6 
745 3 4 5 7 6 
746 1 3 6 
747 2 5 6 3 4 
748 5 1 2 3 6 7 
749 5 2 0 6 7 
750 6 7 
751 4 1 5 2 
752 0 4 5 7 6 
753 2 3 1 7 5 
754 5 6 1 7 
755 6 3 7 1 2 
756 0 2 3 1 6 
757 7 5 4 6 
758 3 6 7 5 4 
759 2 3 6 1 
760 1 0 5 6 7 4 
761 6 2 0 3 1 
762 4 2 1 3 7 
763 6 3 1 2 
764 5 2 3 0 4 
765 3 2 5 0 4 
766 0 7 3 1 6 
767 3 2 4 0 1 
768 2 5 4 0 
769 6 7 1 
770 0 2 4 3 1 
771 4 5 6 3 2 
772 5 0 4 1 
773 5 1 0 3 4 
774 3 1 6 
775 6 3 1 5 2 4 7 
776 6 5 2 7 1 
777 1 3 6 2 
778 1 3 6 2 
779 4 5 2 0 7 
780 2 5 7 6 
781 7 1 0 3 2 
782 7 6 
783 4 2 3 5 0 
784 6 1 
785 2 3 4 0 1 
786 5 2 4 7 3 1 6 
787 3 2 6 
788 7 2 6 
789 7 2 3 4 5 1 6 
790 7 1 0 3 2 
791 2 0 7 1 6 
792 1 3 6 2 
793 1 0 7 6 
794 1 2 3 4 0 
795 7 4 5 
796 1 0 6 
797 3 5 6 
798 3 6 5 2 7 1 
799 2 3 6 
800 2 3 7 1 
801 1 6 
802 2 3 6 1 
803 6 2 3 4 5 1 
804 3 7 1 6 
805 3 1 0 7 
806 0 3 7 1 6 
807 3 2 0 6 7 
808 7 6 5 1 
809 5 0 6 7 1 4 
810 7 1 0 5 3 4 
811 7 5 4 6 
812 5 1 0 3 4 
813 5 7 6 
814 6 1 2 3 5 7 
815 4 5 6 3 2 
816 4 6 3 1 5 2 7 
817 5 1 2 3 6 7 
818 5 7 6 
819 6 3 1 
820 4 5 7 6 
821 7 6 5 4 2 1 
822 3 6 2 
823 3 0 1 6 
824 1 7 0 6 
825 6 5 3 4 2 
826 4 5 7 6 
827 6 3 7 1 2 
828 5 2 0 6 7 
829 3 7 0 1 6 
830 0 5 6 3 4 2 
831 2 6 5 7 1 
832 2 3 0 7 6 
833 6 5 4 
834 0 5 4 2 
835 4 2 3 0 1 
836 5 3 6 2 
837 5 7 6 1 
838 3 7 1 2 
839 6 5 4 2 7 1 
840 6 5 0 4 2 
841 0 3 7 1 6 
842 1 0 7 
843 4 0 7 1 6 
844 2 1 0 3 7 
845 7 1 0 
846 7 6 5 4 2 1 
847 4 3 1 5 2 
848 6 1 5 2 4 
849 2 1 0 7 
850 5 7 3 1 2 
851 3 6 5 4 2 7 1 
852 7 5 4 0 
853 7 4 5 
854 7 2 0 6 
855 0 5 7 6 
856 1 3 6 2 
857 0 3 6 2 1 
858 0 5 6 
859 7 5 0 4 2 
860 0 5 6 
861 3 0 1 7 
862 3 0 1 7 
863 2 3 6 
864 2 4 5 
865 0 6 5 4 2 7 1 
866 0 5 1 6 3 
867 6 5 3 4 2 
868 3 2 1 7 
869 3 2 0 7 6 
870 0 7 5 1 
871 0 2 3 1 6 
872 7 0 6 1 
873 1 4 5 7 6 
874 0 3 6 2 
875 1 5 4 0 6 
876 5 0 4 1 
877 5 0 4 1 
878 6 5 2 4 0 7 
879 7 5 0 4 2 
880 0 6 5 1 7 
881 0 5 6 7 1 4 
882 5 0 1 7 
883 6 3 0 2 1 
884 0 2 1 3 7 
885 7 3 1 2 
886 0 1 6 
887 0 1 6 
888 0 3 7 1 6 
889 6 0 3 7 1 
890 6 2 0 7 
891 6 3 1 2 
892 5 3 1 7 2 
893 0 5 4 
894 0 3 7 1 2 
895 1 6 5 7 
896 1 3 2 0 6 
897 6 1 0 5 3 4 
898 0 2 3 4 1 
899 4 3 7 1 2 
900 4 7 0 6 1 
901 5 7 0 1 
902 0 6 7 5 4 
903 6 3 2 
904 6 1 
905 0 5 4 6 1 
906 0 1 7 
907 4 3 2 0 6 
908 0 3 2 6 
909 7 1 5 2 4 
910 7 0 1 6 
911 4 3 6 2 
912 6 7 1 
913 1 7 0 3 6 
914 6 5 4 7 
915 1 2 4 3 0 
916 7 0 3 1 6 
917 0 6 5 4 2 7 1 
918 2 7 6 
919 4 3 2 6 
920 0 5 4 7 6 
921 5 0 1 6 
922 0 7 1 6 
923 0 1 7 
924 0 4 1 5 
925 5 6 1 7 
926 0 1 7 
927 7 3 2 0 6 
928 0 5 4 
929 5 7 6 
930 5 3 1 6 
931 0 2 3 4 5 1 6 
932 1 5 0 4 2 
933 5 3 6 1 2 
934 5 3 2 0 6 
935 7 0 4 1 5 
936 7 2 3 5 0 4 
937 4 6 5 2 7 1 
938 5 2 4 7 3 1 6 
939 4 7 0 6 1 
940 5 6 
941 5 0 6 7 1 4 
942 4 0 1 6 
943 7 0 3 1 6 
944 4 3 1 2 6 
945 5 7 2 6 
946 5 2 1 3 7 
947 4 1 2 3 5 6 7 
948 4 2 3 0 1 
949 4 5 0 2 
950 5 4 0 
951 4 5 
952 4 0 3 7 1 6 
953 5 6 2 7 1 
954 6 7 0 1 
955 4 5 0 6 1 
956 4 3 2 6 
957 7 5 4 
958 4 7 0 6 1 
959 4 3 6 2 
960 5 1 0 7 
961 6 3 0 2 1 
962 5 1 0 7 
963 4 7 0 5 1 
964 5 4 
965 5 2 3 4 0 1 
966 0 5 1 6 3 
967 5 3 6 2 
968 4 5 0 
969 0 7 6 
970 0 5 7 6 
971 4 2 0 3 1 6 
972 0 6 5 4 2 7 1 
973 5 0 4 1 
974 5 0 1 6 
975 4 6 5 2 7 1 
976 4 3 1 7 2 5 
977 1 4 5 
978 6 0 4 5 1 
979 1 0 7 
980 5 7 6 
981 4 0 5 1 
982 4 5 
983 0 2 3 7 6 
984 0 6 5 1 7 
985 0 7 6 1 
986 0 3 1 5 2 
987 4 3 1 5 2 
988 0 2 6 7 
989 0 4 5 7 6 
990 0 4 5 7 6 
991 0 3 1 5 2 
992 0 3 2 6 
993 0 3 1 6 
994 0 5 1 6 3 
995 6 2 3 4 5 1 
996 1 0 7 
997 0 4 1 5 
998 7 0 1 6 
999 7 3 1 2 
1000 7 2 4 5 3 1 6 
1001 4 5 
1002 7 5 6 
1003 7 3 6 1 2 
1004 4 0 5 6 7 1 
1005 4 5 
1006 6 2 3 0 7 
1007 7 6 1 
1008 4 1 0 3 2 7 
1009 4 6 7 5 
1010 4 5 0 6 1 
1011 6 5 3 4 2 
1012 4 2 3 1 0 
1013 7 3 2 0 6 
1014 4 5 0 
1015 6 5 
1016 4 5 0 1 
1017 6 2 1 3 7 
1018 6 1 2 3 5 7 
1019 7 0 1 
1020 4 3 0 6 2 1 
1021 7 3 6 1 2 
1022 4 5 
1023 4 1 0 3 2 7 
