0 7 2 6 0 
1 1 0 2 3 5 
2 5 7 
3 1 4 5 
4 2 4 5 
5 3 6 5 7 
6 0 5 
7 6 2 0 
8 5 2 3 0 1 
9 7 0 1 
10 7 4 5 
11 5 2 3 0 1 
12 1 5 
13 1 4 6 
14 6 0 2 3 1 5 
15 7 2 3 0 1 
16 4 0 1 
17 6 0 1 
18 1 2 0 
19 3 0 7 1 
21 7 5 6 
22 4 0 7 1 
23 2 4 6 
24 0 1 5 
25 5 4 
26 4 2 3 0 1 
27 7 4 5 
28 6 2 3 0 1 
29 1 2 3 0 
30 7 4 6 
31 0 1 5 
32 1 0 5 
33 0 4 5 
34 7 1 0 4 
35 0 1 
36 5 1 0 
38 3 1 0 4 
39 3 0 2 5 1 7 
40 6 4 5 
41 4 6 
42 3 2 1 5 
43 5 2 3 0 
44 3 0 2 5 1 7 
45 6 4 5 
46 4 5 
47 0 4 5 
48 4 6 5 7 
49 4 5 
50 0 2 3 5 
51 6 0 1 5 
52 7 1 0 
53 2 4 5 
54 2 6 5 7 
55 2 0 1 
56 4 2 3 0 5 
57 1 0 5 
58 2 4 6 
59 0 2 5 1 7 
60 3 4 6 
61 1 4 6 
62 0 1 4 
63 3 2 0 1 
64 7 0 2 3 1 5 
65 1 2 3 0 
66 5 0 1 
67 1 0 2 3 5 
68 2 4 5 
69 3 1 0 5 
70 0 1 4 
71 6 0 1 
72 5 0 7 1 
73 7 0 1 5 
74 6 0 7 1 
75 5 1 0 
76 1 2 3 0 
77 1 0 
78 6 2 0 7 
79 7 0 1 
80 4 6 5 7 
81 6 4 5 
82 1 0 
83 3 6 5 7 
84 6 2 1 0 
86 4 6 
87 2 5 
88 0 4 5 
89 5 1 2 0 4 
90 4 5 
91 7 0 2 3 1 5 
92 6 4 5 
93 1 2 3 0 
94 6 5 7 
95 0 1 4 
96 0 4 5 
97 0 6 5 7 
98 7 4 6 
99 0 7 
100 4 6 
101 5 2 3 0 
102 3 2 0 
103 3 4 5 
104 6 2 3 0 1 
105 4 5 
106 2 0 
107 5 4 
108 3 0 1 5 
109 6 5 7 
110 4 0 7 1 
111 0 1 2 4 
112 4 1 2 0 
113 4 1 0 
114 0 2 3 1 
115 6 2 3 1 5 
116 7 2 3 1 5 
117 2 1 0 4 
118 2 7 
119 2 5 6 
120 4 0 1 
121 1 0 5 
122 2 4 5 
123 0 2 3 1 
124 3 2 6 0 7 
125 0 1 
126 0 4 6 
127 3 2 0 
128 7 6 5 
129 1 0 2 3 5 
130 5 2 0 
131 1 2 3 5 
132 2 1 0 
133 3 1 2 0 4 
134 0 2 3 5 
135 5 1 0 
136 5 0 2 3 1 
137 7 2 1 0 
138 7 1 0 5 
140 1 4 5 
141 1 7 
142 6 5 7 
143 7 0 2 3 1 5 
144 4 6 
145 6 2 0 
146 1 2 3 0 
147 3 2 1 5 
148 6 5 7 
149 7 4 5 
150 4 2 1 0 
151 2 5 6 
152 0 2 1 
153 5 4 
154 4 6 5 7 
155 7 1 0 
156 6 0 1 5 
157 1 2 3 0 
158 6 0 7 1 
159 0 2 6 7 
160 0 5 
161 0 2 3 1 5 
162 7 6 5 
163 1 5 
164 4 6 5 7 
165 5 0 2 3 1 
166 3 2 0 5 
167 3 4 6 
168 6 2 0 
169 4 2 0 
170 3 0 7 1 
171 4 5 
172 3 0 1 
173 6 0 2 5 1 7 
174 4 2 3 0 1 
175 0 4 5 
176 6 5 
177 4 5 
178 0 1 4 
179 6 1 2 0 4 
180 7 1 2 0 4 
181 2 5 
182 2 3 1 5 
183 2 3 0 1 
184 4 7 
185 1 2 3 5 
186 2 4 5 
187 0 7 1 
188 3 0 7 1 
189 1 0 2 5 7 
190 0 6 5 7 
191 3 1 2 0 4 
192 7 6 5 
193 1 2 0 
194 5 2 1 0 
195 1 4 5 
196 2 6 5 7 
197 3 2 0 1 
198 0 6 5 7 
199 7 0 1 
200 5 4 
201 7 6 5 
202 7 5 
203 5 1 2 0 4 
204 1 4 5 
205 1 0 
206 6 5 7 
207 7 5 6 
208 4 2 3 1 5 
209 6 1 0 4 
210 1 2 3 0 5 
211 3 4 5 
212 6 1 2 0 4 
213 7 4 5 
214 4 0 2 3 1 5 
215 2 5 
216 0 5 6 
217 5 2 3 0 
218 4 2 3 1 5 
219 7 0 2 3 1 5 
220 6 5 7 
221 1 2 6 0 7 
222 6 1 2 0 4 
223 0 2 3 1 
224 0 1 
225 0 4 5 
226 5 2 1 0 
227 0 2 6 7 
228 4 0 2 3 1 5 
229 5 7 
230 3 5 
231 3 0 2 5 1 7 
232 6 4 
233 4 0 2 5 1 7 
234 3 1 0 
235 5 2 6 0 7 
236 3 0 2 1 5 
237 7 6 5 
238 4 1 0 
239 1 4 5 
240 4 7 
241 4 2 0 
242 2 0 3 1 5 
243 6 4 5 
244 7 2 3 1 5 
245 2 1 0 
246 2 5 
247 2 0 5 1 7 
248 4 2 0 
249 1 4 6 
250 3 2 0 1 
251 1 2 3 5 
252 3 1 0 4 
253 1 4 5 
254 1 4 6 
255 3 4 6 
256 6 2 1 0 
257 1 0 5 
258 5 2 0 
259 0 4 5 
260 2 0 
261 1 2 3 0 
262 0 2 3 1 
263 6 4 5 
264 5 4 
265 7 6 5 
266 7 4 5 
267 5 2 6 0 7 
268 1 7 
269 1 2 3 0 
270 6 0 2 3 1 5 
271 7 4 5 
272 4 0 1 5 
273 4 6 
274 1 0 
275 3 5 
276 6 0 2 3 1 5 
277 7 2 3 0 1 
278 6 5 
279 2 4 5 
280 0 2 3 1 5 
281 5 6 7 
282 4 5 
283 7 2 6 0 
284 6 4 5 
285 1 4 6 
286 6 4 5 
287 1 6 5 7 
288 0 2 3 1 5 
289 0 1 5 
290 7 0 1 
291 1 4 5 
292 4 2 3 1 5 
293 5 4 
294 3 7 
295 3 1 0 
296 6 2 3 0 1 
297 5 0 7 1 
298 3 0 1 5 
299 5 0 7 1 
300 3 0 2 1 5 
301 6 5 7 
302 4 2 3 0 1 
303 0 1 2 4 
304 4 6 
305 4 6 
306 0 1 
307 6 2 0 7 
308 6 1 2 0 4 
309 2 6 5 7 
310 3 0 1 
311 2 6 5 7 
312 4 5 
313 1 5 6 
314 2 5 6 
315 3 2 0 
316 3 0 1 5 
317 1 4 6 
318 0 2 5 1 7 
319 3 4 5 
320 7 6 5 
321 1 4 5 
323 1 0 4 
324 3 2 6 0 7 
325 3 4 6 
326 0 4 6 
327 6 4 
328 5 4 
329 7 1 2 0 4 
330 7 1 0 
331 5 4 
332 1 4 5 
333 1 0 5 
334 6 0 2 3 1 5 
335 7 4 6 
336 4 5 
337 6 5 
338 1 0 4 
339 3 4 5 
340 6 0 2 5 1 7 
341 6 2 3 0 5 
342 4 6 
343 2 3 1 5 
344 0 1 5 
345 5 4 
346 4 6 5 7 
348 7 1 0 4 
349 3 2 6 0 7 
350 6 2 3 1 5 
351 0 2 3 1 5 
352 0 4 6 
353 0 4 5 
354 7 6 5 
355 0 6 5 7 
356 4 6 
357 6 1 0 4 
358 3 0 7 1 
359 3 0 1 5 
360 7 0 2 3 1 5 
361 4 0 2 5 1 7 
362 1 2 0 4 
363 5 0 1 
364 3 1 2 0 4 
365 6 2 3 0 1 
366 4 0 1 5 
367 0 6 5 7 
368 4 1 0 
369 4 2 3 0 1 
370 0 4 5 
371 6 4 5 
372 7 1 2 0 4 
373 2 3 0 1 
374 2 4 5 
375 2 6 5 7 
376 2 4 5 
377 2 4 5 
378 2 3 0 1 
379 0 4 5 
380 3 5 6 
381 1 0 4 
382 0 2 3 1 5 
383 3 4 5 
384 7 5 
385 1 2 0 4 
386 5 4 
387 1 4 5 
388 2 1 0 
389 3 0 2 5 1 7 
390 0 4 5 
391 6 0 1 5 
392 7 2 6 0 
393 7 4 5 
394 7 2 0 
395 5 2 6 0 7 
396 1 2 0 4 
397 1 4 5 
398 5 2 1 0 
399 6 4 
400 4 0 7 1 
401 6 2 3 1 5 
402 1 6 5 7 
403 3 0 7 1 
404 5 2 0 
405 7 2 3 0 1 
406 4 6 
407 2 4 5 
408 0 5 6 
409 5 6 
410 4 0 2 5 1 7 
411 7 6 5 
412 6 1 0 
413 1 2 3 5 
414 6 4 5 
415 0 2 3 5 
416 0 4 6 
417 0 5 
418 7 2 6 0 
419 0 2 1 
420 4 0 1 5 
421 5 7 
422 3 0 7 1 
423 3 0 1 
424 6 4 5 
425 4 2 3 1 5 
426 3 2 1 0 
428 3 6 5 7 
429 5 0 2 3 1 
430 4 5 6 
431 0 4 5 
432 4 1 0 
433 4 2 3 0 1 
434 0 4 5 
435 6 5 
436 7 2 1 0 
437 2 5 6 
438 2 0 1 
439 2 6 5 7 
440 4 5 
441 1 2 3 0 
442 2 1 0 
443 0 2 6 7 
444 3 2 1 0 
445 1 2 3 5 
446 2 4 6 
447 2 4 6 
448 7 1 0 4 
449 1 2 0 
451 1 0 
452 2 0 3 1 5 
453 3 4 6 
454 0 2 3 1 5 
455 6 5 
456 5 6 7 
457 7 4 6 
458 7 5 
459 5 0 1 
460 1 0 
461 1 0 2 5 7 
462 6 5 
463 7 1 2 0 4 
464 4 6 5 7 
465 7 2 3 1 5 
466 1 0 5 
467 3 5 6 
468 6 4 
469 7 5 6 
470 4 0 2 5 1 7 
471 2 4 6 
472 0 2 
473 5 1 0 
474 4 1 0 
475 7 2 1 0 
476 6 5 
477 1 2 6 0 7 
478 6 2 3 1 5 
479 0 4 6 
480 0 5 
481 0 1 4 
482 7 4 6 
483 0 1 
484 4 6 5 7 
485 5 4 
486 3 6 5 7 
487 3 4 6 
488 6 7 
489 4 5 
490 3 0 7 1 
491 5 0 2 3 1 
492 3 2 0 5 
493 6 5 7 
494 4 5 
495 0 7 
496 4 6 
497 4 0 2 3 1 5 
498 0 2 3 5 
499 6 5 
500 7 6 5 
501 2 5 
502 2 4 6 
503 2 4 6 
504 4 6 
505 1 0 
506 2 0 3 1 5 
507 0 1 5 
508 3 1 0 4 
509 1 5 6 
510 0 2 3 1 5 
511 3 4 6 
512 7 4 6 
513 1 2 3 0 
514 5 2 0 
515 1 0 5 
516 2 3 0 1 
517 2 0 3 1 5 
518 0 4 5 
519 6 1 0 5 
520 5 7 
521 7 6 5 
522 7 2 3 0 5 
523 5 4 
524 0 5 6 
525 1 4 6 
526 6 1 0 5 
527 7 5 6 
528 4 6 5 7 
529 6 4 5 
530 1 6 5 7 
531 3 2 1 5 
532 6 4 
533 7 4 5 
534 4 2 1 0 
535 2 0 3 1 5 
536 0 7 1 
537 5 2 3 0 
538 4 0 2 3 1 5 
540 6 0 2 3 1 5 
541 1 4 5 
542 6 5 
543 0 2 
544 0 1 5 
545 0 1 
546 7 2 3 0 1 
547 0 6 5 7 
548 4 2 3 0 1 
550 3 2 6 0 7 
551 3 4 6 
552 6 0 2 5 1 7 
553 4 6 
554 3 4 5 
555 5 0 2 3 1 
556 3 6 5 7 
557 6 4 
558 4 6 
559 0 1 
560 4 1 0 5 
561 4 5 
562 0 2 
563 6 2 3 1 5 
564 7 4 5 
565 2 3 0 5 
566 2 4 5 
567 2 0 1 5 
568 4 5 
569 1 6 5 7 
570 2 0 5 1 7 
571 0 6 5 7 
572 3 6 5 7 
573 1 6 5 7 
574 2 6 0 7 
575 3 2 0 1 
576 7 0 1 
577 1 0 2 5 7 
579 3 0 1 5 
580 2 1 0 4 
581 3 1 0 4 
582 3 4 5 
583 6 4 
584 5 0 7 1 
585 7 2 3 0 1 
586 7 5 
587 5 0 1 
588 1 5 
589 1 2 0 
590 6 4 
591 7 0 1 5 
592 4 2 1 0 
593 6 5 
594 1 7 
595 3 2 0 5 
596 6 4 5 
597 7 0 2 3 1 5 
598 4 2 3 0 5 
599 2 3 0 1 
600 0 4 5 
601 5 1 0 
602 4 6 5 7 
603 7 1 0 
604 6 5 
605 1 6 5 7 
606 6 7 
607 0 5 6 
608 0 6 5 7 
609 0 2 3 5 
610 7 1 0 4 
611 0 4 5 
612 4 0 1 
613 5 0 1 
614 3 2 0 1 
615 3 2 0 
616 6 4 5 
617 4 5 
618 3 1 0 5 
619 5 4 
620 3 0 1 
621 6 2 3 1 5 
622 4 2 1 0 
623 0 5 
624 4 6 5 7 
625 5 6 7 
626 0 5 6 
627 6 0 7 1 
628 7 2 6 0 
629 2 1 0 4 
630 2 1 0 4 
631 2 0 
632 4 5 
633 1 4 6 
634 2 5 
635 0 1 2 4 
636 3 0 2 5 1 7 
637 0 6 5 7 
638 0 2 1 
639 3 2 1 0 
640 7 4 5 
641 1 2 6 0 7 
642 5 0 1 
643 1 5 
644 3 0 2 1 5 
645 3 1 0 
646 0 7 
647 6 4 5 
648 5 4 
649 7 2 3 1 5 
650 7 1 0 5 
651 5 2 3 0 1 
652 1 4 6 
653 1 4 5 
654 7 1 0 4 
655 7 4 5 
656 4 6 5 7 
657 6 4 
658 1 0 2 3 5 
659 3 2 0 5 
660 6 0 1 5 
661 7 2 6 0 
662 4 5 
663 2 0 5 1 7 
664 0 1 4 
665 5 7 
666 5 2 3 0 
667 7 5 
668 6 4 
669 1 6 5 7 
670 6 1 0 4 
671 0 4 6 
672 0 1 5 
673 2 1 0 4 
674 7 6 5 
675 0 2 
676 4 1 0 
677 5 1 0 
678 3 6 5 7 
679 3 2 6 0 7 
680 6 4 5 
681 4 6 5 7 
682 3 4 6 
684 3 2 0 1 
685 7 4 6 
686 4 6 
687 0 7 
688 4 1 0 5 
689 4 1 2 0 
690 0 1 
691 6 4 
692 7 4 6 
693 2 0 
694 2 0 5 1 7 
695 2 6 5 7 
696 4 1 2 0 
697 1 0 5 
698 2 1 0 
699 0 5 
700 3 2 6 0 7 
701 1 0 2 5 7 
702 0 2 3 5 
703 3 7 
704 7 5 6 
705 1 0 2 3 5 
706 5 6 7 
707 1 4 5 
708 2 3 0 1 
709 3 2 0 5 
710 0 2 3 5 
711 7 4 6 
712 5 0 2 3 1 
713 7 0 2 3 1 5 
714 4 6 
715 5 4 
716 0 2 3 1 5 
717 1 4 5 
718 6 2 0 7 
719 7 2 0 
720 4 0 7 1 
721 6 0 1 
722 1 0 4 
723 3 2 0 1 
724 6 4 5 
725 7 6 5 
726 5 1 0 
727 2 0 1 5 
728 0 6 5 7 
730 4 5 
731 7 6 5 
732 6 4 5 
733 0 6 5 7 
734 6 2 3 1 5 
735 0 1 
736 3 4 5 
737 0 4 5 
738 7 0 1 
739 0 2 3 1 5 
740 4 6 
741 5 6 7 
742 3 4 5 
743 3 2 0 5 
744 7 2 3 0 1 
745 4 2 3 0 1 
746 3 0 1 5 
747 5 4 6 
748 3 5 
749 5 7 
750 5 4 
751 0 4 6 
752 5 7 
753 4 5 
754 0 1 
755 6 4 5 
756 7 4 5 
757 2 3 0 1 
758 2 0 
759 2 0 5 1 7 
760 4 5 
761 1 4 5 
762 3 6 5 7 
763 0 2 5 1 7 
764 3 7 
765 1 6 5 7 
766 1 0 2 3 5 
767 3 2 1 0 
768 7 0 2 5 1 
769 1 0 7 
770 5 2 0 
771 0 7 
772 2 3 0 1 
773 3 1 0 
774 1 0 7 
775 6 2 3 1 5 
776 7 6 5 
777 7 0 1 
778 7 4 5 
779 5 2 3 0 
780 1 2 3 0 
781 1 4 6 
782 6 5 
783 6 2 3 0 1 
784 4 5 
785 4 2 3 0 1 
786 1 6 5 7 
787 3 0 1 5 
788 6 5 7 
789 7 2 6 0 
790 6 4 5 
791 2 0 5 1 7 
792 0 1 5 
793 5 4 6 
794 4 5 
795 7 4 5 
796 6 4 5 
797 1 0 2 3 5 
798 6 4 5 
799 1 6 5 7 
800 3 1 2 0 4 
801 0 4 6 
802 5 4 
803 0 1 
804 4 1 0 
805 5 4 6 
806 3 4 6 
807 3 2 1 5 
808 5 0 7 1 
809 4 0 1 5 
810 1 4 5 
811 5 6 7 
812 3 0 2 1 5 
813 6 2 1 0 
814 4 1 2 0 
815 0 4 5 
816 4 0 2 3 1 5 
817 1 0 7 
818 0 1 2 4 
819 7 4 6 
820 7 5 
821 2 4 5 
822 2 1 0 
823 2 3 0 5 
824 4 7 
825 2 4 6 
826 2 1 0 5 
827 3 0 7 1 
828 3 4 5 
829 2 5 
830 2 1 0 
831 3 4 5 
832 7 2 3 0 1 
833 1 0 2 3 5 
834 5 2 3 0 1 
835 3 0 1 5 
836 2 0 7 1 
837 3 2 0 
838 4 5 
839 5 2 3 0 1 
840 5 4 
841 7 6 5 
842 7 0 2 3 1 5 
844 2 3 0 1 
845 3 4 5 
846 5 7 
848 4 2 3 0 1 
849 6 2 0 
850 1 4 6 
851 3 4 5 
852 5 0 1 
854 4 5 
855 2 0 3 1 5 
856 0 1 5 
857 5 4 
858 4 5 6 
859 7 2 6 0 
860 7 1 0 5 
861 3 2 0 5 
862 6 0 1 5 
863 0 2 1 
864 3 0 2 1 5 
865 0 2 6 7 
866 7 6 5 
867 2 4 5 
868 6 4 5 
869 5 6 
870 2 3 1 5 
871 3 0 2 1 5 
872 6 2 3 0 1 
873 4 1 0 5 
874 1 5 
875 5 6 7 
876 2 1 0 
877 6 1 2 0 4 
878 4 2 6 0 7 
879 0 2 3 1 
880 4 1 0 5 
881 5 4 
882 2 3 0 5 
883 6 4 
884 6 0 1 
885 2 0 7 1 
886 2 0 3 1 5 
887 2 3 0 1 
888 4 2 0 
889 2 0 7 1 
890 2 4 5 
891 3 4 5 
892 3 6 5 7 
893 2 4 6 
894 2 0 3 1 5 
895 3 5 6 
896 7 2 0 
897 1 0 5 
899 3 5 6 
900 2 5 6 
901 1 0 2 3 5 
902 3 2 0 5 
903 6 4 5 
904 5 4 6 
905 7 4 5 
906 7 6 5 
907 5 0 2 1 7 
908 2 0 5 1 7 
909 3 4 5 
910 6 2 1 0 
911 7 5 6 
912 5 4 
913 1 5 
914 5 6 7 
915 2 4 5 
916 3 1 2 0 4 
917 5 0 2 3 1 
918 3 4 5 
919 2 1 0 5 
920 0 6 5 7 
921 6 4 
922 4 6 5 7 
923 4 0 2 3 1 5 
924 6 1 0 5 
925 0 1 5 
926 7 0 2 3 1 5 
927 5 4 
928 5 0 2 3 1 
929 2 0 1 
930 0 2 6 7 
931 2 0 1 5 
932 3 4 6 
933 6 5 
934 5 2 3 1 
935 2 3 0 5 
936 2 0 5 1 7 
937 7 0 1 
938 5 6 7 
939 4 6 
940 2 1 0 
941 6 4 
942 2 0 3 1 5 
943 5 0 2 3 1 
944 6 4 5 
945 1 4 6 
946 2 3 0 1 
947 3 2 0 
948 2 4 5 
949 2 6 5 7 
950 4 1 2 0 
951 2 0 7 1 
952 2 6 5 7 
953 7 5 
954 4 1 0 5 
955 0 4 6 
956 2 0 1 
957 1 4 5 
958 5 4 
959 5 0 1 
960 6 2 3 0 5 
961 1 4 5 
962 5 2 0 
963 1 4 6 
964 2 6 5 7 
965 1 6 5 7 
966 0 4 5 
967 6 4 5 
968 7 4 5 
969 7 4 5 
970 6 4 
972 1 5 
973 1 5 
974 6 5 
975 7 0 2 3 1 5 
976 4 0 2 3 1 5 
977 4 0 2 3 1 5 
978 5 4 6 
979 1 0 2 5 7 
980 5 6 
981 5 0 2 1 7 
982 2 6 5 7 
983 2 6 5 7 
984 1 5 
985 6 5 
986 4 5 
987 5 1 0 4 
988 2 3 0 1 
989 1 0 
990 5 4 6 
992 5 2 3 0 1 
993 4 6 
994 0 5 6 
995 0 2 1 
996 3 1 2 0 4 
997 6 4 5 
998 5 4 6 
999 2 5 
1000 2 3 0 1 
1002 5 4 6 
1003 5 4 6 
1004 2 3 0 5 
1005 1 0 2 3 5 
1006 2 6 0 7 
1007 5 4 
1008 6 0 2 3 1 5 
1009 1 0 4 
1010 1 6 5 7 
1011 1 4 5 
1012 2 6 5 7 
1013 2 1 0 4 
1014 4 5 
1015 2 1 0 4 
1016 2 6 0 7 
1017 7 0 1 
1018 4 6 
1019 1 6 5 7 
1020 2 4 5 
1021 1 2 0 
1022 5 7 
1023 5 0 2 1 7 
