0 2 0 4 5 
1 2 5 3 4 1 
2 3 5 6 4 7 1 
3 0 2 3 1 
4 2 4 7 6 5 
5 2 1 3 7 5 
6 3 7 4 5 6 1 
7 2 4 5 
8 1 5 3 4 
9 0 2 7 1 3 5 6 
10 0 5 4 2 
11 7 2 1 3 6 5 
12 0 1 
13 3 5 1 2 4 0 
14 7 5 3 4 1 
15 3 2 4 7 6 1 
16 4 2 0 3 1 
17 6 7 4 
18 2 5 3 4 1 
19 5 7 6 0 1 
20 1 7 4 6 5 
21 1 5 4 7 6 
22 0 7 2 3 5 4 1 
23 2 0 1 
24 2 7 3 5 4 1 
25 3 5 4 2 0 
26 2 6 1 
27 3 0 5 
28 7 2 3 4 1 5 
29 1 5 7 
30 7 6 5 
31 7 0 1 
32 6 7 2 3 4 
33 6 2 0 3 7 
34 3 5 2 0 1 
35 1 5 7 
36 6 2 1 3 5 0 4 7 
37 4 7 6 5 
38 5 0 2 1 
39 2 4 3 7 6 1 
40 1 0 2 
41 0 2 1 3 5 4 7 6 
42 0 1 5 
43 7 6 5 
44 0 5 7 
45 3 2 0 1 
46 7 2 0 3 1 
47 3 2 7 1 5 6 
48 4 2 5 3 1 
49 5 7 4 6 
50 2 5 0 1 
51 5 2 0 3 1 
52 1 5 3 7 2 
53 1 2 3 4 5 
54 0 5 3 4 1 
55 5 7 2 3 4 6 
56 2 5 3 4 1 
57 4 2 5 3 1 
58 5 2 1 3 6 
59 4 0 7 1 5 
60 7 1 2 0 
61 1 7 6 4 
62 7 2 1 6 3 4 
63 7 5 4 6 
64 6 7 5 2 0 
65 6 7 1 
66 3 0 2 1 
67 0 2 4 3 7 6 1 
68 6 4 7 5 
69 4 1 7 5 
70 5 6 7 
71 2 5 6 7 
72 1 5 3 2 0 
73 0 4 2 7 3 1 
74 0 7 6 4 
75 7 5 3 2 0 1 
76 0 5 1 2 4 3 
77 3 5 4 2 0 
78 7 1 2 0 
79 3 0 5 
80 4 2 7 3 0 1 
81 5 2 1 3 7 
82 2 1 3 7 4 
83 5 7 4 6 1 
84 1 2 6 
85 1 5 3 4 
86 0 2 3 1 
87 5 2 0 3 1 
88 2 1 5 
89 5 2 0 1 
90 5 6 7 
91 4 5 6 7 
92 6 7 2 3 4 
93 1 5 3 2 0 
94 7 4 0 6 1 
95 7 1 5 
96 6 2 1 3 
97 6 2 0 1 
98 3 0 5 1 
99 0 7 4 6 5 
100 6 5 3 4 1 
101 4 2 1 7 3 6 5 
102 5 7 6 0 1 
103 2 4 5 
104 1 7 5 4 6 
105 0 5 6 7 
106 0 2 1 6 3 7 4 
107 7 6 4 2 3 1 
108 0 5 4 2 
109 3 7 6 0 1 5 
110 7 2 1 3 6 5 
111 3 2 4 7 6 1 
112 4 2 1 7 3 6 5 
113 5 0 4 2 
114 2 0 3 1 
115 5 2 0 3 1 
116 1 0 7 5 
117 1 7 4 5 6 
118 0 1 
119 5 2 1 3 6 
120 2 7 6 1 
121 5 0 
122 5 2 7 1 3 6 
123 4 2 3 1 5 
124 7 2 1 3 4 
125 1 6 5 7 
126 7 6 4 
127 7 1 3 4 
128 6 4 7 5 
129 6 2 3 1 
130 3 2 5 4 1 
131 0 5 4 2 
132 6 5 1 2 4 3 0 
133 4 6 2 7 3 1 
134 5 0 2 1 
135 2 5 0 1 
136 1 4 2 5 
137 0 2 3 4 1 5 
138 0 5 4 2 
139 7 0 2 1 
140 0 1 
141 3 5 0 2 1 
142 7 1 3 4 
143 3 2 6 0 7 
144 4 2 0 3 1 
145 5 0 4 2 
146 2 1 0 
147 5 2 1 3 6 
148 1 5 
149 1 0 4 2 5 
150 0 2 1 
151 5 7 4 6 1 
152 2 1 0 
153 5 4 7 6 
154 4 7 5 6 
155 4 5 3 2 0 1 
156 7 5 0 2 1 
157 1 0 5 
158 7 4 5 6 1 
159 7 5 3 2 1 
160 6 7 4 
161 6 7 2 3 4 
162 3 7 2 4 6 
163 0 4 7 5 
164 6 5 0 2 1 
165 4 2 0 3 5 1 
166 5 7 4 6 
167 2 0 3 4 5 1 
168 1 7 5 4 6 
169 0 7 2 3 5 4 1 
170 0 7 5 4 6 
171 7 2 6 0 3 
172 0 5 1 
173 3 0 5 1 
174 7 2 4 3 6 1 
175 3 2 5 4 1 
176 4 6 5 7 
177 5 2 1 6 3 7 4 
178 2 4 7 5 6 
179 5 1 0 
180 1 2 0 
181 1 2 4 5 
182 0 7 1 5 
183 5 2 3 4 1 
184 3 4 0 6 7 1 
185 5 2 3 4 1 
186 5 2 0 3 1 
187 4 5 1 2 3 0 
188 7 0 2 1 
189 1 7 4 
190 7 4 5 6 
191 7 5 4 2 0 
192 6 7 4 5 
193 6 0 1 
194 3 4 0 6 7 1 
195 0 4 2 5 
196 6 4 2 7 3 0 1 
197 4 0 2 1 
198 5 1 2 0 
199 2 1 0 
200 1 2 3 
201 0 5 4 7 6 
202 0 1 2 
203 7 2 3 5 4 1 
204 0 7 6 1 5 
205 3 5 6 4 7 1 
206 7 5 6 4 1 
207 3 5 4 1 
208 4 0 2 1 
209 5 0 
210 2 4 7 5 
211 5 0 2 1 
212 1 7 2 3 5 4 
213 1 7 6 0 5 
214 0 6 5 7 
215 5 1 
216 2 7 5 4 6 
217 5 0 4 2 
218 5 4 7 6 
219 4 5 6 7 
220 7 0 5 1 
221 1 0 4 2 5 
222 7 5 0 2 1 
223 7 0 5 
224 6 2 7 1 3 5 
225 6 4 5 
226 3 7 5 6 2 0 
227 0 1 2 
228 6 0 2 1 
229 4 2 0 3 1 
230 5 0 2 1 
231 2 7 4 5 6 1 
232 1 7 2 3 4 6 
233 0 6 5 7 
234 0 2 3 1 
235 7 5 4 2 0 
236 0 2 3 1 
237 3 2 1 
238 7 4 5 6 
239 3 2 1 7 5 
240 4 5 7 
241 4 2 1 3 6 
242 2 5 3 7 1 
243 4 2 0 3 1 
244 1 4 2 5 
245 1 2 3 4 5 
246 0 5 2 1 
247 6 5 7 
248 2 4 7 3 0 1 
249 5 7 6 0 1 
250 5 1 2 4 3 0 
251 4 1 7 5 
252 7 4 6 5 
253 1 7 6 
254 7 2 4 3 6 1 
255 7 5 
256 6 1 3 7 4 
257 6 1 2 0 
258 3 6 4 2 7 1 
259 0 2 5 3 4 1 
260 6 2 0 3 4 5 1 
261 4 5 
262 5 2 6 1 
263 2 0 1 
264 1 7 4 6 5 
265 0 5 
266 0 4 2 5 
267 7 1 0 
268 0 7 6 5 
269 3 0 1 
270 7 1 0 
271 3 2 5 4 1 
272 4 2 1 3 
273 5 2 3 1 
274 2 6 0 3 7 
275 5 7 2 3 4 1 
276 1 7 6 0 5 
277 1 7 4 5 6 
278 1 6 4 2 7 3 
279 5 7 4 6 
280 2 5 3 7 1 
281 5 1 7 
282 5 7 6 
283 4 2 1 3 
284 7 2 0 3 1 
285 1 5 4 2 0 
286 7 2 3 1 
287 7 6 4 2 3 1 
288 6 4 2 7 3 1 
289 6 4 7 5 
290 3 0 2 1 
291 0 7 4 6 5 
292 6 0 7 1 5 
293 4 5 6 7 1 
294 5 0 2 1 
295 2 1 3 5 0 4 7 6 
296 1 7 5 4 6 
297 0 2 3 1 
298 0 1 7 5 
299 7 1 5 
300 1 5 4 2 0 
301 3 0 5 1 
302 7 2 6 0 3 
303 3 0 4 2 5 
304 4 0 5 1 
305 5 7 
306 3 0 5 
307 5 7 6 1 
308 1 2 0 3 4 5 
309 1 5 2 4 3 0 
310 0 2 3 1 
311 5 2 6 1 
312 2 7 4 6 5 
313 5 2 6 1 
314 5 6 4 7 1 
315 4 0 2 5 
316 7 5 6 2 0 
317 1 0 
318 6 0 7 1 5 
319 7 2 3 4 6 
320 6 2 1 3 
321 6 2 1 7 3 5 
322 3 5 4 1 
323 0 5 7 
324 6 4 7 5 
325 4 0 6 7 1 
326 5 0 2 1 
327 2 1 7 5 
328 1 2 5 3 4 
329 0 1 2 4 5 
330 1 5 2 4 3 0 
331 7 4 5 
332 0 2 1 3 6 
333 3 7 5 4 6 
334 7 4 0 6 1 
335 3 5 7 2 1 
336 4 1 2 0 
337 5 4 
338 2 1 4 5 
339 5 4 7 6 
340 1 2 5 3 4 
341 1 2 0 3 
342 0 4 7 5 
343 5 4 2 1 
344 2 4 7 6 5 
345 5 2 1 3 6 
346 5 4 2 0 
347 4 7 2 3 5 1 
348 7 5 3 4 1 
349 1 7 4 
350 7 5 
351 7 2 0 1 
352 6 7 1 
353 6 1 2 0 
354 3 5 2 0 1 
355 0 1 
356 6 4 2 7 3 1 
357 4 5 2 0 
358 5 7 2 3 4 6 
359 2 3 4 1 5 
360 1 5 7 
361 0 1 7 5 
362 0 1 
363 7 2 6 0 3 
364 0 7 1 5 
365 3 0 5 1 
366 7 6 5 
367 3 1 7 4 
368 4 2 0 3 5 1 
369 5 6 4 7 1 
370 2 1 7 5 
371 5 0 7 1 
372 1 7 6 
373 1 2 0 3 4 5 
374 0 5 1 2 4 3 
375 4 1 3 7 
376 2 7 1 3 5 6 
377 7 5 3 2 1 
378 5 4 7 6 
379 4 2 1 5 
380 7 0 1 5 
381 1 7 6 5 
382 7 6 0 1 5 
383 7 5 6 
384 6 2 7 1 3 5 
385 6 7 4 
386 3 2 4 7 6 1 
387 0 4 7 6 5 
388 6 7 2 3 5 4 1 
389 6 2 0 3 4 5 1 
390 5 7 4 6 
391 2 7 5 6 0 
392 1 2 3 6 
393 0 7 5 6 2 
394 0 4 7 6 5 
395 7 4 5 
396 0 5 4 2 
397 3 5 7 2 1 
398 6 5 4 7 
399 3 2 1 4 
400 4 2 3 1 
401 5 0 1 
402 2 5 1 4 3 0 
403 5 4 2 0 
404 1 2 3 4 
405 1 2 6 3 7 4 
406 0 7 4 6 5 
407 5 4 7 6 
408 2 1 0 
409 5 0 7 1 
410 6 5 4 7 
411 4 2 3 1 
412 7 2 6 0 3 
413 1 7 5 4 6 
414 7 1 0 
415 6 0 7 1 5 
416 6 5 1 2 4 3 0 
417 6 1 3 7 4 
418 3 2 4 7 6 1 
419 0 6 4 2 7 3 1 
420 6 4 2 1 5 
421 4 2 3 1 5 
422 5 2 1 3 0 4 7 6 
423 2 1 5 
424 1 0 
425 0 2 1 3 5 4 7 6 
426 0 5 3 7 2 1 
427 7 5 6 2 0 
428 0 2 7 1 3 5 6 
429 3 1 2 0 
430 7 2 5 3 4 1 
431 3 5 4 2 0 
432 4 5 7 
433 5 2 1 7 3 6 
434 2 0 1 
435 5 2 7 1 3 6 
436 1 7 6 4 
437 1 4 5 
438 0 7 4 
439 5 2 6 0 3 7 
440 2 6 5 7 
441 5 2 1 3 7 
442 5 0 
443 4 7 
444 7 2 3 1 
445 1 5 6 7 
446 7 1 5 
447 7 2 0 3 1 
448 6 1 7 5 
449 6 2 1 3 7 4 
450 3 0 2 1 
451 0 7 6 1 
452 6 7 5 2 0 
453 4 2 3 7 6 1 
454 4 5 6 7 1 
455 2 7 4 5 6 1 
456 1 5 4 7 6 
457 1 2 7 3 5 6 
458 0 2 1 3 4 
459 7 0 5 
460 0 5 3 7 2 1 
461 3 7 2 5 4 1 
462 7 4 5 
463 3 7 5 4 6 
464 4 5 2 0 
465 5 2 1 7 3 6 
466 2 1 3 7 4 
467 5 1 2 0 
468 1 3 7 4 
469 1 7 6 0 5 
470 0 4 2 7 3 1 
471 5 2 6 1 
472 2 1 3 5 0 4 7 6 
473 5 2 1 6 3 7 4 
474 5 2 0 3 1 
475 4 0 5 1 
476 7 2 1 6 3 4 
477 1 2 7 3 6 5 
478 7 2 3 4 1 5 
479 7 2 1 3 5 6 
480 6 1 2 4 5 
481 6 5 3 2 0 1 
482 3 5 2 0 1 
483 0 7 4 5 6 1 
484 6 2 3 1 
485 4 5 2 0 
486 5 1 3 7 4 
487 2 5 4 0 
488 1 7 2 3 5 4 
489 0 1 2 
490 0 4 6 7 1 
491 7 4 6 5 
492 0 2 7 1 3 5 6 
493 3 1 7 5 
494 7 2 3 4 6 
495 3 7 6 4 
496 4 0 2 1 
497 5 6 4 7 1 
498 2 1 3 6 
499 5 2 0 3 4 1 
500 1 4 2 5 
501 1 7 6 5 
502 0 2 6 3 7 
503 5 4 2 1 
504 2 0 5 
505 5 6 7 
506 5 2 0 3 4 1 
507 4 2 5 3 1 
508 7 1 2 0 
509 1 0 2 
510 7 2 4 3 6 1 
511 7 2 5 3 4 1 
512 6 1 2 4 5 
513 6 7 5 4 
514 3 2 1 
515 0 2 1 6 3 7 4 
516 6 7 2 3 4 
517 4 1 2 5 
518 5 1 2 4 
519 2 3 1 
520 1 3 7 4 
521 0 5 1 2 4 3 
522 0 6 5 7 
523 7 5 3 2 1 
524 0 4 2 5 
525 3 7 4 
526 7 2 1 3 5 0 4 6 
527 3 1 2 4 5 
528 4 2 0 1 
529 5 7 6 
530 2 1 0 
531 5 2 3 1 
532 1 6 4 2 7 3 
533 1 2 5 3 4 
534 0 7 6 4 
535 5 1 2 0 
536 2 5 3 4 1 
537 5 1 2 4 
538 5 4 7 6 
539 4 7 6 5 
540 7 2 1 3 4 
541 1 0 
542 7 4 
543 7 6 1 
544 6 2 5 3 4 1 
545 6 2 3 1 
546 3 5 4 2 0 
547 0 5 2 1 
548 6 0 5 
549 4 7 
550 5 4 7 6 
551 2 4 5 
552 1 7 6 
553 0 2 4 3 7 6 1 
554 0 4 2 5 
555 7 1 2 4 5 
556 0 2 1 
557 3 0 2 1 
558 7 4 0 6 1 
559 3 7 6 0 1 5 
560 4 7 6 1 
561 5 6 4 7 1 
562 2 5 3 7 1 
563 5 3 2 0 1 
564 1 2 4 3 7 6 
565 1 2 3 
566 0 4 6 7 1 
567 5 2 6 1 
568 2 1 3 7 4 
569 5 2 1 3 7 
570 5 2 0 3 4 1 
571 4 5 7 6 
572 7 2 1 3 5 
573 1 6 4 2 7 3 
574 7 4 2 1 5 
575 7 4 
576 6 7 0 1 5 
577 6 7 2 3 4 
578 3 6 4 2 7 1 
579 0 2 1 3 5 4 7 6 
580 6 7 0 1 5 
581 4 5 2 0 
582 5 0 2 1 
583 2 5 3 7 1 
584 1 2 0 3 
585 0 2 1 3 7 5 
586 0 7 5 4 6 
587 7 0 2 1 
588 0 5 6 4 7 1 
589 3 7 6 5 
590 7 1 5 
591 3 2 0 4 5 1 
592 4 1 3 7 
593 5 7 
594 2 4 1 5 
595 5 2 0 3 4 1 
596 1 5 
597 1 4 7 5 
598 0 2 3 4 1 5 
599 5 4 7 
600 2 1 3 7 5 
601 5 2 1 6 3 7 4 
602 5 7 4 
603 4 2 3 1 5 
604 7 4 5 6 1 
605 1 5 
606 7 2 0 3 1 
607 7 1 2 0 
608 6 2 4 3 7 1 
609 6 2 1 3 7 4 
610 3 7 2 4 6 
611 0 2 3 4 5 1 
612 6 2 1 
613 4 2 1 3 
614 5 7 6 1 
615 2 7 3 4 6 
616 1 2 0 
617 0 5 3 7 2 1 
618 0 5 4 2 
619 7 6 1 
620 0 2 6 3 7 
621 3 2 0 1 
622 7 6 4 
623 3 2 0 1 
624 4 1 2 0 
625 5 7 4 6 1 
626 2 5 3 7 1 
627 5 1 7 
628 1 4 2 7 3 0 
629 1 2 0 
630 0 2 5 3 4 1 
631 5 2 7 1 3 6 
632 2 1 3 7 5 
633 5 1 2 4 
634 5 1 2 4 
635 4 7 6 5 
636 7 2 5 3 4 1 
637 1 2 6 
638 7 2 1 3 4 
639 7 0 4 2 5 
640 6 7 4 
641 6 2 3 4 1 5 
642 3 2 4 7 6 1 
643 0 2 1 
644 6 5 4 7 1 
645 4 2 5 3 1 
646 5 4 2 7 3 0 1 
647 2 5 7 
648 1 2 6 
649 0 5 
650 0 6 5 7 
651 7 5 6 
652 0 4 6 7 1 
653 3 2 5 4 1 
654 7 4 2 3 0 1 
655 3 2 0 1 
656 4 5 6 7 1 
657 5 0 7 1 
658 2 7 5 6 0 
659 5 2 6 1 
660 1 2 6 3 7 4 
661 1 5 4 7 6 
662 0 2 6 3 7 
663 5 4 7 
664 2 7 4 
665 5 7 6 1 
666 5 7 6 2 0 
667 4 6 5 7 
668 7 4 2 3 0 1 
669 1 4 2 7 3 0 
670 7 1 0 
671 7 6 4 
672 6 5 7 
673 6 7 5 2 0 
674 3 7 5 4 6 
675 0 2 3 4 5 1 
676 6 2 1 7 3 5 
677 4 2 0 3 1 
678 5 3 7 2 1 
679 2 0 5 1 
680 1 2 3 7 5 
681 0 1 2 
682 0 2 3 1 
683 7 1 5 
684 0 2 3 1 
685 3 5 2 0 1 
686 7 1 5 
687 3 7 6 5 
688 4 2 6 0 3 7 
689 5 4 
690 2 4 5 
691 5 4 2 0 
692 1 2 7 3 6 5 
693 1 2 3 
694 0 7 6 4 
695 5 2 3 4 1 
696 2 5 4 0 
697 5 0 1 
698 5 1 2 0 
699 4 7 6 
700 7 2 1 3 6 5 
701 1 2 0 3 
702 7 4 5 6 
703 7 4 0 6 1 
704 6 2 1 3 5 0 4 7 
705 6 5 4 7 
706 3 4 7 5 
707 0 2 6 3 7 
708 6 2 1 3 
709 4 1 5 
710 5 2 3 4 1 
711 2 5 4 0 
712 1 0 7 5 
713 0 5 1 2 4 3 
714 0 4 7 5 
715 7 0 1 
716 0 6 5 7 
717 3 4 7 5 6 
718 7 5 1 2 4 3 0 
719 3 2 0 4 5 1 
720 4 2 7 1 3 5 6 
721 5 1 2 0 
722 2 1 0 
723 5 2 3 1 
724 1 0 5 
725 1 4 5 
726 0 5 4 2 
727 5 2 0 1 
728 2 4 7 5 
729 5 7 6 
730 5 2 3 4 1 
731 4 5 0 2 1 
732 7 2 1 3 4 
733 1 2 0 
734 7 0 1 5 
735 7 1 2 0 
736 6 2 5 3 4 1 
737 6 2 1 3 7 5 
738 3 2 1 4 
739 0 5 3 4 1 
740 6 4 2 7 3 0 1 
741 4 7 2 3 5 1 
742 5 0 2 1 
743 2 0 7 1 5 
744 1 5 3 2 0 
745 0 2 1 
746 0 2 1 
747 7 4 2 1 5 
748 0 5 4 7 6 
749 3 6 4 2 7 1 
750 7 1 2 0 
751 3 7 5 4 6 
752 4 2 1 7 3 6 5 
753 5 2 3 1 
754 2 5 6 7 
755 5 0 7 1 
756 1 0 
757 1 4 7 6 5 
758 0 2 3 1 
759 5 4 2 7 3 0 1 
760 2 7 3 4 6 
761 4 5 3 2 0 1 
762 4 5 0 2 1 
763 4 7 5 6 
764 7 6 4 2 3 1 
765 1 4 2 7 3 0 
766 7 2 0 3 4 5 1 
767 7 0 2 1 
768 6 2 0 3 1 
769 6 5 7 
770 3 1 2 4 5 
771 0 1 
772 6 7 0 1 5 
773 4 2 3 1 
774 4 7 5 6 1 
775 2 3 1 
776 1 4 0 6 7 
777 0 5 6 7 
778 0 2 1 3 5 4 7 6 
779 7 0 2 1 
780 0 2 1 3 4 
781 3 5 4 2 0 
782 7 6 5 
783 3 7 4 
784 4 0 2 1 
785 4 1 7 5 
786 2 5 3 4 1 
787 4 7 5 6 
788 1 7 5 
789 1 7 6 4 
790 0 4 7 5 6 
791 4 0 6 7 1 
792 2 4 7 3 0 1 
793 4 0 5 1 
794 4 5 1 2 3 0 
795 4 5 3 2 0 1 
796 7 2 6 0 3 
797 1 4 0 6 7 
798 7 1 3 4 
799 7 2 0 3 1 
800 6 2 1 3 5 0 4 7 
801 6 7 5 
802 3 2 1 
803 0 7 6 4 
804 6 7 5 4 
805 4 0 6 7 1 
806 4 2 5 3 1 
807 2 7 5 4 6 
808 1 4 2 5 
809 0 2 1 3 6 
810 0 5 3 4 1 
811 7 5 4 2 0 
812 0 2 1 3 5 4 7 6 
813 3 1 7 5 
814 7 2 3 1 
815 3 0 7 1 5 
816 4 7 5 
817 4 2 5 3 1 
818 2 1 3 6 
819 4 2 3 1 
820 1 5 3 2 0 
821 1 5 6 4 7 
822 0 7 2 3 4 6 
823 4 5 7 
824 2 3 4 1 5 
825 4 1 2 0 
826 4 2 1 3 
827 4 5 1 2 3 0 
828 7 2 3 1 
829 1 2 6 3 7 4 
830 7 0 1 
831 7 6 4 2 3 1 
832 6 1 7 5 
833 6 1 5 
834 3 2 4 1 5 
835 0 5 1 
836 6 4 7 5 
837 4 7 2 3 5 1 
838 4 0 2 1 
839 2 0 1 
840 1 7 6 
841 0 7 6 4 
842 0 2 1 
843 6 5 7 
844 1 7 4 6 5 
845 3 1 0 
846 6 2 7 1 3 5 
847 3 5 1 2 4 0 
848 4 0 1 
849 4 2 1 3 7 5 
850 2 1 7 3 6 5 
851 4 2 1 6 3 7 
852 1 2 3 4 5 
853 1 0 2 
854 1 7 6 
855 4 0 1 
856 2 4 3 7 6 1 
857 4 7 5 6 1 
858 4 2 7 3 0 1 
859 4 0 2 1 
860 6 7 4 5 1 
861 1 3 7 4 
862 6 0 5 1 
863 6 7 4 5 1 
864 6 5 4 7 1 
865 6 2 1 3 7 5 
866 3 5 4 7 6 
867 1 4 5 
868 6 5 4 7 
869 4 5 3 1 
870 4 0 2 5 
871 2 6 1 
872 1 5 6 4 7 
873 1 2 3 7 5 
874 1 5 6 7 
875 6 5 4 2 0 
876 1 4 7 6 5 
877 3 1 2 0 
878 6 0 5 
879 3 7 4 6 5 
880 4 5 3 1 
881 4 0 5 
882 2 1 0 
883 4 2 1 3 7 5 
884 1 2 7 3 6 5 
885 1 2 4 3 7 6 
886 1 7 6 0 5 
887 4 1 2 0 
888 2 0 1 
889 4 2 1 6 3 7 
890 4 5 3 2 0 1 
891 4 1 3 7 
892 6 4 2 1 5 
893 1 7 6 
894 6 2 0 3 1 
895 6 2 1 3 5 0 4 7 
896 6 1 2 0 
897 6 2 0 3 1 
898 3 2 1 
899 1 4 0 6 7 
900 6 5 4 7 
901 4 7 2 3 6 
902 4 5 2 0 
903 2 7 5 6 0 
904 1 7 6 5 
905 1 7 6 5 
906 1 2 3 6 
907 6 2 1 
908 3 4 2 7 0 1 
909 3 4 7 5 
910 6 1 2 4 5 
911 3 7 6 0 1 5 
912 4 2 5 3 1 
913 4 5 3 1 
914 2 7 1 3 5 6 
915 4 5 0 2 1 
916 2 5 7 
917 2 1 3 4 
918 3 4 5 
919 4 0 2 5 
920 2 0 1 
921 4 7 6 5 
922 4 5 0 2 1 
923 4 2 1 3 
924 6 1 2 4 5 
925 2 4 7 6 5 
926 6 0 5 1 
927 6 2 1 3 5 0 4 7 
928 6 4 7 5 
929 6 2 1 3 5 0 4 7 
930 3 5 4 2 0 
931 2 1 0 
932 6 0 1 
933 4 2 6 0 3 7 
934 4 5 2 0 
935 3 7 5 6 2 0 
936 3 2 1 6 7 4 
937 2 5 3 0 1 
938 2 7 5 6 0 
939 6 7 5 
940 3 7 2 5 4 1 
941 3 2 0 1 
942 6 1 5 
943 3 7 4 5 6 1 
944 4 2 1 5 
945 6 4 5 
946 2 4 7 6 5 
947 6 4 7 5 
948 2 1 0 
949 2 1 3 5 0 4 7 6 
950 3 2 1 6 7 4 
951 2 1 7 3 6 5 
952 2 5 3 4 1 
953 3 5 6 7 
954 3 7 4 
955 3 2 7 1 5 6 
956 2 1 5 
957 2 7 5 6 0 
958 3 7 2 5 4 1 
959 6 5 4 2 0 
960 3 7 6 0 1 5 
961 2 5 3 4 1 
962 3 0 5 
963 2 4 1 5 
964 3 2 1 
965 2 4 1 5 
966 3 2 6 1 
967 2 5 3 7 1 
968 3 5 4 1 
969 3 0 2 1 
970 2 3 1 
971 6 2 1 
972 3 6 4 2 7 1 
973 3 2 5 4 1 
974 6 7 5 
975 3 4 7 5 
976 4 2 1 7 3 6 5 
977 6 7 5 
978 2 1 3 4 
979 6 7 5 2 0 
980 2 7 6 4 
981 3 4 7 5 
982 3 1 2 0 
983 6 2 0 3 1 
984 2 7 4 
985 7 2 6 0 3 
986 6 7 4 5 
987 4 2 5 3 1 
988 6 4 7 5 
989 2 4 0 6 7 1 
990 3 2 5 4 1 
991 6 4 5 
992 2 7 5 6 0 
993 2 0 4 5 
994 3 2 1 6 
995 3 4 7 5 6 
996 2 1 4 5 
997 2 7 3 5 4 1 
998 3 5 0 2 1 
999 2 1 0 
1000 3 4 7 5 6 
1001 2 5 6 7 
1002 2 1 3 6 
1003 6 2 1 3 7 5 
1004 3 5 6 4 7 1 
1005 3 5 6 7 
1006 6 2 0 3 1 
1007 3 2 1 
1008 4 2 1 5 
1009 6 0 5 
1010 2 0 3 1 
1011 6 5 7 
1012 2 1 7 5 
1013 2 6 4 7 3 1 
1014 3 7 4 
1015 2 6 5 7 
1016 2 5 0 1 
1017 3 5 7 
1018 2 0 1 
1019 3 2 0 1 
1020 2 1 0 
1021 2 7 4 6 5 
1022 3 7 2 5 4 1 
1023 6 2 1 
