0 4 6 2 3 
1 5 1 6 0 
2 0 2 4 1 
3 2 3 5 4 
4 2 4 
5 1 3 0 2 
6 5 4 0 6 1 
7 4 2 0 6 3 7 1 5 
8 1 2 0 3 
9 2 4 1 5 0 
10 3 5 4 2 
11 5 7 1 0 
12 4 3 1 0 7 2 
13 3 2 1 0 
14 7 4 2 
15 6 1 5 7 0 
16 2 0 1 4 
17 5 2 4 
18 5 6 2 3 7 4 
19 3 0 2 1 4 6 
20 5 4 2 
21 4 1 5 6 7 0 
22 1 0 2 4 
23 1 5 4 0 
24 4 1 5 6 7 0 
25 6 4 2 
26 1 2 0 5 3 4 
27 5 2 0 3 1 4 
28 5 2 6 7 0 3 
29 4 0 6 1 
30 2 4 
31 0 6 4 7 1 
32 7 0 1 6 3 4 
33 6 1 5 7 0 
34 5 6 4 7 
35 7 3 4 0 5 1 2 
36 6 4 7 2 
37 0 1 5 6 
38 6 2 4 
39 3 6 2 5 7 4 
40 2 3 4 0 5 1 
41 5 0 2 4 
42 5 3 4 2 
43 2 4 
44 4 6 1 0 
45 7 0 4 6 1 
46 1 4 0 7 5 
47 1 0 6 3 4 
48 0 6 7 5 2 
49 4 2 
50 7 6 4 5 2 
51 4 3 0 6 1 2 
52 3 0 2 1 
53 0 1 4 
54 6 0 3 
55 4 0 1 6 
56 0 6 4 7 5 
57 6 0 3 
58 3 0 1 4 
59 6 1 2 0 3 
60 0 7 1 5 
61 5 4 6 0 
62 1 0 2 4 3 6 
63 1 3 0 7 5 6 2 
64 4 3 2 6 7 0 
65 5 7 6 4 
66 1 5 4 0 
67 2 6 3 1 0 4 5 
68 2 6 1 5 7 0 
69 1 2 0 6 3 7 5 
70 5 0 1 4 6 2 
71 4 2 6 7 0 3 5 
72 1 6 5 3 7 
73 2 4 6 7 
74 3 7 6 4 5 
75 5 2 4 0 3 
76 4 6 5 0 
77 3 6 1 5 7 0 
78 7 4 5 0 1 
79 6 4 7 5 
80 3 1 2 0 
81 5 7 1 0 
82 4 0 2 3 1 5 
83 3 2 4 0 1 
84 5 2 0 3 1 4 
85 4 0 3 6 
86 0 5 4 6 1 7 
87 1 6 7 0 4 
88 5 4 6 1 7 0 
89 6 2 0 5 3 1 4 
90 1 0 2 3 
91 5 6 4 7 2 
92 5 3 0 7 1 6 2 
93 4 6 0 2 3 7 
94 2 7 6 4 5 
95 0 4 5 1 
96 7 6 2 3 4 
97 6 4 7 2 
98 5 3 4 2 
99 7 2 6 0 3 5 
100 6 3 1 0 2 
101 1 0 4 2 3 5 
102 6 2 3 4 
103 3 6 1 0 2 
104 2 0 1 4 6 
105 6 1 5 0 
106 5 4 2 
107 2 4 6 7 
108 4 0 1 6 2 
109 7 2 0 5 3 1 4 
110 1 3 0 7 5 6 2 
111 1 3 6 0 2 
112 0 6 7 4 1 
113 4 5 6 7 1 
114 7 3 4 5 2 
115 4 0 3 6 
116 3 1 0 4 5 
117 0 6 7 5 2 
118 6 1 0 4 5 
119 7 2 0 6 3 1 5 
120 0 2 1 
121 6 5 4 2 
122 0 4 6 7 2 
123 6 0 1 4 
124 0 6 1 5 7 
125 5 0 3 6 
126 1 4 2 
127 1 0 4 
128 4 6 7 0 1 
129 5 4 0 6 1 
130 1 4 6 5 0 
131 2 4 6 5 0 
132 2 6 7 0 3 5 
133 1 6 4 7 0 5 
134 5 2 1 3 0 7 
135 4 7 6 5 
136 1 4 6 5 0 
137 2 4 
138 3 6 1 0 2 
139 5 3 0 6 1 2 4 
140 4 5 7 0 6 1 
141 0 7 1 5 
142 7 6 2 3 5 4 
143 7 6 1 5 0 
144 1 5 6 0 
145 6 4 5 0 1 
146 5 4 6 1 7 0 
147 1 6 0 2 3 7 4 
148 4 1 2 5 0 
149 4 2 0 1 
150 0 2 4 3 5 
151 1 2 4 0 
152 4 0 7 5 1 
153 6 4 0 1 
154 3 6 4 7 1 0 
155 4 6 2 3 5 7 
156 5 6 4 7 1 0 
157 4 7 6 5 
158 2 4 5 0 1 
159 0 4 7 5 1 
160 7 6 0 4 1 
161 6 2 0 3 1 
162 5 3 1 0 7 2 4 
163 7 4 5 0 1 
164 6 1 0 4 5 
165 0 3 6 1 2 4 
166 6 0 2 1 4 3 
167 3 0 6 
168 2 4 0 3 5 
169 6 4 7 0 1 5 
170 5 3 0 6 1 2 4 
171 2 4 0 6 1 
172 4 0 2 3 1 
173 7 2 1 3 0 
174 1 3 0 7 2 4 
175 1 6 0 2 3 7 4 
176 0 1 5 6 
177 4 5 2 
178 7 6 4 5 
179 6 4 7 0 1 5 
180 3 0 1 6 4 
181 0 2 5 3 1 4 
182 6 5 7 4 1 
183 4 3 1 0 7 2 
184 0 4 6 7 2 
185 6 0 2 3 1 
186 0 2 5 3 1 4 
187 6 2 7 0 3 5 
188 0 3 1 2 
189 5 1 0 4 
190 1 2 6 7 0 3 5 
191 1 4 2 
192 4 0 1 6 2 
193 5 0 1 4 6 2 
194 1 4 0 6 
195 2 6 4 7 1 0 
196 2 1 5 6 7 0 
197 1 2 0 6 3 7 5 
198 5 6 1 0 4 
199 4 6 2 3 5 7 
200 1 6 0 4 
201 2 0 1 4 6 
202 3 2 4 0 5 
203 5 0 4 6 1 
204 7 5 6 4 1 
205 0 3 7 5 1 6 2 
206 7 0 2 3 1 
207 6 3 1 0 2 
208 1 3 0 7 5 6 2 
209 5 1 2 0 3 
210 5 2 6 7 0 3 
211 1 2 0 
212 5 4 0 6 1 
213 4 7 1 0 5 
214 0 3 6 1 2 
215 1 4 0 7 5 
216 4 3 2 6 7 0 
217 7 3 6 1 0 2 
218 1 2 6 7 0 3 5 
219 5 1 6 0 
220 7 6 1 0 4 
221 5 4 2 0 
222 2 7 1 0 5 
223 0 6 4 7 1 5 
224 7 0 4 2 3 1 5 
225 6 7 5 2 
226 5 6 0 2 3 7 4 
227 7 5 0 6 1 
228 6 5 1 7 0 
229 1 0 4 6 
230 6 4 7 2 
231 3 5 4 6 1 7 0 
232 2 6 3 1 0 4 5 
233 6 3 2 4 7 0 
234 5 4 6 0 1 
235 2 3 1 0 
236 4 3 1 0 7 2 
237 7 0 2 4 
238 1 3 4 0 5 2 
239 1 5 7 0 6 
240 0 2 3 1 
241 4 2 0 3 1 
242 7 2 4 0 1 
243 4 5 0 
244 3 2 1 0 
245 0 4 6 5 
246 6 0 1 3 4 
247 4 7 6 5 2 
248 0 6 4 7 5 
249 6 5 4 2 
250 0 4 6 1 
251 7 0 1 6 3 4 
252 0 4 2 5 
253 5 7 1 0 
254 1 6 4 7 0 
255 1 6 7 0 4 
256 4 6 2 3 5 7 
257 5 4 0 1 
258 1 4 6 0 
259 2 0 4 6 1 
260 2 4 0 3 5 
261 1 5 6 0 
262 7 6 4 0 1 5 
263 4 3 5 2 
264 1 3 5 4 2 
265 2 1 0 4 5 
266 3 5 1 6 7 0 
267 5 6 4 7 1 0 
268 4 1 5 6 0 
269 0 1 6 4 
270 7 4 0 5 1 
271 6 4 7 5 
272 1 3 0 7 2 4 
273 4 6 2 3 
274 5 7 0 6 1 
275 1 4 0 7 5 
276 6 5 7 4 1 
277 7 3 0 5 1 6 2 
278 0 1 2 3 
279 1 6 0 2 3 7 4 
280 4 3 5 2 
281 6 4 1 2 5 0 
282 1 4 5 0 
283 5 1 6 7 0 
284 5 4 0 
285 4 0 1 6 3 
286 2 4 
287 0 4 5 1 
288 7 2 1 0 
289 6 7 0 4 1 
290 5 4 6 0 1 
291 7 5 0 6 1 
292 6 0 2 1 4 3 
293 0 7 6 4 5 2 
294 6 2 0 3 7 1 5 
295 3 0 2 1 
296 3 6 7 5 2 
297 6 2 4 
298 5 6 7 2 
299 2 3 1 0 
300 4 6 7 0 1 
301 7 6 1 0 4 
302 1 6 4 7 5 
303 1 0 4 5 
304 0 6 4 7 2 
305 4 7 6 5 2 
306 7 6 4 5 
307 4 2 
308 3 5 4 6 1 7 0 
309 0 7 6 4 5 
310 6 2 0 3 1 
311 4 2 1 3 0 7 
312 0 3 6 1 2 4 
313 6 0 3 
314 0 2 5 3 1 4 
315 6 7 4 5 
316 0 6 1 4 
317 5 4 2 
318 1 5 6 0 
319 1 2 3 0 7 
320 4 0 1 6 
321 4 6 7 5 
322 1 6 5 7 0 
323 2 4 
324 3 7 6 4 5 2 
325 1 3 0 6 2 4 
326 4 3 1 0 2 
327 6 3 4 0 5 1 2 
328 0 6 3 1 4 2 5 
329 3 0 1 6 4 
330 2 6 7 5 
331 5 2 4 
332 4 5 0 
333 0 3 2 4 6 7 
334 7 3 6 1 0 2 
335 6 1 2 0 3 
336 1 0 2 4 
337 5 1 6 7 0 
338 5 2 1 0 
339 1 5 4 6 7 0 
340 5 2 0 6 3 7 1 
341 4 5 0 1 
342 0 4 6 1 
343 1 4 6 7 2 
344 4 7 1 0 5 
345 6 2 4 0 3 5 
346 0 6 1 4 
347 7 6 2 3 4 
348 5 4 0 6 1 
349 4 5 0 1 
350 2 6 3 4 
351 0 5 6 7 4 1 
352 7 6 1 0 4 
353 7 4 6 2 
354 5 6 2 3 4 
355 7 4 2 5 0 
356 6 1 5 7 0 
357 0 2 1 
358 6 0 4 2 3 1 5 
359 3 4 0 5 1 2 
360 2 5 4 6 1 7 0 
361 7 1 0 4 5 
362 5 1 0 4 
363 2 3 5 4 
364 6 5 1 7 0 
365 7 4 2 
366 1 2 3 0 7 
367 1 6 5 7 0 
368 0 1 4 
369 7 0 1 4 
370 7 2 4 0 3 5 
371 4 2 6 7 0 3 5 
372 3 2 4 0 5 
373 0 2 3 1 
374 6 4 7 0 1 5 
375 4 1 2 5 0 
376 0 7 1 5 
377 4 3 5 2 
378 0 6 4 7 2 
379 4 6 7 5 
380 0 6 2 3 7 4 
381 5 7 0 6 1 
382 0 5 4 
383 1 6 5 3 7 
384 4 6 0 2 3 7 
385 5 3 0 7 1 6 2 
386 0 6 4 7 1 5 
387 2 6 7 5 
388 2 5 1 6 7 0 
389 0 2 4 
390 5 3 4 2 
391 4 1 0 5 
392 1 3 5 4 2 
393 2 7 6 4 5 
394 2 6 3 1 0 4 5 
395 7 1 2 0 3 
396 4 0 6 1 
397 0 2 3 1 
398 7 6 1 5 0 
399 7 4 1 2 5 0 
400 1 0 6 3 4 
401 4 6 7 2 
402 5 7 1 0 
403 1 0 2 4 3 6 
404 5 0 4 2 3 1 
405 4 6 7 2 
406 1 2 3 0 7 
407 1 5 6 7 0 
408 5 4 6 0 
409 6 0 4 2 3 1 5 
410 1 6 4 7 5 
411 5 4 6 0 
412 7 0 2 3 1 
413 7 2 6 0 3 5 
414 2 4 0 1 
415 0 3 1 7 2 4 
416 7 6 5 2 
417 6 0 1 4 
418 4 0 1 6 2 
419 7 6 4 0 1 5 
420 6 7 5 2 
421 0 3 6 1 2 
422 6 4 0 1 
423 3 1 5 6 0 
424 2 6 4 7 0 1 5 
425 6 3 0 7 5 1 2 
426 5 2 0 3 1 
427 2 4 6 5 0 
428 4 5 2 
429 7 1 0 5 
430 1 5 6 7 0 
431 0 7 6 4 5 2 
432 0 4 2 5 
433 4 2 
434 7 6 5 2 
435 4 5 0 
436 3 4 0 5 1 2 
437 0 5 7 6 1 
438 6 3 5 4 2 
439 4 0 1 6 2 
440 0 2 4 
441 6 0 1 3 4 
442 0 4 5 1 
443 6 1 2 0 3 
444 0 6 4 7 2 
445 5 2 1 0 
446 1 4 2 
447 1 0 4 
448 4 2 0 3 5 
449 5 0 3 6 
450 1 3 0 2 
451 2 6 7 5 
452 2 4 
453 1 4 6 0 
454 5 6 3 1 0 4 2 
455 4 5 6 1 7 0 
456 1 6 2 3 4 
457 2 4 0 3 5 
458 3 6 4 7 1 0 
459 5 3 2 4 6 7 0 
460 4 7 6 5 2 
461 0 4 6 5 
462 7 5 4 0 
463 6 3 4 0 5 1 2 
464 0 7 1 5 
465 5 4 2 0 
466 5 6 4 7 1 0 
467 1 5 6 7 0 
468 5 0 2 4 
469 4 6 0 1 
470 0 2 3 1 
471 1 6 0 2 3 7 4 
472 7 1 5 6 0 
473 6 2 3 4 
474 1 2 4 0 
475 5 0 2 1 4 3 6 
476 4 5 0 
477 4 1 2 0 3 
478 2 7 1 0 5 
479 0 1 5 6 
480 7 2 0 3 1 
481 6 3 0 7 5 1 2 
482 5 4 1 2 0 
483 7 2 4 0 1 
484 6 2 3 5 7 4 
485 0 4 1 2 5 
486 6 3 1 0 2 
487 3 7 6 4 5 
488 2 4 0 3 5 
489 6 4 0 1 
490 5 4 0 6 1 
491 2 1 5 6 7 0 
492 4 2 1 0 
493 7 6 4 5 
494 1 0 2 3 
495 1 2 0 6 3 7 5 
496 0 2 1 4 3 6 
497 4 2 1 0 
498 7 6 4 1 0 
499 4 2 
500 3 5 4 6 1 7 0 
501 0 1 2 3 
502 6 1 5 0 
503 4 2 
504 0 3 6 1 2 
505 6 3 2 4 7 0 
506 0 1 4 
507 6 5 1 7 0 
508 0 3 2 4 6 7 
509 5 0 4 2 3 1 
510 1 3 0 6 2 4 
511 1 6 3 0 4 2 5 
512 4 2 0 1 
513 7 5 0 6 1 
514 1 5 4 2 
515 2 6 3 4 
516 2 5 4 6 1 7 0 
517 1 5 4 2 
518 5 4 0 1 
519 4 6 3 1 0 2 5 
520 1 3 5 4 2 
521 2 4 0 3 5 
522 3 4 2 
523 5 6 1 3 7 
524 4 1 2 0 3 
525 0 4 2 5 
526 7 5 6 4 1 
527 6 4 1 2 5 0 
528 1 2 0 3 
529 5 6 7 4 1 
530 5 6 4 7 1 0 
531 0 1 5 6 7 
532 5 1 0 4 
533 4 1 0 5 
534 0 6 2 3 7 4 
535 1 3 0 6 2 4 
536 4 6 2 3 5 7 
537 6 1 5 3 7 
538 1 2 0 5 3 4 
539 5 4 2 0 
540 5 4 6 0 1 
541 4 6 7 2 
542 2 6 3 5 7 4 
543 0 4 6 1 
544 7 0 1 6 4 
545 6 4 7 2 
546 5 2 6 7 0 3 
547 7 3 4 5 2 
548 6 2 0 3 7 1 5 
549 0 1 6 3 4 
550 6 2 0 3 1 
551 3 5 4 0 
552 2 6 3 5 7 4 
553 6 4 5 0 
554 5 4 2 
555 2 4 0 3 5 
556 4 2 0 1 
557 7 5 0 6 1 
558 1 3 0 7 5 6 2 
559 1 5 6 7 0 
560 0 6 2 3 7 4 
561 4 2 
562 7 6 1 5 3 
563 4 6 1 5 3 7 
564 3 5 4 0 
565 0 6 2 3 5 7 4 
566 6 0 2 3 1 
567 4 0 2 1 3 6 
568 0 3 7 5 1 6 2 
569 6 3 1 0 4 2 5 
570 0 4 6 7 2 
571 6 4 7 0 1 5 
572 0 4 6 5 
573 5 2 0 6 3 7 1 
574 1 2 3 0 7 
575 1 4 2 
576 4 3 5 2 
577 5 6 3 1 0 4 2 
578 1 3 6 0 2 
579 2 6 7 0 4 1 
580 2 6 4 7 1 0 
581 1 0 4 6 2 
582 5 3 0 6 1 2 4 
583 4 2 0 1 
584 1 0 4 
585 2 4 6 5 0 
586 3 0 2 1 
587 4 5 6 7 1 
588 4 0 6 1 
589 0 6 7 4 1 
590 7 4 6 2 
591 6 1 5 7 0 
592 1 6 3 0 4 2 5 
593 5 4 1 2 0 
594 5 4 6 0 1 
595 1 4 6 7 2 
596 5 6 3 1 0 4 2 
597 4 1 0 5 
598 0 6 1 4 
599 1 3 0 6 2 4 
600 4 0 1 6 3 
601 6 0 2 4 
602 1 6 7 0 4 
603 5 4 6 0 1 
604 5 7 0 6 1 
605 4 1 2 5 0 
606 2 6 1 0 4 
607 0 3 1 7 2 4 
608 7 2 0 3 1 
609 6 2 4 
610 5 0 2 3 1 
611 7 5 0 6 1 
612 6 5 4 1 7 0 
613 0 4 2 
614 7 0 1 6 4 
615 3 6 1 5 7 
616 2 7 6 4 5 
617 6 5 7 4 1 
618 7 6 4 1 0 
619 2 3 4 6 7 0 
620 4 6 7 2 
621 7 0 4 2 3 1 5 
622 1 2 3 0 7 
623 1 7 6 4 5 
624 0 6 4 7 5 
625 4 7 6 5 2 
626 7 4 2 
627 4 3 5 2 
628 3 4 5 0 1 
629 0 4 2 5 
630 6 1 5 7 0 
631 4 5 6 7 1 
632 2 0 3 1 
633 6 5 4 1 7 0 
634 0 3 6 
635 6 2 0 3 7 1 5 
636 2 4 6 7 
637 5 0 1 4 6 2 
638 2 4 
639 1 3 4 5 2 
640 6 2 0 3 7 1 5 
641 5 7 6 4 
642 3 2 1 0 7 
643 2 0 4 
644 2 0 1 4 3 6 
645 3 6 1 0 4 2 5 
646 5 4 6 0 1 
647 4 6 2 3 5 7 
648 3 4 6 0 1 
649 2 5 4 
650 3 0 2 4 
651 5 6 0 2 3 7 4 
652 4 0 2 1 3 6 
653 0 4 2 5 
654 7 4 0 5 1 
655 6 5 4 2 
656 1 2 4 
657 5 1 6 7 0 
658 5 6 4 7 2 
659 1 7 6 4 5 
660 5 2 0 3 1 4 
661 4 3 5 2 
662 2 1 0 4 5 
663 3 1 5 6 7 0 
664 4 2 5 0 
665 6 7 4 5 
666 3 5 4 2 
667 5 1 2 0 3 
668 4 0 1 
669 4 6 1 5 3 7 
670 2 0 6 3 7 1 5 
671 3 5 4 2 
672 7 3 1 0 2 4 
673 6 1 0 4 5 
674 5 0 2 4 
675 7 4 0 5 1 
676 6 2 3 4 
677 3 6 1 0 4 
678 6 3 2 4 7 0 
679 3 2 1 0 7 
680 2 4 6 7 
681 6 7 4 5 2 
682 5 6 4 7 
683 3 1 0 2 
684 4 5 0 1 
685 7 4 0 5 1 
686 1 0 6 4 
687 2 1 5 6 0 
688 3 1 2 0 
689 4 3 5 2 
690 7 6 1 5 0 
691 4 2 5 0 
692 3 0 7 5 1 6 2 
693 1 6 2 3 5 7 4 
694 6 3 1 0 2 
695 4 3 5 2 
696 3 0 1 6 4 
697 6 4 2 
698 0 4 2 
699 6 4 2 
700 2 7 6 4 5 
701 5 2 0 3 1 4 
702 2 4 
703 1 0 4 6 
704 4 5 2 
705 5 6 4 7 1 0 
706 3 2 1 0 7 
707 2 4 0 6 1 
708 2 4 5 0 
709 3 0 1 6 4 
710 5 4 0 7 1 
711 4 1 5 6 0 
712 3 4 2 5 0 
713 2 1 3 0 7 
714 3 0 4 2 1 5 
715 5 1 6 7 0 
716 4 6 7 0 1 5 
717 0 3 7 5 1 6 2 
718 7 0 3 6 
719 6 0 1 3 4 
720 1 0 2 4 3 6 
721 5 4 1 2 0 
722 5 4 2 
723 1 6 4 7 0 5 
724 5 3 1 0 2 
725 4 0 2 3 1 
726 2 6 7 5 
727 3 0 2 1 4 6 
728 7 3 6 1 0 2 
729 6 4 5 0 
730 3 1 0 2 
731 5 0 1 4 
732 5 3 4 2 
733 4 3 0 7 5 1 6 2 
734 2 0 1 4 6 
735 3 0 2 4 
736 7 2 0 6 3 1 5 
737 6 3 0 1 2 4 
738 5 3 4 0 1 2 
739 7 5 4 2 
740 6 2 4 0 1 
741 3 4 0 7 5 1 
742 7 3 2 4 6 0 
743 3 6 1 0 4 
744 2 6 4 7 
745 5 0 4 2 3 1 
746 5 6 4 7 0 1 
747 2 3 4 0 5 1 
748 4 1 2 0 3 
749 7 3 4 0 5 1 2 
750 1 0 4 6 
751 2 4 
752 2 5 4 
753 1 5 6 7 0 
754 7 6 1 0 4 
755 4 5 6 1 7 0 
756 3 6 1 0 4 2 5 
757 0 2 6 7 3 5 
758 6 0 1 4 2 
759 4 3 5 2 
760 3 6 1 0 2 
761 7 4 2 
762 3 6 7 5 2 
763 6 2 1 0 
764 2 3 4 6 7 0 
765 5 3 4 0 1 2 
766 2 4 6 0 1 
767 1 0 4 2 3 5 
768 4 5 2 
769 5 1 2 0 3 
770 3 5 4 0 
771 2 0 6 3 7 1 5 
772 2 4 
773 3 0 6 
774 5 6 7 2 
775 4 0 1 6 3 
776 3 0 1 6 4 
777 2 0 1 4 6 
778 3 6 1 5 7 0 
779 5 3 0 6 1 2 4 
780 4 1 2 5 0 
781 3 5 1 6 7 0 
782 7 3 6 1 0 2 
783 6 5 7 0 1 
784 2 4 
785 5 6 7 4 1 
786 5 7 0 6 1 
787 3 2 1 0 
788 5 3 4 2 
789 4 3 1 0 7 2 
790 2 3 1 0 
791 3 0 6 1 2 4 
792 4 0 6 1 
793 6 2 3 4 
794 3 6 7 0 4 1 
795 5 3 4 2 
796 5 0 1 4 6 2 
797 4 3 1 0 7 2 
798 2 6 1 5 7 0 
799 3 6 1 5 7 
800 7 3 5 4 2 
801 6 0 4 2 3 1 5 
802 5 2 4 0 3 
803 7 0 1 4 
804 6 0 2 1 4 3 
805 3 6 0 2 7 4 
806 6 0 2 1 4 3 
807 3 2 0 6 7 1 5 
808 2 3 1 0 
809 6 4 2 5 0 
810 5 6 2 3 4 
811 2 3 1 0 7 4 
812 4 2 
813 7 6 4 5 2 
814 1 6 0 2 3 7 4 
815 2 5 1 6 7 0 
816 0 6 1 4 
817 4 1 2 5 0 
818 7 6 4 0 1 5 
819 4 2 
820 3 6 7 5 2 
821 0 1 4 5 
822 6 3 2 4 7 0 
823 4 6 7 0 1 
824 0 2 5 3 1 4 
825 6 0 1 3 4 
826 3 2 4 6 7 0 
827 6 0 4 1 
828 0 2 3 1 
829 5 4 0 
830 1 2 4 0 
831 1 7 6 4 5 2 
832 6 3 2 4 7 0 
833 7 0 3 6 
834 1 3 4 0 5 2 
835 2 7 6 4 5 
836 2 0 1 4 3 6 
837 1 4 2 5 0 
838 7 3 1 0 2 
839 6 0 2 3 7 4 
840 1 0 4 6 2 
841 2 4 0 1 
842 3 1 0 7 2 4 
843 7 0 4 2 3 1 5 
844 7 6 4 1 0 
845 3 6 1 0 2 
846 7 5 4 2 
847 6 2 1 0 
848 2 4 0 6 1 
849 6 0 4 1 
850 7 2 1 0 
851 3 6 1 0 4 2 5 
852 6 0 3 
853 7 6 1 5 0 
854 0 2 4 
855 1 6 4 7 2 
856 7 6 3 1 0 4 2 5 
857 3 0 1 6 4 
858 1 4 0 7 5 
859 7 6 0 2 3 4 
860 7 6 4 2 
861 7 5 1 6 0 
862 2 3 4 5 
863 0 3 6 
864 7 4 2 
865 6 5 4 0 
866 6 3 0 7 5 1 2 
867 7 6 1 5 3 
868 6 4 0 1 
869 0 1 6 4 
870 6 5 1 7 0 
871 3 6 1 0 4 2 5 
872 2 0 1 4 
873 6 3 4 0 5 1 2 
874 7 5 1 6 0 
875 2 3 4 5 
876 6 7 0 4 1 
877 7 6 1 5 0 
878 1 6 7 0 4 
879 2 6 1 0 4 
880 2 0 1 6 4 
881 7 6 2 3 5 4 
882 7 6 5 2 
883 6 5 4 2 
884 3 6 4 7 5 
885 0 4 2 3 1 5 
886 7 0 2 3 1 
887 7 0 2 4 
888 2 4 0 1 
889 6 0 1 4 
890 3 0 1 4 
891 7 0 4 6 1 
892 2 6 7 0 4 1 
893 7 1 5 6 0 
894 2 6 4 7 
895 1 0 2 4 
896 6 1 5 0 
897 7 1 0 5 
898 3 0 4 6 1 
899 2 4 
900 2 3 1 0 7 4 
901 3 6 1 5 7 0 
902 7 4 6 5 0 
903 7 3 2 4 6 0 
904 1 0 6 4 
905 2 5 6 7 4 1 
906 3 4 6 0 1 
907 7 5 6 4 1 
908 7 5 4 0 
909 3 2 1 0 7 
910 7 4 2 5 0 
911 7 0 2 4 
912 2 1 5 6 7 0 
913 6 2 0 3 1 
914 7 2 1 3 0 
915 3 6 2 4 
916 6 0 1 4 
917 7 4 2 5 0 
918 2 4 0 7 5 1 
919 3 5 4 6 1 7 0 
920 7 3 1 0 2 4 
921 7 6 4 5 
922 3 6 4 7 5 
923 7 3 1 0 2 
924 7 4 6 0 1 
925 2 3 6 1 0 
926 2 7 6 4 5 
927 2 5 6 7 4 1 
928 7 2 0 3 1 
929 2 3 5 4 
930 3 6 2 4 
931 2 4 
932 2 6 1 5 3 7 
933 3 2 4 6 7 0 
934 2 3 4 0 5 1 
935 3 6 1 5 7 
936 3 2 0 1 
937 3 1 0 7 2 4 
938 0 4 6 7 2 
939 3 6 1 5 7 
940 0 4 2 3 1 5 
941 3 6 1 5 7 
942 0 1 5 6 
943 2 6 7 0 4 1 
944 3 0 2 1 4 6 
945 1 4 5 0 
946 3 4 0 6 1 
947 1 6 4 7 2 
948 3 0 1 4 6 2 
949 0 5 4 
950 3 2 4 0 1 
951 0 7 6 4 5 
952 3 4 2 
953 0 6 4 7 1 
954 0 5 7 6 1 
955 0 4 1 2 5 
956 2 3 1 0 
957 0 4 2 3 1 5 
958 2 7 6 4 5 
959 0 2 6 7 3 5 
960 3 6 4 7 1 0 
961 3 4 0 5 1 2 
962 3 0 2 1 
963 3 0 4 6 1 
964 3 4 6 7 2 
965 3 6 1 0 4 
966 3 0 4 6 1 
967 3 4 0 7 5 1 
968 3 6 0 2 7 4 
969 3 0 1 6 4 
970 3 2 0 1 
971 7 2 0 6 3 1 5 
972 7 2 0 5 3 1 4 
973 0 3 7 5 1 6 2 
974 7 0 4 6 1 
975 7 6 1 5 3 
976 1 5 4 6 7 0 
977 6 7 4 5 
978 7 0 3 6 
979 1 3 5 4 2 
980 6 4 7 0 1 5 
981 0 2 6 7 3 5 
982 2 3 0 6 1 4 
983 3 2 4 0 5 
984 3 0 6 
985 3 2 4 0 5 
986 3 5 7 0 6 1 
987 2 1 0 4 5 
988 2 5 7 0 6 1 
989 2 6 7 0 3 5 
990 2 4 5 0 1 
991 3 0 6 1 2 4 
992 3 2 1 0 7 
993 2 0 4 
994 3 5 6 7 4 1 
995 2 4 1 5 0 
996 2 6 3 4 
997 0 2 1 
998 2 4 6 7 
999 3 2 1 0 7 
1000 3 7 1 0 5 
1001 3 0 6 1 2 4 
1002 0 2 5 3 1 4 
1003 3 6 4 7 0 1 5 
1004 0 5 1 6 7 
1005 3 2 0 5 1 4 
1006 1 2 0 5 3 4 
1007 1 4 6 0 
1008 0 2 6 7 3 5 
1009 1 2 0 3 
1010 3 6 2 5 7 4 
1011 1 4 0 7 5 
1012 3 7 1 0 5 
1013 0 3 4 5 1 2 
1014 3 6 2 5 7 4 
1015 0 4 7 5 1 
1016 0 2 1 
1017 0 6 1 5 3 7 
1018 0 1 6 4 
1019 0 4 6 5 
1020 0 1 6 4 
1021 0 6 1 5 7 
1022 0 5 4 6 1 7 
1023 0 5 6 7 4 1 
