0 0 4 5 6 7 
1 4 3 0 2 7 
2 3 2 1 4 7 
3 5 2 3 1 6 7 
4 3 2 1 6 7 
5 0 1 6 5 4 7 
6 2 3 7 
7 4 2 7 1 0 3 6 
8 6 2 1 4 7 
9 2 6 4 5 7 
10 6 4 2 3 
11 1 2 3 6 7 
12 6 4 5 7 
13 7 4 6 
14 2 3 1 6 7 
15 3 7 2 
16 0 6 7 
17 7 6 3 1 2 
18 1 2 3 6 7 
19 4 6 5 7 
20 2 1 0 6 7 
21 5 3 2 4 7 
22 2 3 5 0 4 7 
23 7 2 3 1 6 
24 1 4 5 6 7 
25 1 2 7 4 0 3 6 
26 0 1 2 3 6 7 
27 2 1 0 5 4 6 
28 5 3 2 7 
29 7 3 4 5 0 2 6 
30 2 4 3 5 6 7 
31 7 6 3 1 2 
32 4 3 2 
33 6 1 2 5 0 4 7 
34 0 3 2 7 
35 6 1 2 5 0 4 7 
36 5 4 2 6 3 
37 6 2 3 
38 5 4 2 3 6 7 
39 2 1 0 3 
40 5 4 6 7 
41 7 3 4 5 0 2 6 
42 6 4 5 7 
43 2 3 1 5 7 4 
44 3 0 4 7 2 
45 2 4 5 6 7 
46 3 2 1 7 6 
47 7 1 2 0 6 
48 5 3 2 1 0 6 
49 1 2 7 4 0 3 6 
50 3 2 1 0 4 7 
51 6 2 1 4 7 
52 3 2 0 1 7 
53 2 6 3 1 7 
54 1 6 4 5 7 
55 5 2 3 1 6 
56 6 1 2 3 7 
57 7 4 5 3 0 
58 0 1 2 6 7 
59 2 3 
60 4 2 1 7 
61 7 4 2 3 5 6 
62 2 6 1 3 7 
63 6 3 4 2 5 1 7 
64 0 4 5 6 7 
65 4 6 5 7 
66 3 1 6 0 7 
67 5 3 1 0 7 
68 3 2 1 5 6 7 
69 0 2 1 3 7 
70 2 3 1 0 7 
71 4 2 6 3 
72 6 3 1 2 7 
73 2 4 5 3 0 7 
74 6 2 3 7 
75 1 6 5 4 7 
76 6 3 1 2 7 
77 7 3 2 1 6 
78 2 3 4 0 7 
79 3 2 7 1 4 0 6 
80 0 3 7 4 5 2 6 
81 7 4 1 5 0 2 6 
82 1 4 3 0 5 7 2 
83 4 1 0 3 2 
84 2 5 4 1 7 
85 5 3 1 0 7 
86 2 1 6 5 0 4 7 
87 7 3 4 1 0 2 
88 1 5 4 2 7 
89 1 2 7 4 0 3 6 
90 0 2 1 4 7 
91 2 7 1 4 0 3 6 
92 5 1 0 4 6 2 
93 7 3 1 0 
94 2 3 1 7 6 
95 7 1 2 0 6 
96 4 1 6 5 0 7 
97 6 3 2 1 0 
98 0 6 4 5 7 
99 6 1 0 3 2 
100 5 1 6 4 0 2 7 
101 6 2 3 1 7 
102 5 3 0 4 7 2 
103 2 3 1 0 7 
104 5 3 1 2 7 4 
105 7 1 6 5 4 0 2 
106 6 2 3 1 
107 2 4 5 7 
108 3 1 2 0 6 7 
109 2 1 6 0 7 3 
110 3 1 0 2 
111 7 6 5 4 
112 5 3 0 4 7 2 
113 1 3 0 2 5 4 
114 3 5 1 6 
115 6 1 0 3 7 
116 3 1 0 2 
117 2 4 3 6 
118 1 3 4 0 2 7 
119 5 1 6 
120 6 2 7 1 4 0 3 
121 7 3 2 6 
122 1 3 4 2 5 7 
123 2 5 4 6 7 
124 4 5 3 0 7 
125 7 1 4 0 6 
126 2 1 0 4 7 3 
127 6 1 5 4 0 2 7 
128 0 2 6 3 7 
129 4 3 6 2 
130 3 4 5 6 7 
131 5 1 2 3 6 7 
132 3 1 6 0 7 
133 0 1 4 7 6 
134 2 4 5 3 6 
135 4 3 0 2 1 7 6 
136 6 3 2 7 
137 2 3 1 0 6 
138 6 5 4 1 2 7 
139 1 2 0 6 7 
140 6 1 0 3 2 
141 7 1 3 0 2 5 4 
142 2 3 6 5 4 7 
143 3 4 6 2 
144 0 3 2 7 
145 7 5 1 6 
146 1 4 5 2 3 6 
147 4 3 1 0 2 7 
148 3 6 1 2 7 
149 5 3 2 7 
150 2 3 1 5 7 4 
151 7 3 4 1 0 2 
152 1 4 5 0 2 6 7 
153 1 2 3 
154 0 1 3 7 
155 2 4 5 3 6 
156 5 3 2 6 4 7 
157 7 2 3 1 5 6 
158 2 4 5 3 6 
159 7 1 3 0 4 
160 4 5 6 7 
161 6 4 5 7 
162 0 3 2 6 7 
163 6 3 4 1 0 2 7 
164 5 1 3 0 4 7 
165 7 1 3 0 2 5 4 
166 5 2 1 4 7 
167 2 1 3 0 4 7 
168 5 3 2 1 7 6 
169 7 4 5 6 
170 6 1 5 0 4 7 
171 2 4 1 5 0 6 7 
172 3 6 4 5 7 
173 2 6 4 5 7 
174 3 4 2 5 1 7 
175 7 1 6 5 4 0 2 
176 5 2 6 3 7 
177 1 0 5 4 6 2 
178 3 4 6 7 
179 6 3 2 1 7 
180 3 4 5 2 6 
181 2 1 3 0 4 7 
182 1 3 5 0 4 7 2 
183 5 1 4 0 7 6 
184 6 1 2 5 0 4 7 
185 7 3 4 1 0 2 
186 1 5 4 2 7 
187 2 3 7 
188 4 2 3 1 6 7 
189 7 4 3 6 2 
190 2 4 5 3 6 
191 5 4 3 0 7 
192 0 3 4 2 5 1 7 
193 4 1 3 0 2 5 
194 3 1 2 6 7 
195 5 1 0 4 6 2 
196 3 1 0 7 
197 3 4 6 
198 2 6 5 4 7 
199 4 1 3 0 7 
200 6 4 2 3 5 7 
201 3 1 4 0 7 6 
202 6 3 1 0 7 
203 1 3 0 2 5 4 
204 6 4 5 7 
205 7 1 6 0 3 
206 2 1 3 0 5 4 
207 0 4 5 2 3 6 
208 0 4 1 5 2 6 7 
209 4 1 3 0 5 7 2 
210 1 2 3 5 6 7 
211 4 5 6 7 
212 3 1 2 5 7 4 
213 5 1 0 4 6 2 
214 3 2 7 1 4 0 6 
215 5 4 6 7 
216 1 6 0 7 3 
217 1 4 2 3 5 6 7 
218 0 4 6 
219 2 4 3 5 6 7 
220 5 3 7 4 0 2 6 
221 6 1 0 3 7 
222 2 1 4 0 7 6 
223 7 6 3 1 2 
224 4 5 2 3 6 
225 6 3 5 0 4 7 2 
226 0 2 3 1 5 6 7 
227 6 3 7 2 
228 5 1 3 0 2 4 
229 6 7 
230 5 3 0 4 7 2 
231 3 7 2 
232 5 1 6 0 4 7 
233 7 3 4 0 2 
234 6 1 0 7 3 
235 2 5 4 6 7 
236 3 2 6 7 
237 2 3 7 
238 3 5 4 6 7 
239 7 4 3 6 2 
240 5 4 2 3 6 
241 1 3 2 0 6 
242 3 1 4 0 7 6 
243 4 6 5 7 
244 0 4 5 6 7 
245 2 1 6 0 7 3 
246 1 3 7 4 5 0 2 6 
247 5 6 4 7 
248 6 1 0 3 2 
249 7 3 2 
250 1 2 3 5 6 7 
251 2 6 1 3 7 
252 4 1 0 3 7 
253 7 4 1 3 0 5 2 
254 2 1 5 0 4 7 
255 6 5 1 
256 0 3 2 4 5 7 
257 4 3 0 2 1 7 6 
258 3 4 6 2 
259 5 2 1 0 4 7 3 
260 3 2 0 1 7 
261 0 3 7 4 5 2 6 
262 2 3 5 0 4 7 
263 4 6 
264 6 3 1 0 7 
265 1 4 5 0 2 6 7 
266 6 4 2 3 
267 1 0 3 2 
268 6 2 3 1 
269 7 1 0 3 2 
270 2 4 3 6 
271 3 2 1 5 6 7 
272 0 2 3 1 5 6 7 
273 7 4 1 5 0 2 6 
274 1 0 3 2 
275 4 6 
276 3 2 6 7 
277 6 4 
278 2 3 4 1 0 7 
279 7 6 1 0 2 3 
280 1 4 2 6 3 
281 1 2 3 6 7 
282 0 2 3 1 6 7 
283 2 4 5 3 0 7 
284 5 3 2 1 7 6 
285 7 1 0 3 
286 0 1 2 6 7 
287 7 6 4 5 
288 4 5 2 3 6 
289 6 1 0 3 7 
290 2 4 5 3 0 7 
291 6 4 5 7 
292 5 2 3 
293 6 4 
294 5 4 6 7 
295 1 3 2 0 6 
296 5 4 1 2 7 
297 7 1 0 3 2 
298 6 2 1 3 7 
299 1 3 2 5 7 4 
300 3 5 4 6 7 
301 2 1 0 4 7 3 
302 3 2 1 7 6 
303 7 4 2 3 5 6 
304 5 4 6 7 
305 1 3 7 4 5 0 2 6 
306 0 3 4 7 2 
307 6 1 5 4 0 2 7 
308 3 0 4 7 2 
309 2 3 6 5 4 7 
310 0 3 2 4 5 7 
311 5 1 0 4 6 2 
312 7 1 2 3 6 
313 7 2 6 1 3 
314 1 2 5 0 4 7 
315 3 2 6 7 
316 4 3 0 7 2 
317 7 3 5 0 4 2 
318 1 2 0 3 7 
319 6 5 4 7 
320 0 1 2 5 4 7 
321 4 2 1 0 7 3 
322 1 3 2 4 5 7 
323 5 3 7 2 
324 3 2 6 7 
325 0 1 3 4 7 
326 1 0 3 2 
327 4 3 2 1 0 6 
328 6 4 5 7 
329 2 3 0 1 7 6 
330 6 1 0 2 3 7 
331 0 2 7 1 4 3 6 
332 7 3 2 
333 7 6 3 1 2 
334 2 6 4 5 7 
335 3 2 7 1 4 0 6 
336 0 3 2 6 5 4 7 
337 7 2 6 3 
338 0 2 3 
339 4 3 5 0 7 2 
340 3 4 1 5 0 2 6 7 
341 4 5 7 
342 0 5 4 6 7 
343 7 4 6 
344 1 4 3 0 5 7 2 
345 1 0 3 2 
346 1 4 5 2 3 6 
347 2 6 5 4 7 
348 5 3 2 6 4 7 
349 7 3 4 0 2 
350 2 4 3 5 6 7 
351 7 2 6 1 3 
352 4 5 1 6 
353 7 3 1 0 
354 0 6 7 
355 6 4 2 3 
356 5 1 0 3 2 
357 6 3 2 5 4 7 
358 5 2 1 4 7 
359 2 3 7 
360 5 1 6 
361 7 2 6 3 
362 6 1 0 2 3 7 
363 2 4 5 3 0 7 
364 3 1 2 0 6 7 
365 0 1 3 2 
366 3 2 6 1 7 
367 7 2 1 4 
368 5 4 1 3 0 7 2 
369 1 6 5 4 7 
370 3 2 1 6 7 
371 6 2 3 7 
372 3 2 
373 2 3 
374 1 2 3 6 
375 5 3 7 4 0 2 6 
376 6 2 7 3 
377 7 1 0 3 2 
378 1 3 2 
379 2 4 5 6 7 
380 4 3 2 7 
381 7 1 2 3 6 
382 2 3 1 5 7 4 
383 6 2 3 1 7 
384 0 5 4 6 7 
385 4 6 3 1 2 7 
386 3 6 1 0 2 7 
387 5 4 1 0 2 6 7 
388 3 4 6 2 
389 0 4 2 6 3 
390 3 4 1 0 5 7 2 
391 4 1 6 5 0 7 
392 6 4 1 3 0 5 7 2 
393 2 6 5 4 7 
394 7 2 6 3 
395 1 0 3 2 
396 6 3 0 2 1 7 
397 5 3 2 
398 2 3 1 6 7 
399 3 1 0 7 
400 0 5 4 6 7 
401 7 2 1 4 0 3 6 
402 1 2 6 7 3 
403 4 1 2 3 6 7 
404 0 2 3 1 6 7 
405 6 1 5 4 0 2 7 
406 2 4 5 6 7 
407 7 1 2 5 0 4 
408 0 1 6 5 4 7 
409 1 3 2 7 6 
410 0 1 3 2 
411 2 3 4 5 7 
412 5 2 6 7 3 
413 7 3 2 
414 2 5 4 6 7 
415 7 2 6 3 
416 4 3 7 2 
417 6 3 2 4 5 7 
418 2 1 0 3 
419 6 3 2 5 4 7 
420 5 1 3 0 2 4 
421 6 1 0 3 2 
422 5 4 6 7 
423 3 0 2 1 7 6 
424 5 3 2 1 6 7 
425 5 3 0 4 7 2 
426 6 1 0 3 2 
427 1 2 3 5 6 7 
428 3 2 7 
429 2 4 5 6 7 
430 3 5 4 6 7 
431 7 1 0 3 2 
432 5 1 2 3 6 7 
433 0 3 2 6 7 
434 3 6 1 0 2 7 
435 6 4 1 3 0 5 7 2 
436 1 6 0 2 3 7 
437 3 1 0 2 
438 1 3 0 7 
439 5 2 3 
440 6 3 1 2 5 7 4 
441 7 3 4 0 2 
442 1 4 2 6 3 
443 3 6 7 
444 4 1 0 3 2 
445 7 3 4 1 0 2 
446 3 5 4 1 2 7 
447 5 1 2 0 4 7 
448 0 3 2 
449 4 2 6 1 3 7 
450 3 1 0 4 7 
451 5 3 2 
452 3 6 7 
453 0 4 5 7 
454 2 4 5 6 7 
455 4 5 7 
456 6 3 2 1 0 
457 2 4 5 6 7 
458 6 1 3 0 2 5 4 
459 1 5 4 6 7 
460 6 5 4 1 2 7 
461 7 1 6 5 0 4 
462 2 1 4 7 
463 3 6 4 5 7 
464 0 3 4 1 2 7 
465 7 4 2 3 5 6 
466 1 3 2 
467 4 2 3 1 6 
468 3 6 7 
469 5 4 6 7 
470 2 6 7 
471 7 2 6 3 
472 1 3 2 6 7 
473 1 5 6 
474 0 1 3 2 
475 2 3 1 6 7 
476 5 1 6 0 7 3 
477 7 4 2 3 5 6 
478 3 6 7 
479 6 5 4 7 
480 4 1 6 5 0 2 7 
481 6 1 2 3 7 
482 0 3 4 2 7 
483 6 3 2 5 4 7 
484 5 2 6 3 7 
485 7 6 3 1 2 
486 5 3 2 6 4 7 
487 2 5 4 6 7 
488 5 4 6 7 
489 7 3 1 2 5 4 
490 6 3 2 
491 3 2 1 0 4 7 
492 3 2 
493 2 1 4 0 7 6 
494 3 4 2 5 1 7 
495 7 4 6 
496 5 4 1 0 2 6 7 
497 1 3 4 0 2 7 
498 3 2 4 5 7 
499 7 2 0 1 3 
500 3 4 1 5 0 2 6 7 
501 2 4 6 
502 1 6 3 2 7 
503 5 1 6 
504 6 2 0 1 3 7 
505 7 3 2 1 6 
506 1 0 3 2 
507 2 6 3 1 7 
508 4 6 5 7 
509 7 5 1 6 
510 2 1 3 0 5 4 
511 6 7 
512 0 3 2 6 7 
513 4 3 2 6 7 
514 3 1 6 0 7 
515 5 4 2 6 3 
516 0 5 1 6 
517 0 4 5 6 7 
518 2 1 0 3 
519 4 1 0 5 6 2 
520 6 3 2 
521 2 3 1 6 7 
522 6 4 1 3 0 5 7 2 
523 1 6 5 4 0 2 7 
524 6 3 2 7 
525 7 3 0 4 2 
526 2 3 0 4 7 
527 3 2 4 5 7 
528 0 4 3 6 2 
529 7 1 6 5 0 4 
530 1 0 3 2 
531 4 1 2 0 6 7 
532 3 2 6 7 
533 5 3 1 2 7 4 
534 2 3 5 0 4 7 
535 7 3 4 1 0 2 
536 1 4 5 6 7 
537 1 0 3 7 
538 0 4 3 6 2 
539 2 3 5 0 4 7 
540 4 1 6 5 0 7 
541 7 3 1 2 5 4 
542 2 4 6 3 
543 7 6 
544 4 3 1 2 5 7 
545 6 3 2 7 
546 0 4 2 6 3 
547 7 3 2 4 5 
548 5 1 6 0 4 7 
549 6 3 2 7 
550 5 4 2 3 6 7 
551 2 3 0 1 7 6 
552 5 1 4 0 7 6 
553 7 6 4 5 
554 6 7 
555 2 3 4 5 7 
556 3 4 5 7 
557 2 3 7 
558 3 2 4 5 7 
559 7 2 1 4 
560 5 4 6 7 
561 1 2 3 6 7 
562 3 2 
563 6 3 2 1 0 
564 3 4 2 5 6 7 
565 2 5 4 1 7 
566 1 4 0 7 6 
567 5 3 4 0 2 7 
568 6 2 0 1 3 7 
569 7 3 2 
570 1 3 4 0 2 7 
571 2 1 0 3 
572 4 2 7 1 0 3 6 
573 7 6 5 4 
574 2 6 7 
575 6 1 0 2 3 7 
576 0 2 6 1 3 7 
577 4 1 6 5 0 7 
578 3 4 5 2 6 
579 4 5 6 7 
580 3 2 
581 0 2 3 1 6 
582 2 3 1 7 6 
583 4 6 7 
584 6 1 0 5 4 2 
585 2 4 1 5 0 6 7 
586 6 4 
587 1 3 0 4 7 2 
588 6 1 2 5 0 4 7 
589 7 4 6 
590 2 3 1 0 6 
591 3 1 2 6 7 
592 0 3 1 7 
593 7 3 5 0 4 2 
594 1 0 3 2 
595 4 3 0 2 7 
596 3 2 1 6 
597 5 4 1 3 0 7 2 
598 2 1 4 7 
599 7 2 6 1 3 
600 1 4 5 6 7 
601 1 3 0 7 
602 0 1 3 2 
603 3 2 1 6 7 
604 5 2 0 1 3 7 
605 7 5 4 6 
606 2 3 7 
607 7 4 1 5 0 2 6 
608 4 6 7 
609 6 2 3 
610 0 1 3 4 7 
611 6 4 5 7 
612 5 4 6 7 
613 6 5 4 1 2 7 
614 5 2 3 1 6 7 
615 2 6 7 3 
616 4 1 2 5 0 7 
617 7 6 3 1 2 
618 5 4 7 
619 2 1 0 5 4 6 
620 3 0 2 1 7 6 
621 3 4 0 2 7 
622 3 7 4 5 0 2 6 
623 7 3 1 2 5 4 
624 5 4 6 7 
625 1 3 0 4 7 
626 2 4 3 6 
627 6 4 1 5 0 2 7 
628 3 4 0 2 7 
629 2 4 5 7 
630 1 3 2 6 7 
631 5 1 0 3 2 
632 6 4 5 7 
633 7 4 2 6 3 
634 1 2 3 6 7 
635 2 4 5 6 7 
636 4 6 5 7 
637 7 3 2 1 6 
638 2 4 6 
639 7 3 5 0 4 2 
640 0 3 4 1 2 7 
641 4 3 2 5 1 7 
642 3 2 6 7 
643 5 3 2 1 6 7 
644 3 5 4 6 7 
645 0 6 4 5 7 
646 2 4 5 6 7 
647 4 2 0 1 3 7 
648 6 4 5 2 3 
649 2 1 6 0 7 3 
650 4 2 6 7 3 
651 1 3 2 4 5 7 
652 6 1 2 0 7 
653 7 1 0 3 2 
654 2 1 0 3 
655 3 5 4 6 7 
656 0 3 2 1 6 
657 7 1 6 5 4 0 2 
658 1 6 0 7 3 
659 4 6 1 0 2 3 7 
660 3 2 1 6 7 
661 5 4 6 
662 3 1 0 7 
663 7 1 6 5 4 0 2 
664 1 0 3 2 
665 1 3 2 6 5 4 7 
666 0 1 3 7 
667 2 4 6 7 
668 5 3 0 4 7 2 
669 6 5 1 
670 2 6 5 4 7 
671 6 2 1 3 7 
672 4 1 6 0 7 3 
673 4 3 2 1 7 6 
674 0 3 2 6 7 
675 6 3 4 1 0 2 7 
676 5 3 7 4 0 2 6 
677 6 3 1 2 7 
678 5 3 4 2 1 7 
679 2 1 0 5 4 6 
680 5 2 0 1 3 7 
681 7 2 6 3 
682 7 3 2 
683 3 1 0 4 7 
684 3 2 6 7 
685 2 3 5 0 4 7 
686 1 3 0 2 7 6 
687 4 2 6 7 3 
688 5 4 6 7 
689 1 3 2 7 6 
690 2 1 5 0 4 7 
691 6 5 4 1 2 7 
692 3 2 7 1 4 0 6 
693 2 6 7 
694 1 4 0 7 6 
695 5 6 1 0 2 3 7 
696 6 3 2 1 0 
697 7 3 1 0 
698 1 3 0 2 5 4 
699 2 5 4 6 7 
700 4 5 6 7 
701 4 2 1 7 
702 2 3 0 4 7 
703 6 2 3 7 
704 0 4 5 6 7 
705 4 3 0 2 7 
706 3 1 0 7 
707 5 4 6 7 
708 3 4 2 6 
709 0 4 6 
710 2 3 6 7 
711 4 3 2 1 7 6 
712 6 2 0 1 3 7 
713 2 1 0 3 
714 6 1 5 0 4 7 
715 1 4 6 
716 6 3 2 7 
717 7 3 2 6 
718 2 3 7 4 5 0 6 
719 3 2 6 1 7 
720 0 3 4 1 2 7 
721 7 2 6 3 
722 1 3 2 0 6 
723 4 1 0 3 2 
724 3 1 0 2 
725 5 4 7 
726 2 4 6 3 
727 7 3 1 2 5 4 
728 1 6 5 4 0 2 7 
729 1 3 2 4 5 7 
730 0 2 3 1 6 
731 2 4 1 3 0 5 7 
732 5 1 0 4 6 2 
733 7 3 4 0 2 
734 2 0 1 3 7 
735 7 2 6 3 
736 4 5 1 2 7 
737 6 1 2 0 7 
738 0 6 1 2 3 7 
739 6 3 2 5 4 7 
740 5 3 2 1 6 7 
741 6 3 2 7 
742 5 6 1 0 2 3 7 
743 2 3 1 5 7 4 
744 5 3 7 4 0 2 6 
745 7 1 3 0 4 
746 6 3 0 2 1 7 
747 2 1 5 0 4 7 
748 3 0 2 1 7 6 
749 2 3 1 5 7 4 
750 3 0 2 1 7 6 
751 7 3 2 6 5 4 
752 5 1 3 0 4 7 
753 1 3 0 4 7 
754 3 1 6 0 7 
755 6 5 1 
756 3 1 0 7 
757 2 1 0 6 7 
758 1 3 0 4 7 2 
759 5 2 6 1 3 7 
760 6 2 1 3 7 
761 7 4 5 3 0 
762 1 3 2 0 6 
763 2 3 0 1 7 6 
764 4 2 6 3 7 
765 7 3 2 
766 2 1 0 5 4 6 
767 6 1 5 4 0 2 7 
768 0 4 5 3 7 
769 4 2 0 1 3 7 
770 3 2 1 6 
771 5 6 4 7 
772 3 2 1 5 6 7 
773 0 3 1 7 
774 2 1 0 4 7 3 
775 4 3 2 6 5 7 
776 6 4 7 
777 3 4 2 6 
778 6 4 5 7 
779 1 5 4 2 7 
780 6 2 7 1 4 0 3 
781 7 6 4 5 
782 2 5 4 6 7 
783 3 2 
784 0 6 1 2 3 7 
785 7 5 4 6 
786 1 2 3 6 7 
787 4 1 3 0 2 5 
788 3 6 1 0 2 7 
789 5 3 2 1 0 6 
790 3 4 0 2 7 
791 7 3 4 2 5 1 
792 1 0 3 7 
793 1 2 3 6 
794 0 6 5 4 7 
795 3 2 
796 5 3 2 4 7 
797 7 1 6 0 3 
798 3 2 
799 7 3 5 0 4 2 
800 4 3 6 2 
801 6 3 7 4 5 0 2 
802 0 3 7 2 
803 6 3 2 7 
804 5 2 0 1 3 7 
805 6 3 2 1 7 
806 5 4 2 3 6 
807 3 4 1 5 0 2 6 7 
808 5 4 3 0 7 
809 7 5 4 6 
810 6 4 
811 3 4 2 5 6 7 
812 3 5 4 6 7 
813 3 1 2 6 7 
814 3 6 5 4 7 
815 7 3 2 1 6 
816 5 4 7 
817 1 3 2 6 5 4 7 
818 3 5 1 6 
819 6 1 2 0 7 
820 3 7 2 
821 3 4 6 2 
822 1 5 4 6 7 
823 5 3 7 2 
824 6 4 5 7 
825 4 2 3 5 6 7 
826 1 3 2 7 
827 3 2 1 6 7 
828 4 3 6 2 
829 7 4 6 
830 3 2 1 5 6 7 
831 6 2 1 0 4 7 3 
832 0 4 1 5 2 6 7 
833 4 2 1 7 
834 3 4 2 6 
835 5 1 2 0 6 7 
836 3 5 0 4 7 2 
837 0 3 1 2 5 7 4 
838 3 4 2 5 6 7 
839 4 5 7 
840 6 1 4 0 7 
841 3 2 7 1 4 0 6 
842 6 4 
843 1 2 4 7 
844 6 1 4 0 7 
845 7 3 4 2 5 1 
846 1 4 5 2 3 6 
847 0 5 1 6 
848 0 2 1 4 7 3 
849 7 1 4 0 6 
850 1 2 3 
851 4 1 3 0 7 
852 0 3 7 2 
853 5 2 3 1 6 
854 0 3 2 
855 7 1 3 0 4 
856 1 2 3 5 6 7 
857 1 2 3 6 7 
858 0 1 6 5 4 7 
859 1 6 5 4 0 2 7 
860 5 4 6 7 
861 7 1 0 3 2 
862 0 1 3 2 
863 7 3 4 2 5 1 
864 4 3 0 7 2 
865 6 4 5 3 0 7 
866 0 4 1 3 5 7 2 
867 6 2 3 7 
868 5 3 0 2 1 7 6 
869 6 3 0 4 7 2 
870 5 2 1 4 7 
871 1 2 3 6 7 
872 5 3 2 1 0 6 
873 7 2 1 0 4 3 
874 6 1 0 5 4 2 
875 1 3 2 6 7 
876 0 3 4 1 2 7 
877 1 3 0 4 7 2 
878 1 3 4 2 5 7 
879 7 1 0 3 
880 5 6 4 7 
881 1 2 3 6 
882 0 2 1 4 7 3 
883 6 3 2 5 4 7 
884 1 2 0 6 7 
885 1 2 0 3 7 
886 1 3 0 4 7 
887 5 1 0 3 2 
888 7 3 2 
889 7 4 6 
890 1 3 0 2 5 4 
891 0 2 3 1 5 6 7 
892 4 2 6 3 7 
893 7 3 4 2 5 1 
894 1 2 6 3 7 
895 5 3 2 6 7 
896 0 3 4 2 5 1 7 
897 0 3 4 2 7 
898 4 2 3 
899 0 3 4 2 5 1 7 
900 4 1 6 5 0 2 7 
901 0 1 3 2 
902 5 2 1 0 4 7 3 
903 4 2 0 1 3 7 
904 4 3 0 7 2 
905 4 5 6 7 
906 1 3 7 4 5 0 2 6 
907 1 2 3 5 6 7 
908 0 2 3 
909 0 2 1 4 7 3 
910 0 3 4 2 5 1 7 
911 4 5 1 2 7 
912 4 3 2 5 7 
913 0 4 2 3 5 6 7 
914 5 3 7 4 0 2 6 
915 0 1 3 2 
916 0 3 2 7 
917 5 3 2 1 0 6 
918 5 4 3 0 7 
919 0 3 2 1 7 6 
920 1 3 0 2 7 6 
921 0 1 3 2 5 4 
922 0 5 4 6 7 
923 1 3 2 7 6 
924 0 1 2 5 4 7 
925 0 1 5 4 6 2 
926 4 1 0 3 2 
927 3 0 2 1 7 6 
928 4 1 6 5 0 7 
929 3 2 1 6 
930 4 1 3 0 2 5 
931 4 1 3 0 2 5 
932 0 2 3 1 6 
933 4 3 2 1 7 6 
934 5 2 6 1 3 7 
935 4 5 7 
936 5 1 6 
937 3 2 1 6 
938 1 6 3 2 7 
939 1 2 3 6 7 
940 1 6 0 2 3 7 
941 1 2 3 6 7 
942 7 6 3 1 2 
943 4 6 7 
944 4 3 2 5 1 7 
945 1 5 4 2 7 
946 0 3 7 4 5 2 6 
947 0 3 2 1 7 6 
948 4 3 6 2 
949 4 1 0 7 6 
950 4 1 0 3 7 
951 4 3 2 7 
952 4 1 0 7 6 
953 5 6 4 7 
954 4 3 2 1 6 7 
955 4 2 6 1 3 7 
956 0 1 6 5 4 7 
957 0 4 5 3 7 
958 4 2 1 0 7 3 
959 0 4 1 3 5 7 2 
960 0 1 4 7 6 
961 4 2 3 1 6 
962 1 4 6 7 
963 5 6 1 0 2 3 7 
964 0 1 2 6 7 
965 5 2 6 7 3 
966 1 3 5 0 4 7 2 
967 4 2 3 
968 4 1 0 3 2 
969 4 1 2 5 0 7 
970 4 1 0 3 7 
971 4 6 
972 4 2 6 7 3 
973 0 1 3 2 
974 1 2 3 5 6 7 
975 4 5 1 2 7 
976 4 3 2 1 7 6 
977 0 1 3 2 
978 5 6 7 
979 0 4 3 6 2 
980 0 4 5 3 7 
981 0 4 1 3 5 7 2 
982 5 2 1 4 7 
983 0 3 2 6 5 4 7 
984 1 2 0 4 7 3 
985 1 2 3 5 6 7 
986 0 1 5 4 6 2 
987 1 2 5 0 4 7 
988 0 1 6 7 3 
989 0 1 6 7 3 
990 4 6 1 0 2 3 7 
991 3 2 6 7 
992 4 1 5 0 2 6 7 
993 3 1 0 5 4 6 2 
994 4 6 7 
995 4 1 6 5 0 2 7 
996 0 3 4 2 7 
997 5 3 2 1 7 6 
998 4 6 
999 4 3 2 5 7 
1000 4 5 1 6 
1001 3 2 
1002 1 0 3 2 
1003 1 6 5 4 7 
1004 0 1 6 5 4 2 7 
1005 0 4 5 7 
1006 7 3 4 1 0 2 
1007 4 2 7 1 0 3 6 
1008 5 4 6 7 
1009 0 4 1 3 5 7 2 
1010 0 5 4 1 2 7 
1011 0 3 2 7 
1012 4 6 7 
1013 4 5 2 3 6 
1014 4 1 0 3 7 
1015 5 4 6 7 
1016 4 1 3 0 5 7 2 
1017 5 4 3 0 7 
1018 4 2 1 0 7 3 
1019 4 2 6 3 7 
1020 0 4 5 3 7 
1021 0 4 5 7 
1022 4 1 2 5 0 7 
1023 0 3 1 7 
