0 1 5 0 
1 5 7 6 3 2 
2 5 4 3 
3 5 4 3 
4 5 4 0 2 
5 3 5 4 7 6 1 
6 2 5 4 7 6 1 
7 2 5 7 3 
8 4 0 
9 0 1 
10 5 7 6 3 1 
11 0 5 7 4 6 2 3 
12 2 5 4 7 0 3 
13 0 5 
14 3 1 0 
15 0 1 
16 4 2 3 
17 6 1 0 
18 0 5 4 7 6 
19 1 5 0 
20 3 1 0 
21 1 2 3 
22 5 3 2 
23 4 1 2 0 
24 3 5 7 0 
25 7 5 0 
26 7 3 
27 5 4 3 
28 3 1 0 
29 5 3 2 
30 5 3 2 
31 7 3 1 0 
32 3 2 
33 0 1 
34 2 3 
35 3 5 4 7 1 
36 7 5 6 3 1 
37 7 2 3 
38 0 5 7 4 6 3 
39 6 5 4 3 
40 2 7 5 6 3 1 
41 6 7 3 2 
42 5 4 7 1 
43 7 5 0 
44 1 7 5 6 0 
45 7 5 4 3 
46 1 2 3 
47 6 5 4 0 3 
48 1 2 3 
49 7 5 0 
50 0 3 2 
51 1 0 
52 2 5 7 4 6 3 0 
53 3 0 
54 3 2 
55 5 7 6 3 1 
56 5 4 7 6 0 
57 4 0 
58 1 3 0 
59 2 5 7 3 
60 5 4 0 2 
61 4 3 
62 6 7 5 0 
63 5 1 0 
64 1 7 5 6 0 
65 5 4 0 3 
66 5 4 0 2 
67 5 3 2 
68 5 3 2 
69 3 2 
70 2 5 4 7 3 0 
71 2 3 
72 4 5 3 
73 0 5 4 3 
74 4 5 3 
75 0 3 1 
76 2 1 0 
77 0 5 7 
78 3 1 0 
79 0 5 4 3 
80 4 1 0 
81 6 7 5 0 
82 0 5 4 3 
83 0 3 
84 3 1 0 
85 1 3 
86 5 7 3 
87 5 0 
88 3 5 7 4 6 0 
89 7 3 1 0 
90 7 1 2 0 
91 5 2 3 
92 3 5 4 7 0 
93 4 3 2 
94 5 0 
95 7 0 
96 3 1 0 
98 2 3 
99 3 0 
100 7 5 4 3 
101 7 5 4 0 2 
102 0 3 
103 6 1 3 0 
104 2 1 0 
105 7 0 
106 5 0 
107 7 1 0 
108 1 7 5 6 0 
109 7 5 4 3 
110 0 5 
111 6 3 
112 1 2 3 
113 6 0 
114 0 1 
115 1 3 0 
116 2 1 0 
117 3 5 7 
119 5 1 2 0 
120 7 5 0 
121 4 5 3 
122 1 5 7 0 
123 2 3 
124 4 3 1 0 
125 5 7 4 6 2 3 
126 6 7 5 0 
127 5 7 0 
128 1 5 4 3 
129 5 1 3 0 
130 5 3 
131 7 1 0 
132 5 7 6 3 1 
133 3 7 5 6 1 
134 3 2 
135 2 5 7 0 
136 4 7 6 3 2 
138 5 4 7 3 0 
139 0 1 
140 2 3 1 0 
141 0 3 
142 3 5 4 
143 0 3 
144 4 3 
145 6 1 0 
146 0 5 4 3 
147 0 7 5 6 3 1 
148 3 7 6 2 
149 2 5 4 7 1 
150 4 5 7 6 0 
151 5 0 
152 3 2 
153 7 0 
154 7 5 3 
155 5 3 
156 3 7 5 6 0 
157 5 4 7 6 0 
158 5 7 6 3 1 
159 7 2 3 
160 3 5 4 7 1 
161 0 5 7 4 6 3 
162 2 5 7 0 
164 7 5 4 0 2 
165 7 5 4 6 2 3 
167 6 5 7 4 2 3 
168 2 5 7 4 6 3 
169 7 0 
170 5 7 3 
171 7 5 4 0 2 
172 1 3 2 
173 7 5 4 3 0 
174 1 5 4 7 6 0 
175 6 5 4 7 0 3 
176 1 5 4 7 3 0 
177 6 0 
178 2 3 
179 0 3 
180 2 5 0 
181 3 1 2 0 
182 3 5 4 7 1 
183 5 4 7 0 3 
184 4 7 5 6 3 1 
185 4 5 3 
186 1 0 
187 2 1 0 
188 5 4 3 
189 5 1 2 0 
190 6 2 3 
191 5 4 0 2 
192 1 5 4 3 
193 5 3 
194 5 4 7 6 1 
195 5 4 7 6 0 
196 4 5 7 6 1 
197 3 5 4 7 0 
198 2 5 4 3 
199 2 3 
200 4 5 7 6 2 3 
201 0 5 7 4 6 2 3 
202 5 7 3 
203 0 5 4 7 6 1 
204 2 5 4 3 
205 2 7 5 6 0 
206 3 5 4 
207 0 7 5 6 
208 4 1 0 
209 6 5 4 7 1 
210 0 1 
211 0 5 4 2 
212 3 2 
213 1 2 0 
214 5 1 3 0 
215 5 1 2 0 
216 3 5 4 7 6 0 
217 7 5 0 
218 7 5 4 6 1 
219 5 7 3 
220 3 5 4 
221 5 4 7 0 3 
222 7 5 6 3 1 
223 7 5 4 6 0 
224 3 5 7 
225 0 3 
226 2 7 6 3 
227 3 7 5 6 0 
228 7 5 3 
229 7 0 
230 1 5 7 0 
231 6 5 4 3 
232 2 0 
233 7 1 0 
234 5 3 2 
235 6 3 1 0 
236 1 5 7 3 
237 7 0 
238 1 5 0 
239 7 5 4 0 2 
240 1 5 7 4 6 3 0 
241 6 2 3 
242 0 1 
243 1 5 4 0 2 
244 0 2 3 
245 3 2 
246 3 5 4 7 0 
247 5 2 3 
248 5 4 3 
249 4 0 
250 1 2 3 
251 2 5 4 7 6 0 
252 5 3 
253 6 1 0 
254 6 5 4 7 0 3 
255 5 7 3 
256 1 0 
257 5 4 0 3 
258 5 4 3 
259 5 7 3 
260 5 4 7 6 1 
261 3 7 5 6 0 
262 2 1 0 
263 2 5 0 
264 6 5 4 3 
265 0 3 
266 5 1 0 
267 0 7 5 6 
268 2 3 
269 0 5 4 3 
270 3 7 5 6 1 
271 0 5 7 4 6 3 
272 4 3 2 
273 6 2 3 
274 0 1 
275 0 3 2 
277 1 0 
278 4 1 3 0 
279 5 3 
280 3 7 6 2 
281 7 3 
282 7 3 2 
283 5 4 7 3 0 
284 3 2 
285 6 0 
286 5 4 0 3 
287 7 1 0 
288 2 0 
289 0 5 4 7 3 
290 2 3 
291 3 5 4 
292 7 3 
293 7 5 4 6 2 3 
294 0 2 3 
295 7 5 6 3 1 
296 1 7 6 3 2 
297 7 5 4 0 2 
298 5 4 7 6 1 
299 7 3 1 0 
300 0 5 7 4 6 2 3 
301 7 6 3 2 
302 1 7 6 3 2 
303 6 5 7 4 3 0 
304 1 5 4 7 
305 6 7 3 2 
306 0 3 
307 1 5 4 7 
308 2 7 6 3 
309 3 2 
310 3 5 7 4 6 0 
311 5 7 6 3 2 
312 2 3 
313 4 7 5 6 3 1 
314 1 3 
315 2 1 3 0 
316 5 4 7 1 
317 5 0 
318 6 5 7 4 3 0 
319 5 4 7 0 3 
320 0 5 
321 4 5 7 6 2 3 
322 6 5 4 7 3 0 
323 4 3 
324 5 4 0 3 
325 3 5 0 
326 1 2 0 
327 3 7 5 6 0 
328 4 7 6 3 2 
329 0 5 7 
330 5 0 
331 0 3 1 
332 2 5 4 0 3 
333 0 5 
334 3 5 4 7 6 0 
335 0 5 7 4 6 3 
336 6 2 3 
337 7 1 0 
338 1 5 7 4 6 2 3 
339 0 5 4 7 6 1 
340 3 5 4 
341 1 5 7 3 
342 5 4 7 3 0 
343 5 7 6 3 2 
344 3 5 7 4 6 2 
345 4 5 0 2 
346 7 2 3 
347 5 4 0 2 
348 3 5 4 7 6 1 
349 5 7 6 3 2 
350 5 3 2 
351 7 5 4 6 1 
352 3 0 
354 6 3 2 
355 3 7 5 6 0 
356 7 5 4 6 0 
357 7 3 1 0 
358 0 5 4 7 3 
359 5 2 3 
360 2 0 
361 7 5 4 3 0 
362 6 3 1 0 
363 7 5 6 0 
364 1 5 0 
365 7 0 
366 1 3 0 
367 6 3 2 
368 6 5 4 7 1 
369 0 1 3 
370 0 5 7 
371 1 5 4 0 2 
372 2 5 7 0 
373 1 5 4 7 6 0 
374 7 2 3 
375 5 3 
376 5 2 3 
377 4 1 0 
378 1 2 3 
379 2 5 7 4 6 3 0 
380 5 3 2 
381 5 7 4 6 3 0 
382 6 7 5 3 1 
383 4 5 7 1 
384 1 5 7 0 
385 5 3 
386 4 5 3 
387 5 1 0 
388 5 3 
389 2 5 4 3 
390 2 5 4 3 
391 2 5 7 4 6 3 
392 4 3 1 0 
393 0 1 2 
394 5 4 0 3 
395 0 1 3 
396 2 3 
397 0 3 
398 3 5 7 4 6 0 
399 2 3 
400 4 5 7 6 0 
401 6 7 5 3 1 
402 0 5 4 3 
403 0 5 4 3 
405 1 5 4 3 
406 5 3 2 
407 5 1 2 0 
408 3 1 0 
409 7 5 4 6 1 
410 7 3 
411 5 0 
412 3 5 7 0 
413 5 1 0 
414 4 0 
415 7 1 2 0 
416 1 3 2 
417 0 7 6 3 2 
418 2 3 
419 3 2 
420 7 5 4 6 1 
421 7 5 4 0 3 
422 0 5 4 7 6 
423 7 3 2 
424 2 5 4 0 
425 7 1 0 
426 5 4 3 
427 7 0 
428 1 0 
429 7 3 
430 1 3 2 
431 6 5 4 7 0 3 
432 1 2 3 
433 6 5 4 7 1 
434 0 5 4 3 
435 1 0 
436 2 1 0 
437 3 2 
438 3 5 4 7 0 
439 5 3 2 
440 5 0 
441 4 5 0 3 
442 1 3 
443 2 3 
444 5 2 3 
445 5 3 
446 6 1 0 
447 5 4 7 1 
448 1 3 0 
449 5 7 6 3 2 
450 5 3 2 
451 5 0 
452 5 2 3 
453 3 5 4 0 
454 2 5 4 7 0 3 
455 2 3 
456 4 3 
457 0 7 6 3 2 
458 5 3 
459 0 5 4 7 3 
460 2 5 4 3 
461 0 1 
462 1 5 7 3 
463 0 5 7 
464 4 3 
465 6 7 5 3 1 
466 0 5 4 7 1 
468 3 7 5 6 0 
469 1 3 2 
470 5 4 3 
471 5 3 2 
472 3 2 
473 7 5 0 
474 7 5 4 3 
475 5 3 2 
476 3 5 4 7 0 
477 5 4 0 3 
478 5 3 2 
479 7 5 6 3 1 
481 0 3 
482 2 5 4 0 3 
483 2 0 
484 7 1 0 
485 7 5 4 3 
486 0 5 4 3 
487 6 5 7 0 
488 2 5 4 3 
489 7 2 3 
490 5 7 6 3 1 
491 7 5 4 6 1 
492 1 0 
493 7 3 1 0 
494 1 2 3 
495 6 5 7 0 
496 1 7 5 6 3 
497 6 5 4 0 2 
498 0 5 4 3 
499 1 3 
500 2 5 0 
501 3 5 4 0 2 
502 3 1 0 
503 5 4 7 6 1 
504 5 3 
505 4 3 2 
506 1 5 7 0 
507 3 1 0 
508 6 0 
509 5 4 7 0 3 
510 6 5 4 7 1 
511 5 3 2 
512 1 3 
513 5 7 6 0 
514 5 1 0 
515 5 4 7 6 0 
516 7 6 3 2 
517 3 7 5 6 0 
518 1 5 7 4 6 3 0 
519 2 5 4 3 
520 4 1 2 0 
521 0 5 4 7 3 
522 5 3 
523 1 7 5 6 0 
524 2 0 
525 0 3 2 
526 3 5 4 0 
527 0 5 4 7 1 
528 4 5 3 
529 6 5 4 7 1 
530 0 3 2 
531 0 5 4 3 
532 3 1 0 
533 1 5 4 3 
534 5 1 0 
535 5 7 6 0 
536 3 5 7 4 6 0 
537 7 5 4 6 0 
538 7 5 4 6 1 
539 4 5 7 3 
540 3 0 
541 5 0 
542 5 4 7 1 
543 7 5 6 3 1 
544 3 5 4 7 0 
545 0 5 4 7 6 
546 2 5 4 3 
547 3 5 7 4 6 0 
548 7 1 3 0 
549 7 2 3 
550 0 1 
551 6 5 4 0 2 
552 2 0 
553 7 5 6 0 
554 5 7 0 
555 7 0 
556 1 5 4 7 0 3 
557 7 5 4 6 2 3 
558 1 5 4 7 0 3 
559 6 5 7 4 3 0 
560 1 7 5 6 3 
561 6 1 2 0 
562 0 5 4 3 
563 1 5 4 7 6 
564 2 3 
565 3 5 7 0 
566 3 5 4 7 6 1 
567 5 2 3 
568 5 3 
569 4 7 5 6 0 
570 1 5 4 7 6 
571 2 7 6 3 
572 5 3 1 0 
573 5 4 3 
574 6 7 5 0 
575 5 7 3 
576 1 5 7 4 6 3 0 
577 5 4 7 3 0 
578 5 3 
579 5 3 1 0 
580 5 0 
581 3 5 4 7 6 0 
582 2 5 4 3 
583 2 5 4 7 6 0 
584 4 5 7 0 
585 0 5 4 3 
586 5 7 0 
587 0 5 7 4 6 3 
588 2 7 5 6 3 1 
589 0 5 7 
590 3 1 2 0 
591 0 3 2 
592 4 3 2 
593 6 1 3 0 
594 0 5 4 3 
595 0 3 
596 2 5 4 3 
597 1 3 2 
598 5 1 2 0 
599 5 7 0 
600 3 0 
601 6 1 0 
602 7 2 3 
603 5 4 7 0 3 
604 3 5 4 
605 4 5 3 
606 4 5 0 2 
607 7 3 
608 3 7 6 2 
609 1 2 3 
610 2 5 4 0 
611 3 1 0 
612 7 3 1 0 
613 7 5 4 6 1 
614 0 1 
615 6 5 4 7 1 
616 2 5 4 7 6 0 
617 7 6 3 2 
618 4 5 7 3 0 
619 7 5 0 
620 1 7 5 6 0 
621 7 5 4 3 
622 1 2 0 
623 6 1 0 
624 1 5 7 4 6 3 0 
625 6 5 4 7 3 0 
626 0 5 4 3 
627 1 5 4 3 
628 2 5 0 
629 3 5 4 7 1 
630 3 1 0 
631 4 5 3 
632 4 5 0 2 
633 4 5 7 1 
635 2 1 0 
636 4 1 0 
637 4 2 3 
638 6 5 4 7 3 0 
639 4 0 
640 1 5 7 4 6 2 3 
641 4 5 7 3 0 
642 4 5 7 0 
643 4 2 3 
644 7 5 6 3 1 
645 3 1 0 
646 2 3 
647 2 0 
648 4 5 7 1 
649 0 3 
650 4 5 7 6 2 3 
651 0 3 2 
652 2 5 7 3 
653 0 7 6 3 2 
654 3 1 2 0 
655 0 5 
656 4 1 0 
657 4 3 
658 0 1 2 
659 0 3 1 
661 1 5 4 0 2 
662 4 5 7 3 
663 4 5 0 
664 3 1 0 
665 7 5 4 3 
666 7 2 3 
667 4 3 1 0 
668 3 5 4 
669 4 5 7 6 1 
670 4 5 7 0 3 
671 7 3 2 
672 3 2 
673 0 5 4 7 6 
674 2 5 7 4 6 3 0 
676 6 7 5 3 1 
677 7 1 3 0 
678 1 5 4 3 
679 6 5 4 7 1 
680 2 1 3 0 
681 6 5 7 4 2 3 
682 4 3 
683 6 3 
684 1 3 
685 7 0 
686 1 0 
687 6 1 3 0 
688 1 3 0 
689 7 5 6 0 
690 0 3 2 
691 1 5 4 3 
692 3 5 4 
693 3 5 4 7 0 
694 2 1 0 
696 4 5 3 
697 4 0 
698 1 5 7 4 6 2 3 
699 2 5 4 3 
700 4 5 7 6 0 
701 4 1 3 0 
702 6 2 3 
703 4 7 5 6 0 
704 1 3 0 
705 4 1 3 0 
706 4 1 3 0 
707 4 3 1 0 
708 4 3 2 
709 3 5 4 7 1 
710 2 7 5 6 0 
711 2 3 
712 4 5 3 
713 0 5 4 7 6 1 
714 4 0 
715 0 5 4 3 
716 2 5 4 3 
718 2 1 0 
719 0 5 4 7 3 
720 4 2 3 
721 6 5 4 7 0 
722 1 5 4 7 3 0 
723 0 2 3 
724 3 5 4 7 0 
725 1 2 0 
726 4 5 7 3 0 
727 4 5 0 
728 2 3 
729 7 5 4 1 
730 7 5 4 3 0 
731 4 3 2 
732 3 2 
733 4 5 7 0 3 
734 4 2 3 
735 6 1 3 0 
736 3 2 
737 3 5 4 
738 2 5 4 0 
739 3 5 4 7 0 
740 7 5 4 0 3 
741 7 5 4 6 2 3 
742 0 2 3 
743 6 3 2 
744 1 5 4 7 3 0 
745 7 1 3 0 
746 4 5 0 2 
747 7 3 
748 1 5 7 4 6 2 3 
749 7 5 4 3 0 
750 1 3 
751 6 1 2 0 
752 1 5 4 0 2 
753 4 5 3 
754 0 5 4 3 
755 1 5 7 4 6 3 0 
756 0 5 4 3 
757 1 5 7 3 
758 3 5 4 0 2 
759 4 3 2 
760 4 5 7 6 3 0 
761 4 5 7 6 3 0 
762 1 0 
763 2 5 7 4 6 3 
764 4 3 2 
765 4 5 3 
766 6 7 3 2 
767 4 1 0 
768 0 5 4 7 1 
769 4 5 7 0 3 
770 4 1 0 
771 4 5 7 0 
772 4 5 0 
773 3 2 
774 2 7 6 3 
775 2 5 4 3 
776 4 5 3 
777 2 3 
778 4 2 3 
779 1 5 4 0 3 
780 3 5 7 4 6 0 
781 3 5 4 
782 0 5 4 7 3 
784 4 5 7 1 
785 6 5 4 7 0 
786 0 5 4 7 6 
787 0 5 4 7 6 
789 1 5 4 0 3 
790 6 0 
791 4 5 7 3 0 
792 3 5 7 4 6 2 
793 4 5 7 6 2 3 
794 7 5 6 3 1 
795 4 3 
796 3 5 4 
797 4 5 7 6 3 0 
798 7 1 0 
799 7 3 
800 1 0 
801 0 5 4 3 
802 2 5 7 4 6 3 
803 3 0 
804 7 5 3 
805 7 5 4 3 
806 0 7 5 6 
807 6 7 3 2 
808 2 3 
809 7 3 
810 4 5 3 
811 7 5 4 0 2 
812 0 2 3 
813 7 5 0 
814 1 5 4 0 3 
815 6 5 4 7 3 0 
816 1 3 0 
817 6 5 7 4 2 3 
818 0 7 6 3 2 
819 0 5 7 4 6 3 
820 2 3 
821 3 5 7 
822 3 5 4 7 6 0 
823 4 0 
824 4 1 2 0 
825 4 5 0 3 
826 1 7 6 3 2 
827 1 5 4 7 3 0 
828 4 1 0 
829 4 5 7 3 0 
830 6 5 4 0 2 
831 4 5 3 
832 6 5 4 7 0 3 
833 4 5 7 1 
834 6 1 2 0 
835 4 5 7 1 
836 4 5 0 3 
837 1 2 0 
838 6 3 1 0 
839 4 1 0 
840 6 0 
841 6 5 4 7 0 
842 7 5 4 3 
843 0 5 4 3 
844 2 5 4 7 1 
845 4 5 7 3 
846 7 5 4 0 3 
847 7 3 2 
848 4 5 0 2 
849 6 5 7 4 3 0 
850 6 5 4 7 3 0 
851 2 5 4 3 
852 7 1 3 0 
853 1 5 4 7 6 
854 4 0 
855 1 2 3 
856 6 5 7 4 3 0 
857 2 5 0 
858 7 5 0 
859 2 3 
861 4 5 7 0 
862 1 5 4 3 
863 3 2 
864 6 3 1 0 
865 4 5 7 6 1 
866 6 5 7 3 
867 1 5 0 
868 1 0 
869 0 5 4 7 6 
870 0 1 
871 0 1 3 
872 1 5 4 7 
873 2 7 6 3 
874 4 5 7 6 2 3 
875 3 7 5 6 1 
876 1 3 
877 4 5 7 6 2 3 
878 1 0 
879 3 7 5 6 1 
880 1 3 0 
882 0 5 4 3 
883 1 5 4 0 2 
884 0 5 4 3 
885 1 3 
886 1 5 4 0 2 
887 4 3 
888 4 5 0 3 
889 4 5 3 
890 1 7 5 6 3 
891 0 5 7 4 6 2 3 
892 6 5 0 
893 4 7 5 6 3 1 
894 6 7 5 0 
895 7 6 3 2 
896 2 3 
897 6 0 
898 6 3 2 
899 6 3 
900 7 5 4 3 
901 1 5 4 7 
902 1 5 7 3 
903 2 7 5 6 3 1 
904 6 1 0 
905 2 1 0 
906 7 1 0 
907 2 5 4 7 0 3 
908 2 3 
909 2 5 0 
910 1 7 5 6 3 
911 2 1 3 0 
912 6 7 5 0 
913 6 5 4 0 3 
914 6 2 3 
915 2 5 4 7 1 
916 7 5 4 0 3 
917 2 1 0 
918 4 5 3 
919 4 5 3 
920 6 5 4 0 2 
921 3 5 4 
922 7 5 4 0 3 
923 2 5 4 7 6 1 
924 3 5 4 0 
925 4 3 
926 1 3 0 
927 3 5 4 
928 1 5 4 7 0 3 
929 4 7 5 6 3 1 
930 6 5 4 3 
931 1 3 2 
932 0 5 4 7 6 
933 6 3 
934 6 5 4 3 
935 0 5 4 7 3 
936 7 5 4 6 3 0 
937 2 5 7 4 6 3 
938 6 5 7 4 2 3 
939 3 1 0 
940 2 3 
941 7 5 4 6 1 
942 1 5 7 3 
943 2 1 3 0 
944 6 5 4 7 3 0 
945 1 3 
946 2 0 
947 1 5 7 0 
948 6 1 0 
949 6 5 4 7 1 
950 7 5 4 0 3 
951 4 5 0 3 
952 2 3 
954 6 5 4 3 
955 1 3 
957 6 2 3 
958 6 2 3 
959 2 3 
960 2 3 1 0 
961 6 5 7 4 2 3 
962 6 7 3 2 
963 7 5 4 1 
964 7 1 2 0 
965 1 5 7 3 
966 2 7 6 3 
967 3 5 4 7 1 
968 6 1 3 0 
969 6 1 2 0 
970 7 5 4 0 3 
971 2 3 
972 2 3 
973 2 1 0 
974 7 3 2 
975 7 5 3 
976 6 5 4 7 0 
977 6 2 3 
978 6 1 0 
979 2 5 7 4 6 3 0 
980 6 5 4 7 0 3 
981 0 2 3 
982 6 3 2 
983 1 2 3 
984 6 5 4 7 1 
985 3 5 7 4 6 2 
986 7 3 
987 2 3 
988 2 3 
989 6 5 7 3 
990 1 2 3 
991 2 3 
992 6 5 4 7 3 0 
993 6 1 3 0 
994 6 5 7 3 
996 2 0 
997 6 0 
998 6 3 
999 0 3 
1000 7 3 
1001 2 7 5 6 0 
1002 6 5 4 3 
1003 3 5 7 0 
1004 2 5 7 3 
1005 6 1 0 
1006 0 5 4 3 
1007 3 1 0 
1008 6 5 0 
1009 0 1 2 
1010 6 5 7 3 
1011 1 0 
1012 6 5 4 7 1 
1013 6 0 
1014 6 7 5 0 
1015 2 5 0 
1016 2 5 4 7 0 3 
1018 6 3 
1019 1 5 4 7 6 0 
1020 2 3 
1021 6 5 7 4 3 0 
1022 6 3 1 0 
1023 2 5 4 3 
