0 5 1 
1 5 7 0 3 6 1 
2 0 2 7 6 3 1 
3 7 3 6 2 
4 5 1 2 3 4 
5 0 3 1 
6 0 2 7 1 5 6 
7 6 1 3 4 2 0 
8 4 1 7 5 6 0 2 
9 7 6 4 5 
10 4 7 5 
11 3 0 7 1 6 2 
12 6 7 5 4 2 
13 7 1 5 2 4 
14 0 1 3 2 
15 1 4 5 2 7 
16 7 2 0 3 1 
17 3 0 7 5 6 1 
18 5 6 7 
19 5 1 2 7 
20 2 7 6 0 3 1 
21 7 2 3 1 4 5 
22 3 6 4 5 7 
23 6 5 7 
24 3 5 4 1 
25 1 7 4 5 
26 6 4 5 2 7 
27 7 5 0 1 
28 2 4 5 7 
29 4 0 7 1 6 2 
30 1 5 2 4 7 
31 5 4 1 
32 7 1 0 6 2 4 
33 5 0 2 3 1 
34 3 2 6 1 7 5 
35 3 0 7 5 6 1 
36 6 1 0 5 
37 0 7 5 4 6 2 
38 4 6 5 2 
39 3 2 4 5 0 1 
40 3 5 7 0 1 
41 2 7 5 6 
42 7 3 6 2 
43 6 7 5 4 
44 0 7 6 1 4 
45 7 6 5 4 
46 0 3 2 
47 2 6 5 7 4 
48 7 1 5 6 4 0 3 2 
49 5 1 2 3 4 
50 7 6 5 4 
51 7 5 6 
52 5 2 6 3 7 
53 6 3 7 2 
54 4 3 0 1 
55 1 2 0 3 
56 1 3 5 4 0 6 
57 2 5 4 1 
58 2 7 5 6 
59 4 2 5 0 1 
60 1 3 2 
61 4 1 7 0 6 5 
62 4 2 6 1 7 3 5 
63 6 0 7 1 2 
64 6 5 7 4 
65 5 4 2 7 
66 0 7 5 3 6 1 
67 7 5 4 6 
68 4 3 2 
69 0 1 7 6 2 4 
70 3 2 6 1 7 5 
71 6 0 7 5 3 1 
72 4 6 5 7 
73 7 5 6 
74 4 6 5 7 
75 3 1 7 0 6 2 4 
76 7 0 1 6 2 
77 7 2 6 5 3 
78 0 1 5 
79 1 0 7 5 3 6 
80 7 1 2 0 5 
81 2 5 7 4 6 
82 5 2 0 3 1 
83 5 7 1 0 
84 2 6 7 5 
85 5 0 3 2 1 
86 3 5 7 6 
87 4 7 5 6 2 
88 3 7 6 2 
89 1 5 3 7 6 4 2 
90 6 3 7 2 
91 7 1 3 2 0 
92 2 0 3 1 
93 4 3 2 
94 1 5 6 4 0 3 2 
95 5 6 2 
96 7 3 6 2 
97 5 1 2 0 
98 3 1 7 0 6 5 
99 3 2 7 6 0 1 
100 6 2 1 3 0 5 
101 0 3 1 5 4 6 
102 4 1 3 2 0 
103 3 6 5 7 4 
104 3 2 
105 2 5 7 0 1 
106 7 1 3 4 2 0 
107 6 0 2 3 1 
108 0 3 2 1 
109 7 5 1 0 
110 0 6 4 5 7 
111 2 7 6 3 5 
112 5 3 7 6 4 2 
113 5 2 6 3 7 
114 7 0 1 6 2 
115 7 4 6 5 3 
116 5 7 4 6 3 
117 6 2 1 7 3 5 
118 4 0 3 2 1 
119 1 2 3 4 5 
120 1 0 7 5 3 6 
121 2 3 1 
122 3 1 0 5 
123 4 0 7 1 6 2 
124 1 5 0 7 2 
125 4 2 0 3 1 
126 4 7 5 2 6 
127 6 1 3 4 2 0 
128 0 5 2 3 4 
129 5 7 4 6 
130 0 6 3 2 4 5 
131 7 3 6 2 
132 5 0 1 2 4 
133 0 5 3 7 6 4 2 
134 3 1 5 4 0 6 
135 6 1 0 5 
136 4 1 0 3 5 
137 7 6 5 
138 4 5 1 
139 3 4 5 0 1 
140 6 5 7 0 1 
141 7 2 6 0 3 1 
142 0 1 5 6 4 3 2 
143 1 7 0 3 6 
144 7 1 0 6 5 
145 3 6 2 4 5 
146 5 4 2 7 
147 5 7 4 6 3 
148 2 1 0 5 
149 7 5 4 6 2 
150 3 6 7 5 
151 6 2 3 1 4 5 
152 3 0 1 2 4 5 
153 1 3 0 5 
154 5 2 3 4 
155 7 2 6 5 3 
156 2 3 1 
157 4 5 2 7 
158 1 6 4 5 7 
159 4 5 0 7 2 1 
160 7 2 1 5 0 6 
161 5 7 0 3 6 1 
162 0 7 6 2 5 1 
163 3 7 5 4 6 2 
164 4 5 2 3 
165 0 1 3 4 5 
166 4 6 7 5 
167 3 1 5 2 4 7 
168 3 6 2 4 5 
169 2 6 3 4 5 
170 6 1 2 7 
171 6 7 5 4 2 
172 0 2 3 1 
173 7 6 1 4 
174 0 3 2 
175 2 6 5 7 4 
176 7 2 1 5 0 6 
177 5 3 2 
178 7 6 5 2 
179 7 5 3 6 4 2 
180 5 3 7 6 4 2 
181 6 7 4 5 
182 4 7 6 5 3 
183 1 3 2 
184 1 2 7 6 0 3 
185 2 3 6 7 
186 2 7 4 5 
187 4 6 5 7 
188 1 2 7 
189 4 7 6 1 
190 4 3 0 1 
191 6 5 3 7 4 2 
192 6 0 7 2 5 1 
193 0 1 2 4 5 
194 0 1 2 4 5 
195 7 5 4 6 2 
196 5 1 2 0 
197 0 4 5 2 7 
198 3 1 5 6 4 0 2 
199 6 4 5 7 
200 4 5 1 2 3 
201 6 0 7 2 5 1 
202 5 2 7 1 0 6 
203 2 5 3 7 6 4 
204 6 5 7 4 
205 7 0 5 3 6 1 
206 0 1 5 6 4 3 2 
207 1 2 3 4 5 
208 7 3 6 2 
209 3 2 6 1 7 5 
210 4 6 7 5 
211 5 6 7 4 
212 2 5 3 7 6 4 
213 7 6 5 4 
214 3 5 7 4 6 
215 6 7 5 4 2 
216 3 2 1 4 5 
217 1 3 5 4 0 6 
218 6 3 7 2 
219 6 7 0 3 1 
220 2 0 7 6 5 1 
221 5 1 
222 1 5 3 7 6 4 2 
223 5 1 7 6 0 2 
224 6 1 0 5 
225 5 3 2 
226 3 6 7 5 
227 1 5 
228 6 1 0 3 4 5 
229 0 3 2 1 
230 4 7 5 
231 3 7 6 1 4 
232 3 2 
233 2 7 6 1 4 
234 7 1 0 5 
235 6 5 0 7 2 1 
236 0 5 7 4 6 
237 4 0 7 6 2 5 1 
238 0 6 5 2 
239 2 3 
240 7 0 3 2 1 
241 5 1 3 4 2 0 
242 7 5 4 6 
243 7 3 2 
244 5 7 4 6 3 
245 6 2 5 3 7 
246 4 3 5 0 1 
247 1 2 4 5 0 
248 1 3 4 2 0 
249 2 3 
250 2 3 
251 4 7 6 5 3 
252 1 2 6 7 3 5 
253 4 5 1 2 3 
254 4 1 5 2 7 
255 6 7 5 2 
256 6 0 1 2 4 5 
257 5 4 1 
258 0 6 3 2 4 5 
259 5 1 3 0 
260 5 1 3 4 2 0 
261 0 4 5 2 7 
262 0 3 2 
263 6 1 3 0 5 
264 4 5 1 2 3 
265 5 2 3 4 
266 4 7 5 
267 3 5 0 7 2 1 
268 6 2 7 0 3 1 
269 1 3 2 
270 0 1 3 2 
271 2 5 7 6 
272 7 5 6 
273 3 2 1 0 5 
274 5 1 0 
275 5 7 4 
276 2 5 7 4 6 
277 7 4 5 2 
278 3 4 5 0 1 
279 6 5 7 0 1 
280 3 7 0 6 1 
281 1 2 0 5 
282 6 5 1 2 3 4 
283 7 5 0 2 1 
284 2 3 7 6 
285 4 7 5 2 6 
286 1 3 7 6 2 
287 5 1 6 4 0 3 2 
288 7 5 4 6 
289 5 1 7 0 6 2 4 
290 3 2 0 1 
291 3 5 7 4 6 2 
292 6 7 4 5 3 
293 0 5 7 1 
294 4 0 3 2 1 
295 3 2 6 5 7 
296 3 2 
297 2 1 7 
298 7 5 6 
299 6 1 2 7 
300 0 1 3 4 5 
301 6 5 7 1 0 
302 0 3 2 
303 2 5 3 7 6 4 
304 7 5 2 6 
305 5 3 2 
306 7 2 6 5 3 
307 4 5 0 7 2 1 
308 4 7 6 2 3 5 
309 4 5 7 1 0 
310 5 0 7 3 6 1 
311 2 1 0 5 
312 1 3 2 
313 2 3 1 4 5 
314 2 3 1 4 5 
315 7 1 3 4 2 0 
316 1 3 2 
317 4 3 2 
318 4 2 5 0 1 
319 6 3 7 2 
320 6 5 7 1 0 
321 5 3 7 6 2 
322 0 2 7 1 5 6 
323 7 2 6 1 3 5 
324 5 1 
325 0 5 7 6 
326 3 2 
327 6 5 7 
328 4 1 3 0 5 
329 7 5 3 6 4 2 
330 4 1 0 5 
331 3 5 7 4 6 2 
332 6 1 3 0 5 
333 7 1 0 6 2 4 
334 0 1 3 2 
335 1 3 2 
336 7 2 1 5 0 6 
337 3 2 7 1 5 0 6 
338 5 6 2 
339 5 6 7 4 
340 2 7 6 1 4 
341 7 6 5 4 
342 2 3 
343 6 3 7 2 
344 3 1 7 0 6 2 4 
345 1 5 2 3 4 
346 1 0 7 6 2 5 
347 6 2 7 0 3 1 
348 2 6 1 7 3 5 
349 4 1 5 
350 1 3 6 7 2 
351 5 7 0 3 6 1 
352 5 7 2 6 
353 5 0 2 3 1 
354 2 5 3 4 
355 2 3 0 1 
356 6 7 5 2 
357 0 2 6 1 7 3 5 
358 4 1 2 7 
359 3 2 1 
360 3 5 7 4 6 
361 2 7 6 1 4 
362 7 5 3 6 4 2 
363 6 0 7 5 3 1 
364 0 7 6 2 3 5 
365 7 1 5 6 0 2 
366 0 5 7 6 
367 0 7 6 2 5 1 
368 7 1 0 5 
369 4 1 7 5 6 0 2 
370 7 4 5 
371 7 3 6 2 
372 5 7 6 2 3 
373 6 0 7 1 2 
374 4 5 7 0 1 
375 1 2 0 5 
376 1 5 7 4 6 2 
377 2 0 3 1 
378 3 1 7 5 6 0 2 
379 4 5 7 6 2 
380 1 2 3 4 5 
381 4 6 5 2 
382 5 7 4 6 3 
383 5 7 0 1 
384 5 4 3 0 1 
385 4 7 6 2 3 5 
386 0 5 7 6 2 
387 7 5 6 2 
388 5 2 6 3 7 
389 0 2 4 5 1 
390 3 5 7 4 6 2 
391 6 3 2 1 
392 4 5 0 7 2 1 
393 7 1 3 0 5 
394 4 6 3 2 5 
395 3 1 5 
396 6 5 3 7 4 2 
397 7 6 5 4 
398 0 6 7 5 
399 1 7 0 6 5 
400 7 1 2 
401 2 3 6 7 
402 5 1 6 4 0 3 2 
403 5 6 4 7 
404 2 6 3 4 5 
405 7 4 5 2 
406 3 5 7 6 
407 6 3 7 2 
408 3 4 7 2 6 
409 1 4 3 7 2 6 
410 6 2 4 5 0 1 
411 7 1 5 6 4 0 3 2 
412 2 1 0 5 
413 4 3 6 7 2 
414 1 7 4 5 
415 5 3 1 4 0 6 
416 5 7 2 6 
417 4 7 5 
418 3 1 5 
419 2 6 7 5 
420 6 5 7 
421 0 3 2 1 
422 4 6 5 7 
423 3 2 0 1 
424 3 1 0 5 
425 2 7 4 6 5 3 
426 4 0 1 2 5 
427 6 2 7 1 5 0 
428 0 3 1 
429 7 1 3 2 0 
430 1 4 3 7 2 6 
431 2 5 7 6 
432 5 2 6 1 7 3 
433 5 4 2 7 
434 7 0 2 3 1 
435 7 5 4 6 2 
436 5 0 1 2 4 
437 6 4 3 7 2 
438 4 0 7 5 3 6 1 
439 1 5 7 0 
440 1 2 7 5 0 6 
441 2 4 5 7 
442 1 0 2 4 5 
443 4 1 5 
444 1 6 7 5 
445 4 7 6 5 3 
446 4 5 7 6 
447 6 2 1 3 0 5 
448 6 5 2 
449 5 6 7 
450 0 4 3 5 1 
451 7 1 0 5 
452 5 1 3 2 0 
453 0 2 1 3 5 
454 3 1 0 4 5 
455 6 2 7 1 5 0 
456 4 0 7 6 2 5 1 
457 7 1 5 2 4 
458 4 2 7 1 5 0 6 
459 3 2 0 1 
460 6 2 5 3 7 
461 7 2 4 5 0 1 
462 0 4 3 7 2 6 
463 2 5 3 7 6 4 
464 7 5 2 3 4 
465 3 6 7 2 
466 5 3 2 1 
467 5 4 3 7 2 6 
468 2 1 7 0 6 5 
469 7 4 3 2 6 
470 3 7 6 1 4 
471 6 1 7 0 5 
472 2 6 3 4 5 
473 1 0 5 
474 6 2 1 7 3 5 
475 7 6 5 
476 2 4 3 5 0 1 
477 4 5 0 7 2 1 
478 1 7 4 6 5 3 
479 5 1 2 4 7 
480 7 4 3 5 0 1 
481 5 2 6 1 7 3 
482 3 7 5 2 6 
483 3 1 0 5 
484 6 5 2 3 4 
485 0 3 7 6 2 
486 5 3 0 1 
487 2 5 7 6 
488 3 0 2 1 
489 2 7 5 4 6 
490 7 6 4 5 
491 6 1 3 2 0 
492 0 6 7 5 4 
493 7 0 6 2 5 1 
494 0 7 4 5 
495 2 7 6 0 3 1 
496 7 3 2 
497 5 1 3 2 0 
498 7 6 5 4 
499 6 4 3 5 0 1 
500 5 1 2 0 
501 6 7 4 5 
502 4 5 7 6 
503 2 1 7 0 6 5 
504 3 2 
505 2 0 3 1 
506 2 5 7 4 6 
507 4 5 1 
508 1 2 6 7 3 5 
509 4 2 3 1 5 
510 4 7 0 3 6 1 
511 6 1 5 2 4 7 
512 6 5 7 
513 5 4 2 7 
514 0 1 3 4 2 
515 7 3 2 1 
516 5 3 2 
517 0 7 3 6 1 
518 2 5 7 0 1 
519 6 1 7 0 2 4 
520 4 0 3 2 1 
521 7 3 0 1 
522 4 6 7 5 
523 3 5 7 0 1 
524 6 4 3 7 2 
525 5 2 1 3 0 
526 2 5 4 1 
527 2 3 1 4 5 
528 7 5 1 0 
529 3 6 5 7 4 
530 5 2 3 4 
531 5 7 4 6 3 
532 2 1 3 0 5 
533 7 5 1 2 3 4 
534 3 6 7 5 
535 6 7 0 3 1 
536 3 1 2 7 
537 1 6 7 5 4 
538 6 7 0 3 1 
539 7 2 6 0 3 1 
540 2 1 0 3 4 5 
541 4 0 2 3 1 
542 1 4 3 7 2 6 
543 5 6 3 2 4 
544 7 3 2 1 
545 5 2 0 3 1 
546 3 4 5 2 7 
547 3 0 7 6 2 5 1 
548 6 0 7 1 2 
549 0 7 5 4 6 2 
550 4 1 5 
551 3 2 1 0 5 
552 3 7 6 1 4 
553 2 1 7 0 6 5 
554 7 5 4 6 2 
555 6 1 3 2 0 
556 0 5 7 1 
557 7 1 0 6 5 
558 0 1 5 2 4 7 
559 2 1 0 5 
560 6 5 4 1 
561 5 3 2 
562 7 1 3 4 2 0 
563 7 3 6 2 
564 5 1 3 0 
565 6 3 1 5 4 0 
566 4 1 3 0 5 
567 2 5 7 6 
568 3 5 7 4 6 2 
569 2 0 7 6 5 1 
570 2 7 6 1 4 
571 4 1 5 6 0 3 2 
572 1 3 0 
573 4 5 7 1 0 
574 4 5 0 7 2 1 
575 6 1 7 5 0 2 
576 6 0 7 5 3 1 
577 5 2 4 0 1 
578 0 4 3 5 1 
579 7 5 6 
580 5 7 6 2 3 
581 0 6 5 2 
582 3 2 
583 6 7 5 2 
584 4 1 2 7 
585 7 0 1 6 2 
586 4 2 7 1 5 0 6 
587 3 5 7 6 
588 6 7 4 5 
589 7 6 5 
590 2 1 5 4 7 
591 2 3 1 
592 7 0 1 2 4 5 
593 3 4 7 2 6 
594 5 0 3 2 1 
595 5 6 7 4 
596 2 5 7 4 6 
597 7 1 3 2 0 
598 3 1 5 4 0 6 
599 6 3 2 
600 3 7 4 5 
601 1 5 4 
602 6 1 5 4 0 3 2 
603 7 1 0 5 
604 2 4 3 5 0 1 
605 4 1 2 0 5 
606 1 2 7 6 0 3 
607 5 2 3 1 4 
608 7 3 0 1 
609 5 3 1 4 0 6 
610 3 6 5 2 
611 3 5 7 6 2 
612 6 2 0 3 1 
613 0 5 7 6 
614 4 0 7 1 6 2 
615 3 1 4 2 0 
616 3 0 2 1 
617 2 7 4 5 
618 7 1 0 6 2 4 
619 6 5 7 2 
620 0 2 3 1 
621 7 4 6 5 3 
622 0 6 7 5 
623 2 7 4 5 
624 7 5 1 0 
625 5 1 6 4 0 3 2 
626 7 4 3 2 6 
627 7 6 4 5 
628 5 1 
629 6 5 2 
630 4 7 6 2 3 5 
631 2 6 3 4 5 
632 3 5 1 2 4 
633 2 3 
634 2 4 3 5 0 1 
635 4 5 3 7 6 2 
636 1 2 4 5 0 
637 4 1 5 6 0 3 2 
638 4 6 7 5 
639 6 0 1 2 4 5 
640 6 3 2 
641 5 0 7 2 1 
642 0 7 5 3 6 1 
643 7 4 5 
644 5 1 3 2 0 
645 0 1 5 
646 3 2 7 6 0 1 
647 6 5 7 4 2 
648 4 7 5 
649 7 3 6 2 
650 4 1 7 0 6 2 
651 3 0 7 1 6 2 
652 6 5 7 
653 7 5 6 2 
654 2 6 5 
655 2 7 4 5 
656 6 5 7 1 0 
657 3 2 1 0 5 
658 5 1 3 2 0 
659 4 6 7 5 
660 2 5 7 6 
661 7 1 5 
662 3 2 
663 6 2 4 5 0 1 
664 3 2 6 1 7 5 
665 1 2 7 6 0 3 
666 6 7 5 4 
667 7 4 3 5 0 1 
668 2 5 7 6 
669 4 5 7 1 0 
670 1 6 5 2 
671 5 1 7 0 6 
672 7 5 4 1 
673 5 2 6 1 7 3 
674 3 5 7 1 0 
675 3 6 2 4 5 
676 6 2 5 3 7 
677 0 5 4 1 
678 4 1 2 0 5 
679 3 5 0 7 2 1 
680 3 5 1 2 4 
681 2 3 0 1 
682 7 2 1 3 0 5 
683 4 7 5 
684 0 1 7 5 6 2 
685 7 5 6 
686 0 2 1 3 5 
687 2 7 6 0 3 1 
688 7 1 0 6 2 4 
689 5 7 6 2 3 
690 7 2 6 5 3 
691 7 1 0 6 5 
692 5 1 7 0 6 
693 6 3 2 4 5 
694 4 2 5 0 1 
695 2 1 5 6 4 0 3 
696 3 7 6 2 5 
697 2 3 1 
698 2 6 7 5 
699 5 7 4 6 2 
700 1 5 
701 4 2 5 0 1 
702 4 3 1 5 0 6 
703 6 2 7 0 3 1 
704 6 4 3 7 2 
705 5 1 0 3 4 
706 0 5 7 1 
707 6 1 3 0 5 
708 5 1 7 6 0 2 
709 0 3 1 5 4 6 
710 3 6 7 5 4 
711 6 2 1 3 0 5 
712 4 1 0 3 5 
713 7 1 0 3 4 5 
714 4 1 5 2 7 
715 3 7 6 2 
716 6 3 7 2 
717 7 5 0 1 
718 2 5 0 7 1 
719 2 1 3 4 0 
720 6 1 2 7 
721 3 2 0 1 
722 5 6 2 
723 5 0 7 1 6 2 
724 2 5 7 4 6 
725 7 5 2 3 4 
726 3 1 7 0 6 2 4 
727 6 5 7 
728 3 5 2 4 
729 1 7 5 4 6 2 
730 6 4 3 5 0 1 
731 7 1 5 6 4 0 3 2 
732 2 5 7 0 1 
733 4 5 2 3 
734 1 3 6 7 2 
735 5 2 6 3 7 
736 7 4 5 
737 5 7 0 1 
738 3 2 0 1 
739 3 7 4 6 5 
740 6 7 5 2 
741 0 1 2 5 
742 4 1 3 0 5 
743 3 1 5 4 0 6 
744 3 1 7 5 6 0 2 
745 2 3 
746 7 5 6 
747 6 7 5 2 
748 0 2 7 1 5 6 
749 7 0 3 2 1 
750 0 2 3 1 
751 2 3 
752 7 2 6 0 3 1 
753 5 7 4 
754 7 2 6 5 3 
755 7 0 2 3 1 
756 5 1 3 0 
757 6 3 2 
758 4 1 3 2 0 
759 2 7 6 1 4 
760 3 5 7 6 2 
761 2 5 1 3 4 
762 2 1 0 5 
763 4 7 6 1 
764 1 0 3 2 
765 4 5 2 3 
766 4 7 0 3 6 1 
767 6 0 1 2 4 5 
768 6 7 1 4 
769 5 6 4 7 
770 0 6 3 2 4 5 
771 7 0 3 2 1 
772 5 1 7 6 0 2 
773 0 1 5 
774 3 1 2 7 
775 5 7 4 6 3 
776 4 1 2 0 5 
777 7 0 5 3 6 1 
778 4 6 5 7 
779 3 1 5 4 0 6 
780 7 1 5 6 0 2 
781 6 1 5 2 4 7 
782 2 7 5 4 6 
783 2 3 
784 6 7 5 4 2 
785 3 1 7 5 6 0 2 
786 5 1 2 0 
787 5 3 2 1 
788 2 0 7 6 5 1 
789 7 5 0 2 1 
790 3 5 7 4 6 2 
791 6 7 1 4 
792 3 5 4 1 
793 1 3 2 
794 6 3 7 2 
795 6 3 2 
796 2 3 7 6 
797 4 5 7 6 
798 1 5 7 0 
799 5 7 1 0 
800 6 5 3 7 4 2 
801 5 3 2 
802 3 5 1 2 4 
803 3 2 6 5 7 
804 6 2 1 7 3 5 
805 0 2 1 3 5 
806 4 7 5 2 6 
807 3 6 7 2 
808 3 1 2 7 
809 2 5 7 6 
810 6 0 2 3 1 
811 6 3 0 1 
812 0 7 3 6 1 
813 6 0 1 2 4 5 
814 0 7 6 2 3 5 
815 2 5 1 3 4 
816 6 1 0 3 4 5 
817 5 6 4 7 
818 6 7 2 3 5 
819 6 2 1 3 0 5 
820 5 4 3 0 1 
821 6 0 2 3 1 
822 4 2 6 5 3 7 
823 2 6 7 5 4 
824 3 0 2 1 
825 2 1 7 0 6 5 
826 2 1 7 0 6 4 
827 4 1 2 7 
828 1 7 4 5 
829 4 2 7 1 5 0 6 
830 4 1 0 5 
831 5 7 6 2 
832 5 3 2 
833 5 1 3 2 0 
834 0 7 1 6 2 
835 5 7 6 
836 5 6 4 7 
837 0 6 3 2 4 5 
838 3 5 1 2 4 
839 5 0 7 1 6 2 
840 5 7 6 2 
841 4 0 7 6 2 5 1 
842 4 7 0 3 6 1 
843 3 7 4 5 
844 4 1 7 5 6 0 2 
845 6 5 7 2 
846 2 0 3 1 
847 3 4 5 0 1 
848 6 1 7 5 0 2 
849 3 6 2 4 5 
850 5 1 2 4 7 
851 5 7 6 2 
852 2 3 1 
853 7 2 6 0 3 1 
854 3 6 5 7 4 
855 6 5 7 4 
856 3 5 4 1 
857 1 3 2 
858 6 4 3 7 2 
859 4 5 0 7 2 1 
860 2 1 7 0 6 4 
861 4 3 1 5 0 6 
862 1 3 2 
863 5 0 1 2 4 
864 6 1 0 3 4 5 
865 5 0 7 2 1 
866 2 1 0 5 
867 3 7 4 5 
868 4 6 5 7 
869 0 4 3 7 2 6 
870 5 7 4 6 3 
871 3 5 7 4 6 
872 3 0 7 1 6 2 
873 2 5 4 1 
874 4 2 7 1 5 0 6 
875 4 1 5 6 0 3 2 
876 0 2 6 5 3 7 
877 4 7 6 2 3 5 
878 0 1 5 
879 2 1 7 5 6 0 
880 4 1 7 0 6 2 
881 5 1 3 0 
882 4 3 1 5 0 6 
883 4 1 5 2 7 
884 5 0 7 3 6 1 
885 4 1 2 7 
886 4 5 7 6 
887 2 4 5 7 
888 3 1 4 2 0 
889 2 1 7 
890 2 0 3 1 
891 4 5 1 2 3 
892 1 3 0 
893 4 2 1 3 0 5 
894 1 0 3 4 5 
895 3 2 1 4 5 
896 0 1 3 4 2 
897 0 5 7 6 
898 0 7 5 4 6 2 
899 1 2 3 4 5 
900 0 4 3 7 2 6 
901 0 1 3 4 5 
902 0 6 7 5 4 
903 3 5 7 0 1 
904 0 3 2 
905 1 0 2 3 
906 1 3 0 
907 1 7 6 4 
908 1 2 4 5 0 
909 0 3 2 
910 2 0 1 4 5 
911 1 2 3 4 5 
912 0 1 3 5 
913 1 7 5 4 6 2 
914 0 1 5 6 4 3 2 
915 1 5 7 0 
916 1 7 6 2 3 5 
917 0 1 3 4 5 
918 0 3 2 
919 1 7 0 6 2 4 
920 3 0 1 
921 1 7 5 2 6 
922 1 5 2 3 4 
923 0 7 3 6 1 
924 0 1 7 6 2 4 
925 1 5 4 
926 1 5 7 4 6 
927 1 3 2 
928 2 1 3 0 
929 1 2 0 3 
930 1 5 
931 1 3 2 
932 0 5 7 6 
933 0 4 3 5 1 
934 1 3 6 7 2 
935 1 6 7 5 4 
936 1 2 4 5 0 
937 0 1 2 7 
938 0 7 6 2 5 1 
939 1 2 3 0 5 
940 1 0 2 4 5 
941 1 7 0 6 5 
942 0 1 3 2 
943 0 7 3 6 1 
944 1 6 5 7 4 
945 2 7 5 6 
946 1 3 2 
947 1 6 3 2 4 5 
948 0 5 7 6 2 
949 0 1 2 5 
950 1 7 6 2 3 5 
951 2 6 4 5 7 
952 2 5 3 4 
953 2 7 4 5 
954 1 5 4 
955 1 5 2 4 7 
956 1 0 7 5 3 6 
957 0 5 7 4 6 2 
958 1 5 7 6 2 
959 2 3 1 
960 0 3 1 5 4 6 
961 0 3 7 6 2 
962 0 1 3 4 2 
963 1 5 7 6 
964 0 7 6 2 5 1 
965 0 3 1 
966 0 2 3 1 
967 3 7 4 5 
968 0 5 7 6 2 
969 1 0 2 3 
970 1 5 2 4 7 
971 1 7 4 5 
972 1 7 5 4 6 2 
973 0 7 4 5 
974 2 7 4 5 
975 2 1 0 3 4 5 
976 0 1 3 4 5 
977 1 3 2 0 
978 0 2 1 3 5 
979 1 7 6 4 
980 1 2 3 4 5 
981 0 2 4 5 1 
982 0 5 7 1 
983 1 0 7 6 2 5 
984 3 7 4 5 
985 1 2 3 4 5 
986 1 5 7 4 6 2 
987 0 6 5 2 
988 0 1 7 5 6 2 
989 1 2 0 3 
990 1 5 7 6 
991 1 7 4 5 
992 2 4 5 7 
993 1 5 7 6 
994 0 4 3 7 2 6 
995 1 6 7 5 
996 1 7 6 2 3 5 
997 0 1 3 5 
998 1 7 0 6 5 
999 1 2 7 5 0 6 
1000 1 0 7 6 2 
1001 0 3 2 1 
1002 0 1 7 6 5 
1003 1 3 2 
1004 0 3 1 5 4 6 
1005 1 7 0 3 6 
1006 0 1 5 
1007 2 6 5 7 4 
1008 2 5 7 4 6 
1009 2 6 5 
1010 1 3 0 
1011 1 5 2 3 4 
1012 0 5 2 3 4 
1013 0 7 6 2 3 5 
1014 1 6 5 7 4 
1015 2 6 5 
1016 3 5 0 7 2 1 
1017 2 0 7 5 3 6 1 
1018 2 1 5 4 7 
1019 1 5 2 3 4 
1020 1 5 7 6 2 
1021 1 0 2 4 5 
1022 1 0 3 2 
1023 3 2 4 5 0 1 
