0 6 0 1 7 
1 4 7 6 
2 6 4 5 2 
3 7 6 2 3 
4 6 2 7 5 3 4 
5 6 3 4 
6 3 5 0 4 1 
7 1 3 2 6 
8 3 4 2 6 7 5 
9 5 6 7 4 0 1 
10 7 4 5 3 1 
11 6 0 1 7 
12 1 7 3 4 2 6 
13 2 6 7 4 0 5 1 
14 7 3 6 2 
15 2 3 7 6 
16 7 4 3 
17 0 4 2 6 7 5 3 
18 6 2 4 5 7 
19 1 6 4 7 
20 7 3 4 2 6 
21 6 7 
22 1 3 5 6 
23 7 6 4 
24 3 0 2 1 
25 2 7 6 1 3 
26 7 3 2 6 
27 2 3 1 7 0 6 
28 5 3 1 7 0 6 
29 7 6 2 
30 6 4 5 3 1 
31 2 6 7 0 1 
32 2 3 7 4 
33 0 5 3 4 1 
34 6 1 4 5 7 3 
35 7 1 5 0 3 4 6 
36 0 7 3 4 2 6 
37 6 0 4 5 3 1 
38 6 2 3 7 
39 1 3 6 4 0 5 7 
40 5 3 4 2 6 
41 1 3 4 
42 0 1 3 7 6 
43 3 1 0 2 
44 6 5 3 4 2 
45 4 0 3 2 1 6 
46 7 6 
47 6 4 7 3 
48 2 6 7 
49 1 6 7 
50 5 3 2 7 6 
51 7 1 5 0 3 4 6 
52 6 4 5 2 
53 5 6 7 4 3 
54 3 5 0 4 1 
55 1 4 6 5 7 3 
56 3 6 7 5 4 
57 0 6 7 
58 2 3 0 6 1 
59 2 5 4 0 3 1 
60 3 5 0 4 
61 1 2 7 6 3 
62 6 4 5 2 
63 6 4 3 5 1 
64 6 4 7 1 
65 4 3 2 6 
66 6 7 1 3 2 0 
67 7 4 0 3 1 
68 7 5 4 0 3 1 
69 6 5 3 4 2 
70 3 6 2 7 
71 1 3 2 6 
72 3 7 1 2 0 6 
73 5 3 6 2 7 
74 7 4 2 6 5 3 
75 6 3 4 
76 1 6 3 0 2 7 
77 3 5 4 2 6 
78 7 3 4 
79 2 6 1 4 5 0 7 
80 7 0 3 1 6 
81 0 3 1 6 
82 6 7 
83 1 6 5 4 3 
84 6 4 2 5 3 7 
85 6 5 0 3 4 1 
86 1 2 7 6 3 
87 7 0 3 2 1 
88 3 2 7 6 
89 2 6 5 3 4 
90 7 4 3 5 1 
91 2 7 6 1 3 
92 5 3 1 0 2 7 6 
93 7 6 2 
94 6 5 3 4 2 
95 2 7 6 1 3 
96 2 0 3 1 
97 0 6 7 4 5 1 
98 6 4 5 7 3 
99 7 3 5 4 0 1 
100 0 6 7 
101 6 1 0 2 3 
102 6 2 3 7 4 
103 0 3 1 2 7 6 
104 5 0 1 3 7 4 
105 1 7 6 4 
106 0 2 3 6 1 
107 2 7 4 3 5 1 6 
108 6 3 2 
109 4 5 7 
110 7 2 0 3 6 1 
111 6 3 0 2 1 
112 2 6 4 5 7 
113 1 6 7 4 0 5 
114 5 0 1 3 7 4 
115 7 0 1 5 3 4 
116 6 1 5 4 3 
117 5 3 2 6 
118 3 2 7 6 1 
119 1 6 0 4 5 3 
120 3 6 0 2 1 7 
121 0 7 6 2 
122 2 3 1 0 7 6 
123 2 4 6 5 7 
124 3 0 2 1 6 
125 1 0 3 7 6 
126 6 1 5 0 3 4 
127 6 4 5 2 
128 6 2 3 7 
129 4 3 2 6 
130 6 7 4 3 5 1 
131 7 2 4 6 5 
132 6 5 0 3 4 1 
133 4 3 5 1 6 
134 3 6 7 5 4 
135 1 5 0 3 4 
136 3 2 6 
137 5 1 0 3 4 6 
138 7 3 6 2 
139 7 2 5 3 4 
140 1 5 4 0 3 
141 2 0 3 6 1 
142 7 6 4 
143 2 0 1 5 3 7 4 
144 5 3 4 
145 0 4 5 3 1 
146 6 3 1 0 2 7 
147 1 4 0 3 7 
148 6 1 4 5 0 7 2 
149 6 3 0 2 1 
150 1 4 5 6 2 
151 7 4 5 6 2 
152 3 4 2 6 7 5 
153 2 0 3 6 1 
154 7 0 3 6 1 
155 2 7 6 4 
156 5 2 3 4 
157 7 3 4 2 6 
158 6 4 2 7 5 3 
159 2 3 6 
160 3 6 0 4 5 1 
161 0 1 4 6 5 7 3 
162 6 5 0 4 3 
163 7 1 0 2 3 6 
164 0 4 5 7 
165 6 1 0 2 3 
166 6 4 5 2 
167 1 6 7 4 0 5 
168 5 0 3 4 1 
169 1 0 3 2 6 
170 2 7 6 1 3 
171 3 2 6 
172 6 7 0 1 
173 4 6 5 7 
174 7 4 2 6 5 3 
175 5 6 3 4 2 
176 3 6 0 2 1 7 
177 1 5 0 3 4 6 
178 5 1 4 6 7 3 
179 7 6 0 4 5 3 1 
180 6 3 1 7 0 
181 5 4 2 
182 3 5 1 6 
183 1 7 3 5 4 0 
184 3 6 2 7 
185 0 3 4 
186 2 4 5 
187 2 0 3 1 
188 3 4 7 
189 1 6 3 0 2 7 
190 6 0 3 1 
191 5 1 0 3 7 6 
192 4 6 0 5 3 1 
193 4 7 6 
194 6 1 0 3 
195 7 0 1 6 
196 6 4 5 2 
197 7 1 3 2 0 6 
198 3 6 2 7 
199 1 2 5 3 4 
200 3 1 0 6 
201 5 4 3 1 
202 7 0 3 6 1 
203 4 1 0 3 6 
204 0 7 1 3 2 6 
205 2 4 5 7 
206 7 6 3 0 2 1 
207 2 3 6 
208 7 0 2 3 1 
209 0 4 3 1 7 
210 6 3 2 
211 1 7 3 2 0 6 
212 6 7 2 
213 4 5 6 2 
214 1 0 3 7 6 
215 4 2 3 7 
216 3 0 2 1 7 
217 2 6 1 4 5 0 7 
218 7 4 5 3 1 
219 2 1 0 3 7 6 
220 4 6 5 7 
221 7 2 5 3 4 
222 6 4 7 1 
223 2 3 7 6 
224 2 6 7 5 4 3 
225 0 3 2 6 
226 6 7 
227 7 6 5 4 3 
228 0 6 7 
229 6 2 3 7 
230 6 4 5 7 
231 1 0 2 3 
232 4 6 2 3 7 
233 1 5 0 3 4 6 
234 0 2 3 6 1 
235 3 7 5 4 0 1 
236 7 2 4 6 5 
237 4 0 3 6 1 
238 7 1 5 3 6 0 4 
239 6 0 3 1 
240 2 1 0 3 
241 1 0 3 2 6 
242 5 4 7 
243 7 4 5 3 1 
244 7 6 1 4 5 0 2 
245 5 2 3 7 4 
246 3 0 6 2 1 
247 1 7 4 3 5 6 
248 3 5 4 0 1 
249 0 6 7 1 
250 2 4 6 5 7 
251 0 6 7 4 5 1 
252 3 7 4 5 1 6 
253 1 3 7 0 6 
254 6 5 0 4 3 
255 6 4 0 3 1 7 
256 7 4 3 5 1 
257 4 3 1 7 0 6 
258 6 1 5 3 0 7 4 
259 7 3 6 2 
260 6 4 5 2 
261 6 3 5 0 4 
262 3 1 0 2 7 6 
263 1 3 0 2 7 6 
264 3 6 7 0 1 
265 3 6 7 4 0 5 1 
266 5 0 2 3 1 7 
267 6 1 5 3 0 7 4 
268 1 0 3 6 
269 2 7 1 3 0 6 
270 7 6 
271 2 7 6 
272 7 0 3 6 1 
273 0 1 3 7 6 
274 6 7 0 1 
275 1 2 7 6 3 
276 6 3 4 0 5 1 7 
277 6 1 0 3 
278 1 4 5 2 
279 7 6 
280 3 4 5 1 
281 2 6 1 4 5 0 7 
282 5 3 2 6 
283 2 0 3 6 1 
284 5 4 2 6 7 3 
285 7 0 3 2 1 6 
286 4 0 3 1 6 
287 2 6 3 7 
288 2 0 3 1 6 
289 0 4 5 6 2 
290 6 7 3 5 4 0 1 
291 7 2 5 3 4 
292 0 7 4 3 5 1 6 
293 6 5 3 4 2 
294 7 2 4 6 5 
295 1 4 7 3 
296 5 6 4 2 3 7 
297 1 0 5 3 7 4 
298 0 7 6 2 
299 0 3 6 2 1 
300 5 2 4 6 7 
301 4 3 1 7 0 6 
302 7 3 1 0 6 
303 6 4 2 7 5 3 
304 2 6 7 5 4 3 
305 1 7 6 4 
306 4 6 7 1 
307 7 4 3 
308 6 4 0 3 1 7 
309 5 0 2 3 1 7 
310 3 6 5 4 2 
311 1 0 5 3 7 4 
312 3 0 2 1 7 
313 0 3 2 1 6 
314 2 0 3 1 
315 3 4 6 5 7 
316 3 6 4 2 5 7 
317 0 6 2 3 7 
318 6 4 5 7 3 
319 7 1 0 3 6 
320 6 4 5 3 1 
321 4 0 3 2 1 
322 6 4 3 5 1 
323 7 1 0 3 6 
324 6 7 0 1 
325 6 0 1 5 3 7 4 
326 3 7 4 2 6 
327 0 3 4 
328 3 1 0 2 
329 5 3 1 7 0 6 
330 7 3 5 0 4 
331 4 6 1 5 3 
332 1 3 0 6 2 
333 2 1 0 3 6 
334 7 6 4 2 5 3 
335 2 6 0 4 5 3 1 
336 7 6 
337 0 6 1 5 4 3 
338 4 6 7 
339 1 7 3 5 4 0 
340 6 4 5 2 
341 6 3 0 2 1 
342 1 6 4 5 7 
343 7 4 6 5 3 
344 3 1 0 2 
345 2 7 3 5 4 0 1 
346 7 0 1 5 3 4 
347 2 3 5 1 6 
348 5 0 2 3 1 7 
349 7 3 6 4 0 5 1 
350 6 7 4 
351 2 6 7 
352 2 4 5 7 
353 0 4 2 6 7 5 3 
354 6 7 
355 4 3 6 2 7 
356 0 6 7 4 5 1 
357 6 4 5 7 
358 6 0 3 1 
359 1 6 0 4 5 3 
360 7 6 1 4 5 0 2 
361 1 3 0 6 2 
362 0 6 7 1 
363 3 7 4 5 1 6 
364 6 3 1 7 0 
365 4 0 1 5 3 7 
366 4 6 7 5 3 
367 6 3 2 7 
368 2 6 3 7 
369 0 2 4 6 5 7 
370 5 0 3 2 1 6 
371 7 1 4 6 5 3 
372 6 7 2 
373 5 4 6 7 3 
374 3 1 5 0 4 6 
375 1 5 3 4 2 6 
376 0 3 2 1 
377 0 4 7 3 
378 3 1 5 6 0 7 4 
379 2 3 6 
380 3 6 1 5 4 
381 1 4 5 7 
382 6 2 7 5 3 4 
383 6 7 4 3 5 1 
384 6 1 0 2 3 
385 4 6 7 1 
386 6 3 2 7 
387 7 5 4 0 3 1 
388 6 5 3 4 2 
389 6 4 7 3 
390 3 6 7 4 0 5 1 
391 1 3 0 6 2 
392 3 4 
393 5 1 3 6 0 7 4 
394 7 6 0 1 
395 6 5 3 4 2 
396 1 0 6 7 
397 2 7 1 3 0 6 
398 7 0 1 5 3 4 
399 2 3 1 7 0 6 
400 7 2 5 3 4 
401 0 4 3 5 1 
402 6 3 1 7 0 
403 1 6 7 5 4 3 
404 6 3 4 
405 6 1 0 2 3 
406 1 7 3 2 0 6 
407 7 4 3 
408 3 4 5 7 
409 2 5 4 0 3 1 
410 7 1 0 2 3 6 
411 2 3 6 4 0 5 1 7 
412 5 6 7 4 3 
413 7 2 4 6 5 
414 6 7 1 3 2 0 
415 2 0 3 1 6 
416 2 0 3 6 1 
417 0 1 5 3 7 4 
418 6 7 3 5 4 0 1 
419 7 1 0 2 3 6 
420 0 7 4 3 5 1 6 
421 6 1 5 3 0 7 4 
422 6 3 2 
423 1 5 3 4 2 6 
424 7 3 1 0 6 
425 1 7 3 5 4 0 
426 0 6 1 5 4 3 
427 3 5 0 4 6 
428 6 1 0 2 3 
429 4 3 5 0 
430 7 5 3 4 2 6 
431 7 3 1 0 2 6 
432 2 1 0 3 6 
433 1 3 0 2 7 6 
434 5 7 3 4 2 6 
435 7 3 2 6 
436 6 3 5 0 4 
437 5 6 4 2 3 7 
438 3 1 0 6 
439 1 3 4 
440 3 4 2 6 7 5 
441 0 7 6 2 
442 2 6 1 5 4 3 
443 2 3 7 4 
444 3 1 0 2 7 6 
445 1 5 3 6 0 7 4 
446 6 3 5 1 
447 6 0 1 7 
448 6 0 1 7 
449 4 6 1 5 0 7 2 
450 6 5 0 3 4 1 
451 7 1 5 3 6 0 4 
452 6 1 0 2 3 
453 6 3 1 0 2 7 
454 3 1 5 6 0 7 4 
455 1 6 4 5 0 7 2 
456 3 6 5 4 2 
457 5 1 4 6 7 3 
458 7 2 4 6 5 
459 6 5 0 3 4 1 
460 1 6 7 
461 2 0 3 1 
462 7 6 
463 2 0 1 6 7 
464 7 6 4 0 5 1 
465 0 3 1 2 7 6 
466 6 4 5 7 3 
467 1 4 5 6 2 
468 6 0 3 1 
469 7 3 4 2 6 
470 1 0 3 7 6 
471 7 4 3 
472 3 7 6 2 
473 2 4 5 6 
474 7 5 3 4 2 6 
475 2 3 7 6 
476 5 3 1 6 
477 7 6 4 5 
478 6 7 3 4 2 
479 2 0 3 1 7 
480 2 1 0 3 
481 0 4 6 5 7 3 
482 6 1 0 3 7 
483 7 6 4 1 
484 0 3 2 6 
485 6 4 5 2 
486 6 1 0 3 
487 1 2 4 6 5 7 
488 5 3 1 6 
489 1 0 2 3 
490 0 2 3 7 4 
491 3 5 0 4 
492 6 3 2 7 
493 4 6 5 3 2 
494 7 3 0 6 2 1 
495 6 7 3 4 2 
496 2 6 5 3 4 
497 1 0 2 3 7 
498 5 0 1 3 7 4 
499 7 3 2 6 
500 6 3 5 1 
501 5 6 3 0 2 1 7 
502 3 7 4 5 1 6 
503 1 0 3 2 
504 3 4 5 1 
505 0 4 6 5 7 3 
506 2 3 0 6 1 
507 2 7 5 3 4 
508 3 1 0 2 7 6 
509 1 6 7 
510 7 0 3 6 1 
511 6 7 1 3 2 0 
512 6 3 2 
513 4 2 0 3 6 1 
514 6 3 1 7 0 
515 7 6 3 0 2 1 
516 6 2 7 5 3 4 
517 6 2 0 3 1 
518 3 6 5 4 2 
519 1 3 7 0 6 
520 3 5 0 4 
521 5 4 7 
522 7 0 2 3 1 
523 6 4 5 7 
524 1 0 2 3 6 
525 2 6 1 4 5 0 7 
526 7 6 4 1 
527 2 3 6 
528 7 3 1 0 2 6 
529 0 2 3 6 1 
530 6 5 3 4 2 
531 1 2 4 6 5 7 
532 6 0 3 1 
533 7 2 5 3 4 
534 1 7 3 5 4 0 
535 7 5 0 3 4 1 
536 3 7 6 4 
537 2 6 4 5 3 7 
538 7 6 
539 2 0 3 1 6 
540 5 4 7 
541 7 4 3 5 1 
542 6 0 4 5 3 1 
543 2 3 7 4 
544 2 3 6 4 0 5 1 7 
545 0 6 2 3 7 
546 6 4 2 7 5 3 
547 7 6 4 2 5 3 
548 0 6 4 7 1 
549 6 1 0 2 3 
550 7 1 4 6 5 3 
551 1 2 3 7 4 
552 5 4 2 6 7 3 
553 1 2 5 3 4 
554 0 4 3 5 1 
555 3 6 4 5 7 
556 7 3 6 2 
557 4 2 6 5 7 
558 7 1 0 2 3 
559 7 3 6 2 
560 2 7 6 
561 1 0 2 3 6 
562 5 4 3 1 
563 7 6 3 0 2 1 
564 7 4 3 5 1 
565 5 2 7 6 1 3 
566 3 2 7 6 
567 1 5 0 3 4 6 
568 3 7 4 2 6 
569 0 6 7 1 
570 2 0 3 1 
571 2 4 0 3 1 7 
572 3 2 0 6 1 
573 1 3 4 
574 7 6 4 1 
575 7 2 5 3 4 
576 7 6 
577 4 1 5 0 3 6 
578 6 3 0 2 1 
579 7 2 6 1 3 
580 7 2 6 1 3 
581 7 0 3 2 1 6 
582 3 5 0 4 1 
583 1 6 4 5 0 7 2 
584 3 4 5 1 
585 5 2 4 6 7 
586 7 4 2 6 5 3 
587 7 6 0 4 5 3 1 
588 1 6 5 3 4 2 
589 2 7 6 
590 7 6 4 2 5 3 
591 2 7 4 3 5 1 6 
592 7 4 6 5 3 
593 0 6 7 
594 7 5 0 3 4 1 
595 1 7 4 3 5 6 
596 7 0 1 5 3 4 
597 7 3 5 0 4 
598 1 4 5 6 2 
599 7 5 4 0 3 1 
600 3 7 4 5 1 6 
601 2 4 5 6 
602 7 1 0 2 3 6 
603 2 6 7 4 0 5 1 
604 5 3 6 2 7 
605 7 3 6 4 0 5 1 
606 6 4 3 5 1 
607 2 5 4 0 3 1 
608 2 5 0 4 3 6 
609 0 5 3 4 2 6 
610 6 1 0 3 
611 7 2 5 3 4 
612 0 3 2 1 6 
613 6 3 4 0 5 1 7 
614 7 0 1 6 
615 1 6 4 2 5 3 7 
616 5 7 3 4 0 1 
617 1 6 5 4 3 
618 0 4 5 2 
619 3 7 5 4 0 1 
620 7 6 0 1 
621 4 2 7 5 3 
622 7 4 0 3 1 
623 7 2 5 3 4 
624 2 0 3 1 7 
625 1 4 6 5 7 3 
626 5 3 6 2 7 
627 7 4 5 
628 7 3 6 2 
629 5 3 1 7 0 6 
630 3 1 0 2 6 
631 1 0 2 3 7 
632 3 4 5 2 
633 0 6 2 3 7 
634 2 3 1 0 7 6 
635 2 1 0 3 6 
636 3 1 0 6 
637 1 3 0 6 2 
638 7 1 5 3 6 0 4 
639 7 2 3 4 
640 4 7 3 5 0 1 
641 4 6 5 7 3 
642 4 6 7 0 5 1 
643 5 4 7 3 
644 4 0 3 1 7 
645 4 6 7 5 3 
646 3 4 5 1 
647 1 4 3 5 
648 3 1 4 6 5 7 
649 5 3 2 6 
650 5 4 3 1 
651 4 7 3 5 0 1 
652 1 0 3 2 
653 2 0 1 6 7 
654 4 2 6 7 5 3 
655 2 6 5 3 4 
656 5 2 3 4 
657 0 2 3 6 1 
658 4 3 5 1 6 
659 1 6 4 5 0 7 2 
660 4 5 3 2 6 
661 4 0 3 1 7 
662 1 2 3 7 4 
663 4 5 3 1 
664 3 0 1 6 7 
665 2 5 3 4 6 
666 5 2 7 3 4 
667 2 4 3 5 1 
668 5 7 6 2 
669 4 5 2 
670 4 3 6 0 5 1 7 
671 2 6 7 
672 2 6 4 5 3 7 
673 0 6 4 5 3 1 
674 4 5 0 3 1 
675 4 6 7 
676 0 3 4 
677 5 7 1 3 2 0 6 
678 5 7 6 4 
679 1 0 3 2 
680 5 6 7 4 3 
681 1 6 4 2 5 3 7 
682 0 6 7 
683 0 1 5 3 6 7 4 
684 5 3 2 7 6 
685 4 6 2 5 3 7 
686 4 6 3 0 2 1 7 
687 5 3 1 6 
688 2 0 3 1 6 
689 1 4 0 3 7 
690 5 1 0 3 4 6 
691 4 6 3 0 2 1 7 
692 5 4 2 
693 5 4 2 6 7 3 
694 3 7 1 2 0 6 
695 1 3 6 4 0 5 7 
696 3 1 0 2 6 
697 0 6 4 7 1 
698 2 1 4 6 5 7 3 
699 2 6 3 7 
700 3 0 6 1 
701 1 6 7 4 0 5 
702 5 3 6 4 0 1 7 
703 5 0 3 6 1 
704 4 7 3 5 0 1 
705 4 7 3 2 6 
706 4 6 1 5 3 
707 4 0 3 2 1 6 
708 4 5 6 2 
709 4 0 3 1 6 
710 3 4 0 1 7 
711 1 7 4 3 5 6 
712 3 6 0 2 1 7 
713 5 6 1 4 0 7 2 
714 5 6 2 3 7 
715 4 2 5 3 
716 1 3 5 6 
717 2 3 6 4 0 5 1 7 
718 4 5 0 3 6 
719 2 6 7 5 4 3 
720 5 4 7 3 
721 0 6 4 5 3 1 
722 4 3 5 0 
723 1 0 2 3 6 
724 4 3 5 0 
725 4 7 3 
726 1 4 5 2 
727 5 0 4 3 6 
728 3 2 7 5 4 
729 2 3 5 1 6 
730 5 2 7 3 4 
731 2 0 1 6 7 
732 5 1 0 3 6 
733 4 7 3 
734 4 6 1 5 3 
735 2 5 0 4 3 6 
736 2 4 5 
737 0 6 1 5 4 3 
738 4 6 5 3 2 
739 4 1 6 5 7 3 
740 0 3 2 6 
741 5 2 3 7 4 
742 5 3 2 7 6 
743 1 5 0 3 4 
744 5 4 7 3 
745 1 2 0 3 6 
746 0 4 5 2 
747 3 6 4 0 5 1 7 
748 5 4 0 3 1 7 
749 4 3 0 6 2 1 
750 4 1 5 0 3 6 
751 5 4 6 7 3 
752 2 6 7 
753 1 4 5 7 
754 5 2 3 4 
755 4 6 3 0 2 1 7 
756 5 6 0 4 3 1 
757 5 2 7 3 4 
758 3 0 2 1 7 
759 1 0 3 7 6 
760 3 7 4 5 1 6 
761 0 2 5 3 4 
762 2 7 4 3 5 1 6 
763 2 6 7 0 1 
764 3 2 6 
765 1 6 0 4 5 3 
766 5 6 7 4 3 
767 5 3 2 7 6 
768 4 0 3 2 1 
769 4 0 1 6 7 
770 4 6 2 5 3 7 
771 5 1 0 3 6 
772 4 6 5 7 
773 4 7 6 
774 3 4 5 7 
775 1 5 0 3 4 
776 3 6 1 4 5 0 7 2 
777 4 0 3 2 1 
778 5 6 1 4 0 7 2 
779 4 6 5 7 3 
780 1 6 5 3 4 2 
781 2 1 0 3 
782 4 7 3 2 6 
783 2 0 1 5 3 7 4 
784 5 7 4 3 1 6 
785 0 3 2 6 
786 4 6 2 5 3 7 
787 1 6 4 7 
788 4 6 7 0 1 
789 4 5 3 1 
790 1 4 5 6 2 
791 5 7 6 2 
792 3 6 1 5 4 
793 2 6 3 7 
794 5 4 0 3 1 7 
795 2 7 6 1 3 
796 5 6 7 4 3 
797 4 0 1 5 3 7 
798 4 6 7 
799 2 6 3 0 1 7 
800 2 0 3 6 1 
801 0 4 5 7 
802 4 7 1 3 2 0 6 
803 4 5 0 3 6 
804 0 7 6 2 
805 5 0 3 1 6 
806 5 4 3 1 
807 1 0 5 3 7 4 
808 5 6 0 4 3 1 
809 1 6 4 7 
810 0 6 7 1 
811 3 6 2 7 
812 5 0 3 2 1 6 
813 4 5 3 2 6 
814 4 7 3 5 0 1 
815 5 2 3 7 4 
816 2 7 6 4 
817 1 0 6 7 
818 5 1 4 6 7 3 
819 4 6 7 
820 5 6 1 4 3 
821 5 1 4 6 7 3 
822 3 2 7 6 1 
823 1 5 4 0 3 
824 3 1 4 6 5 7 
825 0 7 1 3 2 6 
826 2 6 7 
827 2 3 6 
828 3 4 5 7 
829 1 0 6 7 
830 5 1 0 3 6 
831 5 3 4 2 6 
832 4 1 0 3 7 6 
833 4 3 6 2 7 
834 4 5 0 3 6 
835 5 1 3 6 0 7 4 
836 4 5 0 3 6 
837 4 5 0 3 1 
838 3 4 6 5 7 
839 1 5 0 4 3 6 
840 3 4 
841 5 6 7 4 3 
842 5 3 2 6 
843 4 1 5 3 6 0 7 
844 1 6 7 4 0 5 
845 2 0 1 6 7 
846 4 0 3 2 1 6 
847 2 7 5 3 4 
848 5 0 3 2 1 6 
849 0 2 3 1 7 
850 4 7 3 
851 1 6 7 4 0 5 
852 4 7 6 
853 4 7 3 
854 1 3 6 4 0 5 7 
855 4 7 3 2 6 
856 3 0 1 6 
857 2 3 6 4 0 5 1 7 
858 5 2 3 7 4 
859 2 4 5 3 1 
860 5 3 6 4 0 1 7 
861 4 5 7 
862 4 6 5 7 
863 2 5 4 0 3 1 
864 2 3 4 
865 0 6 4 5 7 
866 4 1 5 0 3 6 
867 0 2 3 6 1 
868 0 3 4 
869 5 4 0 3 1 
870 5 1 4 6 7 3 
871 1 2 5 3 4 
872 1 0 2 3 6 
873 1 0 3 2 
874 2 5 3 4 
875 2 3 6 7 
876 5 7 6 2 
877 4 5 0 3 6 
878 4 3 2 6 
879 0 6 7 
880 2 6 3 7 
881 1 6 4 5 7 
882 0 2 3 1 7 
883 3 2 7 6 
884 5 6 3 0 2 1 7 
885 5 4 0 3 1 
886 3 1 7 0 6 
887 1 6 3 0 2 7 
888 3 5 0 4 
889 0 3 1 2 7 6 
890 3 4 5 2 
891 3 5 1 6 
892 3 4 2 6 7 5 
893 1 6 4 7 
894 3 2 7 4 
895 0 1 3 6 
896 3 2 5 4 
897 2 3 6 
898 3 1 0 6 
899 0 2 5 3 4 
900 0 6 4 7 1 
901 0 3 5 4 
902 3 7 4 2 6 
903 3 2 0 6 1 
904 3 2 7 6 
905 3 0 1 6 
906 0 6 4 5 3 1 
907 0 3 1 2 7 6 
908 1 0 3 2 6 
909 3 6 4 5 7 
910 0 3 5 4 
911 3 1 0 7 6 
912 0 3 5 1 6 
913 3 5 1 6 
914 0 6 7 1 
915 0 5 4 3 6 
916 0 1 5 3 4 6 
917 2 7 3 4 6 
918 1 3 5 6 
919 0 4 5 3 1 
920 3 6 5 4 2 
921 2 6 1 5 4 3 
922 0 2 5 3 4 
923 2 6 4 5 3 7 
924 0 5 4 3 6 
925 1 3 2 6 
926 0 5 4 3 1 
927 3 0 6 1 
928 1 6 4 7 
929 0 6 7 1 
930 0 2 7 6 1 3 
931 3 1 4 6 5 7 
932 0 1 3 7 6 
933 5 1 0 2 3 6 
934 5 4 2 
935 3 5 0 4 
936 3 6 1 4 5 0 7 2 
937 0 6 7 4 5 1 
938 4 5 0 3 1 
939 5 0 3 2 1 
940 4 7 6 2 
941 4 0 3 6 1 
942 4 7 3 5 0 1 
943 0 1 3 7 6 
944 3 5 0 4 
945 0 6 1 5 4 3 
946 3 1 5 6 0 7 4 
947 0 6 7 5 4 3 
948 5 6 4 2 3 7 
949 5 1 0 3 7 6 
950 4 2 3 7 
951 5 4 6 7 3 
952 0 1 6 7 
953 0 2 3 7 4 
954 4 1 6 5 7 3 
955 4 3 
956 4 7 6 
957 4 5 0 3 1 
958 3 0 1 6 
959 0 1 3 7 6 
960 3 5 0 4 6 
961 2 3 7 6 
962 3 4 6 5 7 
963 0 5 3 4 1 
964 0 3 6 2 1 
965 0 4 3 1 7 
966 5 2 7 6 1 3 
967 3 6 2 7 
968 4 5 3 2 6 
969 3 0 6 2 1 
970 0 1 2 3 
971 0 7 3 4 2 6 
972 4 1 5 0 3 6 
973 4 0 3 1 6 
974 0 2 4 6 5 7 
975 0 5 4 3 6 
976 3 4 5 1 
977 3 1 5 0 4 6 
978 0 2 3 1 7 
979 0 6 3 2 1 7 
980 0 3 2 6 
981 2 7 6 4 
982 4 6 1 5 0 7 2 
983 3 6 1 5 4 
984 0 4 3 1 7 
985 0 7 1 3 2 6 
986 0 6 4 5 3 1 
987 0 6 5 3 4 2 
988 0 1 5 3 4 6 
989 1 6 7 0 
990 0 6 7 
991 0 3 6 1 
992 1 3 2 6 
993 0 3 5 4 
994 4 2 0 3 6 1 
995 4 3 6 0 5 1 7 
996 5 6 4 7 
997 5 3 2 6 
998 5 2 7 6 1 3 
999 3 1 5 6 0 7 4 
1000 5 2 3 4 
1001 0 4 5 7 
1002 4 6 5 7 
1003 5 1 3 6 0 7 4 
1004 5 2 0 3 6 1 
1005 4 1 0 2 3 6 
1006 4 6 7 1 
1007 5 4 0 3 1 7 
1008 0 4 5 3 1 
1009 0 2 5 3 4 
1010 5 0 3 1 6 
1011 4 5 2 
1012 5 0 2 3 1 7 
1013 4 7 1 3 2 0 6 
1014 4 3 2 6 
1015 5 6 7 
1016 0 3 1 6 
1017 0 3 1 6 
1018 4 2 0 3 6 1 
1019 4 5 3 1 
1020 4 6 7 
1021 4 1 0 2 3 
1022 5 2 4 6 7 
1023 5 7 6 4 
