0 0 7 5 4 3 
1 0 7 5 4 3 
2 3 0 2 
3 0 5 4 1 6 3 
4 3 7 5 0 4 
5 3 0 7 1 6 
6 1 2 6 5 3 
7 3 0 6 2 
8 1 6 7 3 
9 0 5 4 1 6 3 
10 6 0 7 5 1 4 2 
11 4 7 2 5 0 1 6 
12 0 5 6 4 2 7 3 
13 3 6 4 5 
14 2 7 3 1 5 4 6 
15 5 2 4 1 3 6 
16 2 4 6 7 5 
17 2 0 3 1 5 4 6 
18 1 7 5 6 
19 5 7 4 6 
20 5 4 2 7 3 
21 0 7 4 2 5 1 6 
22 0 7 5 4 3 
23 2 4 3 5 
24 0 5 4 1 6 3 
25 2 3 1 0 6 
26 2 0 5 4 1 7 6 
27 0 3 7 
28 2 5 4 7 3 
29 3 4 6 7 5 
30 7 0 3 1 4 5 
31 4 0 3 1 5 7 
32 0 4 2 5 1 6 3 
33 5 3 2 7 6 
34 5 2 4 3 
35 0 3 2 
36 3 0 2 1 5 6 
37 3 5 0 4 1 
38 1 3 2 7 0 6 
39 3 0 1 2 
40 5 2 4 1 3 6 
41 7 5 6 4 2 3 
42 6 0 2 3 
43 4 7 6 5 
44 0 7 6 
45 3 6 4 5 
46 2 5 0 4 1 3 
47 5 3 1 0 2 
48 2 3 0 
49 2 5 0 4 1 3 
50 1 6 5 4 2 
51 5 7 6 
52 5 3 0 1 2 
53 6 5 7 4 2 
54 5 2 4 3 
55 2 3 5 6 
56 4 6 5 7 2 
57 7 0 1 3 2 
58 2 0 5 4 1 7 6 
59 5 3 0 2 1 6 
60 2 0 1 3 
61 3 0 7 
62 7 5 0 4 3 
63 4 2 0 1 3 
64 5 4 6 
65 5 0 4 1 3 
66 4 5 0 1 3 
67 0 1 6 7 3 
68 3 7 6 
69 3 4 6 7 5 
70 1 0 7 6 5 4 2 
71 3 4 2 5 0 1 6 
72 5 3 0 7 
73 7 5 4 0 1 6 3 
74 6 4 5 
75 4 3 0 7 1 6 
76 0 3 2 6 
77 3 1 0 6 
78 3 6 0 1 2 
79 5 7 2 3 1 4 6 
80 2 4 3 5 
81 2 3 0 7 
82 1 2 0 3 
83 5 7 4 2 0 1 6 
84 5 4 2 7 3 
85 6 1 7 3 
86 5 2 0 3 
87 2 6 0 1 3 
88 4 3 0 1 2 
89 7 5 2 4 1 3 6 
90 2 3 0 1 5 6 
91 5 4 7 
92 2 6 5 7 4 
93 3 7 5 6 
94 7 3 1 0 6 2 
95 4 6 7 5 
96 5 6 4 2 3 
97 5 2 3 6 
98 5 1 0 3 6 
99 0 4 2 5 1 6 3 
100 3 7 5 6 
101 3 6 5 4 2 
102 1 2 0 3 
103 3 6 2 0 1 
104 5 4 2 7 3 
105 7 2 0 3 
106 6 3 5 2 
107 4 5 6 2 7 3 
108 0 1 3 2 
109 3 1 0 2 
110 2 5 0 4 7 3 
111 5 3 2 6 
112 2 6 5 7 4 
113 2 0 3 7 6 
114 1 0 3 4 5 7 
115 5 3 0 2 1 6 
116 5 7 6 
117 6 3 0 7 1 
118 5 7 0 3 1 4 
119 2 3 0 5 
120 4 3 0 2 
121 7 3 0 2 
122 2 4 7 6 5 
123 5 0 3 6 2 
124 2 0 3 6 
125 3 5 2 6 
126 7 3 2 4 0 5 
127 4 7 6 5 
128 5 7 4 6 
129 5 2 6 3 
130 5 2 6 3 
131 0 3 5 4 2 
132 3 5 0 4 1 
133 3 7 6 
134 1 4 7 5 
135 3 2 0 1 
136 5 3 7 4 1 6 2 
137 7 5 0 4 3 
138 6 4 2 5 0 1 3 
139 4 3 5 2 
140 0 3 6 2 
141 3 5 2 4 1 6 
142 2 6 5 7 4 
143 5 4 7 
144 2 5 0 4 7 3 
145 2 0 3 1 5 4 6 
146 1 4 6 5 
147 5 3 4 2 
148 5 3 0 1 2 
149 6 0 2 3 
150 5 6 4 2 7 3 
151 2 5 4 1 3 6 
152 4 3 2 7 6 
153 7 2 0 3 6 
154 2 7 5 0 4 3 
155 5 6 4 2 3 
156 2 0 3 
157 3 6 0 1 2 
158 7 2 0 3 6 
159 4 1 6 7 3 
160 4 3 2 7 0 6 
161 4 0 3 2 
162 5 0 2 3 
163 0 5 6 4 2 7 3 
164 3 7 4 2 5 0 1 6 
165 3 5 2 6 
166 1 0 2 3 
167 3 0 7 6 5 1 4 2 
168 5 0 2 3 
169 7 6 5 
170 6 3 2 7 0 
171 4 3 0 2 
172 0 2 3 6 
173 3 5 4 2 7 
174 2 3 7 6 
175 5 7 0 3 1 4 
176 2 4 7 6 5 
177 2 3 0 7 
178 1 3 0 2 
179 5 6 2 0 1 3 
180 5 3 2 0 
181 6 3 0 2 1 5 
182 5 3 0 2 
183 2 3 1 0 7 6 
184 4 5 0 1 3 
185 7 0 3 1 4 5 
186 2 3 7 0 6 
187 5 4 6 7 
188 2 3 0 7 1 6 
189 3 7 4 1 5 6 2 
190 7 3 1 0 6 2 
191 4 6 5 7 2 
192 5 7 6 
193 7 5 0 4 3 
194 5 1 6 7 3 
195 0 2 3 6 
196 3 0 1 2 
197 3 5 2 6 
198 1 3 0 7 6 2 
199 3 7 4 1 5 6 2 
200 5 3 1 0 7 6 2 
201 7 4 6 5 
202 6 2 4 3 5 
203 4 3 0 7 1 6 
204 0 1 3 6 
205 3 2 6 
206 2 0 3 
207 5 7 6 
208 3 2 0 
209 2 0 3 
210 1 0 3 4 5 7 
211 5 7 2 3 1 4 6 
212 5 3 0 2 
213 6 1 0 3 
214 5 4 7 6 
215 2 0 3 1 
216 4 2 5 0 1 6 3 
217 7 6 4 3 5 
218 2 3 0 1 
219 4 7 2 5 0 1 6 
220 3 2 0 
221 3 2 7 0 6 
222 7 6 
223 4 6 7 5 
224 5 0 2 4 1 7 6 
225 5 2 0 3 7 6 
226 5 3 2 4 0 
227 0 4 6 5 
228 3 7 1 6 5 4 0 
229 3 2 7 0 6 
230 1 3 0 2 6 
231 3 0 1 2 
232 5 3 2 0 
233 7 3 1 0 2 6 
234 6 1 0 3 
235 4 5 0 1 3 
236 0 3 2 5 
237 3 7 6 
238 2 5 4 0 1 6 3 
239 5 3 1 0 2 
240 2 0 3 1 5 4 6 
241 3 2 0 7 6 
242 1 7 0 3 4 5 
243 5 3 1 0 2 6 
244 5 0 4 7 3 
245 6 2 3 
246 5 3 7 4 1 6 2 
247 2 4 6 7 5 
248 4 3 2 7 0 6 
249 7 5 4 2 3 
250 2 3 5 6 
251 5 0 3 1 2 
252 2 0 3 
253 3 4 6 5 
254 7 5 4 0 1 6 3 
255 4 0 7 6 5 1 2 
256 5 3 1 0 2 
257 5 4 7 6 
258 5 1 0 3 6 
259 0 5 6 4 2 7 3 
260 3 0 2 
261 3 4 2 5 0 1 6 
262 1 7 6 5 4 0 3 
263 3 5 0 4 1 
264 5 7 1 6 4 0 3 
265 7 5 4 6 
266 6 5 7 4 2 
267 4 3 0 1 2 
268 0 2 3 
269 3 5 4 2 
270 2 6 0 1 3 
271 5 2 0 1 3 
272 2 0 3 
273 2 3 4 0 5 
274 1 7 6 3 
275 5 3 0 7 
276 5 1 6 7 3 
277 6 5 7 4 2 
278 4 3 0 2 
279 2 3 4 0 5 
280 4 3 0 7 
281 7 0 3 2 
282 2 3 6 
283 5 0 3 2 
284 2 4 7 6 5 
285 3 0 2 
286 7 3 1 0 2 
287 4 7 6 3 
288 5 4 2 7 3 
289 5 7 2 3 1 4 6 
290 5 2 6 3 
291 0 6 5 4 2 3 
292 3 1 0 2 6 
293 3 2 6 5 
294 1 7 5 0 4 3 
295 3 2 7 6 
296 4 5 2 1 3 6 
297 7 6 3 
298 6 3 1 0 2 
299 4 7 6 3 
300 0 3 1 2 
301 3 7 5 0 4 
302 2 5 6 4 7 3 
303 5 3 2 7 6 
304 2 5 4 1 3 6 
305 2 0 3 6 
306 1 0 3 2 
307 5 4 7 6 
308 5 3 7 4 1 6 2 
309 6 0 3 1 2 
310 5 6 4 2 3 
311 2 0 3 7 6 
312 4 7 6 5 
313 7 3 5 4 2 
314 2 3 1 0 7 6 
315 5 4 7 
316 2 0 3 
317 3 2 0 1 
318 7 3 1 0 2 
319 4 0 3 1 2 
320 6 7 5 0 4 3 
321 5 2 0 3 7 6 
322 5 7 4 2 0 1 6 
323 0 6 4 3 5 
324 3 0 7 
325 3 0 2 
326 1 0 3 6 2 
327 3 0 2 
328 5 0 7 6 1 4 2 
329 7 2 0 1 3 
330 6 0 7 5 1 4 2 
331 4 0 3 6 2 
332 0 2 4 3 5 
333 3 5 4 0 1 6 
334 1 2 6 5 3 
335 4 3 2 0 5 
336 2 7 4 6 5 
337 1 4 6 5 
338 1 0 3 4 5 7 
339 4 7 6 5 
340 5 0 1 3 2 
341 6 3 1 0 7 2 
342 5 6 4 2 
343 1 4 7 6 5 
344 4 7 5 
345 7 2 0 3 
346 2 3 7 4 1 5 6 
347 5 2 6 3 
348 2 6 4 3 5 
349 3 7 6 
350 7 0 5 2 4 1 6 
351 4 1 0 3 6 
352 5 7 2 3 1 4 6 
353 5 7 6 
354 5 0 1 3 2 
355 0 6 1 2 3 
356 3 2 7 6 
357 3 4 2 5 0 1 6 
358 1 5 0 4 7 3 
359 3 7 1 6 5 4 0 
360 5 0 3 6 2 
361 6 3 1 0 2 
362 6 4 7 5 
363 4 2 3 5 
364 0 3 2 
365 3 0 1 4 5 7 
366 2 0 3 1 
367 5 7 2 3 1 4 6 
368 2 0 1 3 
369 2 6 5 3 
370 1 6 2 0 3 
371 5 3 2 4 0 
372 4 0 1 3 2 
373 6 4 7 5 
374 5 7 0 3 1 4 
375 2 3 5 4 
376 4 5 0 1 6 3 
377 7 0 3 1 5 4 6 2 
378 3 2 4 0 5 
379 5 1 6 7 3 
380 2 6 0 1 3 
381 3 0 2 
382 7 4 6 5 
383 4 7 2 3 1 5 6 
384 5 0 2 3 
385 5 4 7 
386 6 2 5 3 
387 0 4 6 7 5 
388 3 2 0 5 
389 3 5 4 0 1 6 
390 1 5 0 4 7 3 
391 3 2 6 
392 6 0 5 2 4 1 7 
393 7 3 1 0 2 6 
394 6 0 1 2 3 
395 4 3 1 0 2 
396 0 3 1 2 
397 3 5 4 7 6 
398 2 6 0 1 3 
399 5 7 4 2 0 1 6 
400 2 0 3 
401 2 7 3 1 5 4 6 
402 1 0 2 3 
403 5 1 6 7 3 
404 5 0 1 3 2 
405 6 0 3 2 
406 7 3 0 1 6 
407 2 7 0 3 1 4 5 
408 6 1 0 3 
409 7 3 1 0 6 2 
410 2 0 7 6 5 1 4 
411 6 1 7 3 
412 2 0 7 6 5 1 4 
413 3 6 2 0 1 
414 7 3 2 6 
415 4 3 2 6 
416 5 6 0 1 2 3 
417 5 6 0 1 2 3 
418 5 4 2 7 3 
419 0 3 7 
420 3 1 0 2 6 
421 3 2 6 5 
422 1 5 4 7 6 
423 3 7 6 5 
424 5 3 4 2 
425 7 0 3 6 2 
426 6 7 4 2 5 0 1 
427 4 5 6 2 7 3 
428 0 3 2 
429 3 0 7 
430 2 0 3 1 4 5 7 
431 5 7 6 
432 2 0 3 
433 2 6 5 4 3 
434 1 4 7 5 
435 5 0 1 3 2 
436 5 3 0 2 
437 7 3 1 0 6 2 
438 5 4 7 
439 2 0 3 
440 4 3 2 7 0 6 
441 7 3 0 2 1 5 6 
442 2 6 0 1 3 
443 5 4 7 6 
444 2 4 7 5 
445 3 5 6 4 2 7 
446 7 3 5 4 2 
447 4 7 6 
448 5 6 2 0 1 3 
449 5 7 6 3 
450 5 4 7 6 
451 0 5 4 2 7 3 
452 3 5 0 4 7 
453 3 0 2 
454 1 4 7 6 5 
455 3 1 0 6 
456 5 3 1 0 7 6 2 
457 7 3 5 4 2 
458 6 5 0 4 1 3 
459 4 3 2 7 0 6 
460 0 3 5 4 2 
461 3 0 1 5 4 6 2 
462 2 1 0 3 6 
463 5 0 2 3 
464 2 0 3 1 5 4 6 
465 2 0 3 
466 1 4 2 5 0 6 3 
467 5 3 0 2 1 6 
468 5 0 2 3 
469 6 4 7 5 
470 5 6 4 2 7 3 
471 2 3 6 
472 4 6 0 1 2 3 
473 7 4 2 5 0 1 6 3 
474 2 0 3 
475 5 4 2 0 1 6 3 
476 2 3 0 1 5 6 
477 3 6 4 5 
478 7 0 6 5 1 4 2 
479 4 2 3 5 
480 5 3 1 0 2 6 
481 5 3 0 1 2 
482 5 7 6 
483 0 3 5 4 2 
484 3 0 2 
485 3 5 4 2 7 
486 1 5 0 4 3 
487 3 2 4 5 
488 5 6 7 4 2 
489 7 6 5 4 2 3 
490 6 0 2 3 
491 4 3 2 7 6 
492 0 3 7 1 6 
493 3 7 0 1 4 5 
494 2 5 6 4 7 3 
495 5 0 3 1 2 
496 2 6 0 1 3 
497 2 0 7 6 5 1 4 
498 1 7 5 6 
499 5 6 4 2 3 
500 5 2 0 1 3 
501 6 0 3 1 2 
502 5 0 3 1 4 6 2 
503 2 3 1 0 6 
504 4 5 0 1 6 3 
505 7 6 5 4 2 
506 2 3 0 7 1 6 
507 5 0 3 1 4 7 
508 2 7 4 5 0 1 6 
509 3 7 6 
510 7 5 4 6 
511 4 3 7 1 5 6 2 
512 5 0 2 3 
513 5 0 1 3 2 
514 5 3 0 2 1 6 
515 0 3 1 4 5 7 
516 3 7 6 
517 3 1 6 7 
518 1 0 3 6 
519 3 0 1 2 
520 5 2 0 1 3 
521 7 4 6 5 
522 6 2 0 3 7 
523 4 7 0 3 1 5 
524 0 3 1 2 
525 3 6 4 5 
526 2 0 3 1 
527 5 7 6 
528 2 7 1 6 5 4 0 3 
529 2 4 3 5 
530 1 7 4 6 5 
531 5 3 1 0 2 
532 4 6 5 7 2 
533 6 0 5 2 4 1 7 
534 4 3 2 6 
535 3 0 2 
536 4 3 0 7 1 6 
537 7 6 
538 2 4 7 6 5 
539 4 0 3 1 5 7 
540 2 1 6 7 3 
541 3 2 4 5 
542 7 2 4 3 5 
543 4 6 5 2 3 
544 4 2 3 6 
545 4 3 5 2 6 
546 4 0 1 3 2 
547 0 7 5 6 
548 3 2 6 
549 3 7 4 6 5 
550 1 7 2 3 5 4 6 
551 3 5 2 4 1 6 
552 4 0 3 6 2 
553 7 6 5 4 2 3 
554 6 7 5 
555 4 3 5 2 6 
556 0 7 3 1 4 5 
557 3 6 5 4 2 
558 2 7 6 5 
559 4 6 7 5 
560 2 6 5 3 
561 2 3 7 6 
562 1 0 3 2 
563 4 7 2 5 0 1 6 
564 4 0 3 1 5 6 2 
565 6 0 3 2 
566 4 3 7 1 5 6 2 
567 2 3 4 0 5 
568 4 6 5 2 
569 7 0 3 1 2 
570 2 3 7 4 1 5 6 
571 4 2 3 6 
572 2 3 7 4 1 5 6 
573 3 7 2 1 5 4 6 
574 7 0 2 3 
575 4 5 0 1 3 
576 4 0 2 3 
577 4 0 2 3 
578 4 0 1 3 2 
579 0 3 5 2 6 
580 3 6 5 4 2 
581 3 2 6 
582 1 0 3 2 
583 3 6 5 4 2 
584 4 0 3 1 2 
585 7 5 4 0 1 6 3 
586 6 0 7 5 1 4 2 
587 4 0 3 1 5 6 2 
588 0 5 4 7 6 
589 3 0 2 
590 2 0 3 1 
591 4 6 3 5 
592 2 4 7 6 5 
593 2 4 3 5 
594 1 3 2 7 0 6 
595 4 7 5 
596 4 7 6 3 
597 6 2 0 3 
598 4 3 0 1 2 
599 2 3 1 0 
600 4 6 3 5 
601 7 4 6 5 
602 2 3 4 0 5 
603 4 5 2 7 3 
604 2 0 1 3 
605 3 2 0 
606 7 6 
607 4 3 0 1 2 
608 4 3 0 7 1 6 
609 4 1 0 3 6 
610 4 5 2 1 3 6 
611 0 2 1 3 
612 3 2 6 
613 3 0 1 2 
614 1 3 0 2 5 6 
615 3 2 0 1 
616 4 5 0 7 3 
617 7 2 0 1 3 
618 6 5 2 4 1 3 
619 4 3 2 7 0 6 
620 0 1 3 6 
621 3 6 0 1 2 
622 2 7 6 5 
623 4 0 7 6 5 1 2 
624 2 7 4 6 5 
625 2 5 4 7 6 
626 1 7 6 
627 4 2 0 3 7 6 
628 4 7 0 3 1 5 
629 6 2 0 3 7 
630 4 2 3 6 
631 2 3 1 0 7 6 
632 4 3 1 0 2 
633 7 5 0 4 3 
634 2 7 5 0 4 3 
635 4 0 3 1 2 
636 2 3 0 1 
637 3 0 7 1 6 
638 7 0 3 2 
639 4 6 5 
640 4 7 2 3 1 5 6 
641 4 2 5 0 1 6 3 
642 4 2 3 6 
643 0 5 4 1 3 
644 3 7 6 
645 3 5 4 2 7 
646 1 7 4 2 5 0 6 
647 3 1 0 6 
648 4 5 0 1 6 3 
649 7 5 0 4 3 
650 6 2 3 
651 4 3 5 2 6 
652 0 2 3 7 6 
653 3 5 4 2 7 
654 2 0 3 6 
655 4 5 2 7 3 
656 2 7 6 
657 2 5 4 1 3 6 
658 1 0 2 3 
659 4 2 0 3 7 6 
660 4 3 7 1 5 6 2 
661 6 3 5 2 
662 4 5 7 6 
663 2 7 4 6 5 
664 4 0 2 3 
665 7 0 3 6 2 
666 2 0 5 4 1 7 6 
667 4 0 7 6 5 1 2 
668 2 7 4 6 5 
669 3 6 5 7 4 2 
670 7 4 6 5 
671 4 5 6 2 7 3 
672 4 7 6 5 
673 4 3 0 1 2 
674 4 3 0 7 1 6 
675 0 3 2 6 
676 3 6 5 7 4 2 
677 3 0 1 4 5 7 
678 1 7 6 5 
679 3 6 5 4 2 
680 4 3 2 7 0 6 
681 7 2 0 3 
682 6 1 7 3 
683 4 7 6 5 
684 0 5 2 4 1 7 6 
685 3 7 2 1 5 4 6 
686 2 6 5 3 
687 4 3 2 6 
688 2 3 0 5 
689 2 3 0 1 
690 1 3 0 2 6 
691 4 0 3 1 5 7 
692 4 0 3 1 5 7 
693 6 0 3 2 
694 4 3 2 6 
695 2 0 3 1 
696 4 7 5 
697 7 0 5 2 4 1 6 
698 2 7 0 3 1 4 5 
699 4 7 6 5 
700 2 7 5 6 
701 3 5 0 4 7 
702 7 6 5 4 2 
703 4 0 2 3 
704 4 7 1 6 5 0 3 
705 4 3 1 0 2 
706 4 0 2 3 
707 0 2 3 
708 3 2 0 1 
709 3 0 2 
710 1 2 6 5 3 
711 3 5 4 2 
712 4 6 7 5 
713 7 5 0 4 3 
714 6 7 4 2 5 0 1 
715 4 6 5 2 
716 0 6 4 3 5 
717 3 7 4 1 5 6 2 
718 2 6 5 4 
719 4 3 0 7 
720 2 0 3 
721 3 6 0 1 2 
722 1 0 3 2 
723 4 3 0 2 
724 6 0 3 2 
725 6 0 2 3 
726 7 4 6 5 
727 3 0 1 5 4 6 2 
728 6 3 0 7 1 
729 7 1 0 3 6 
730 3 2 0 7 6 
731 6 0 3 1 5 4 2 
732 3 4 2 5 0 1 6 
733 3 2 0 
734 7 6 3 
735 6 0 3 1 4 5 7 
736 7 4 5 
737 7 3 0 2 1 5 6 
738 6 7 1 5 4 0 3 
739 0 7 5 6 
740 1 3 2 4 0 5 
741 0 3 1 4 5 7 
742 1 3 0 2 5 6 
743 0 5 2 4 1 7 6 
744 6 5 0 4 7 3 
745 7 1 6 5 4 0 3 
746 6 7 1 5 4 0 3 
747 7 0 3 1 2 
748 0 5 4 7 6 
749 1 3 2 7 0 6 
750 1 0 3 6 2 
751 6 3 2 7 
752 0 3 5 2 6 
753 1 3 7 4 5 6 2 
754 1 3 0 2 5 6 
755 6 0 2 3 
756 6 4 7 5 
757 6 2 4 3 5 
758 7 4 5 
759 1 3 2 7 6 
760 6 3 2 
761 7 4 2 5 0 1 6 3 
762 1 6 7 3 
763 6 3 2 7 
764 1 0 5 2 4 7 6 
765 0 1 3 6 
766 7 3 2 0 6 
767 7 0 2 3 
768 7 4 6 5 
769 7 4 6 5 
770 6 3 2 7 0 
771 0 6 5 7 4 2 
772 1 3 0 2 
773 0 2 3 
774 1 5 2 4 3 6 
775 1 7 6 
776 7 6 5 4 2 
777 7 3 0 1 6 
778 6 0 1 3 2 
779 7 3 5 4 2 
780 0 6 1 2 3 
781 1 3 2 0 5 
782 1 4 6 5 
783 6 4 3 5 
784 0 3 1 2 
785 1 4 6 5 
786 1 7 6 3 
787 6 3 2 0 5 
788 6 3 2 7 
789 6 0 1 3 2 
790 7 1 6 5 4 0 3 
791 1 2 0 3 
792 6 5 4 2 
793 7 5 4 6 
794 1 6 2 0 3 
795 6 0 3 2 
796 1 0 7 6 5 4 2 
797 0 2 3 
798 7 0 3 1 5 4 6 2 
799 6 0 1 2 3 
800 7 5 4 0 1 6 3 
801 7 3 1 0 2 
802 7 0 3 1 5 4 6 2 
803 0 7 1 6 5 4 3 
804 1 5 4 0 6 3 
805 0 1 3 2 
806 1 4 2 5 0 6 3 
807 1 3 0 2 6 
808 6 7 4 2 5 0 1 
809 7 5 2 4 1 3 6 
810 6 5 4 7 
811 7 0 2 3 
812 0 3 7 
813 1 3 0 2 5 6 
814 1 6 5 7 4 2 
815 6 3 0 7 1 
816 0 3 1 2 
817 1 3 0 2 
818 1 7 6 5 4 0 3 
819 6 0 5 2 4 1 7 
820 6 3 2 7 0 
821 6 2 0 1 3 
822 7 3 0 
823 1 7 4 6 5 
824 7 5 4 0 1 6 3 
825 7 4 6 5 
826 1 3 2 0 5 
827 6 7 2 3 1 5 4 
828 1 0 3 2 
829 0 3 1 7 6 2 
830 7 1 6 3 
831 6 7 5 
832 7 5 6 4 2 3 
833 7 0 2 3 
834 6 5 4 2 7 3 
835 0 3 2 6 
836 1 7 6 3 
837 0 3 5 4 2 
838 1 7 6 3 
839 1 5 0 4 7 3 
840 6 3 1 0 7 2 
841 7 5 0 4 3 
842 6 7 2 3 1 5 4 
843 7 0 5 2 4 1 6 
844 0 3 2 6 
845 1 4 6 5 
846 1 0 3 5 4 6 2 
847 6 2 0 3 7 
848 0 7 6 3 
849 1 0 2 3 
850 1 2 6 5 3 
851 6 7 1 5 4 0 3 
852 6 3 5 2 
853 6 7 5 
854 7 5 0 4 1 3 
855 1 6 7 3 
856 6 3 2 4 0 5 
857 7 5 6 
858 1 7 4 6 5 
859 6 3 0 1 2 
860 1 0 7 6 5 4 2 
861 0 6 4 3 5 
862 7 3 0 2 1 5 6 
863 6 2 3 
864 7 3 2 4 0 5 
865 6 3 2 
866 6 2 0 1 3 
867 0 6 2 1 3 
868 1 0 3 2 
869 0 3 2 5 
870 1 7 0 3 4 5 
871 1 3 2 6 
872 6 3 0 1 2 
873 7 6 0 1 2 3 
874 6 2 0 3 
875 7 0 3 2 
876 0 3 2 6 
877 1 3 0 2 
878 0 6 5 4 2 3 
879 6 4 7 5 
880 0 3 2 
881 1 3 5 2 6 
882 1 5 2 4 3 6 
883 6 0 3 2 
884 6 5 4 2 3 
885 6 2 0 1 3 
886 7 3 2 4 0 5 
887 1 0 5 2 4 7 6 
888 6 7 3 
889 7 6 5 4 2 
890 1 5 4 7 6 
891 6 7 5 
892 1 0 5 2 4 7 6 
893 0 6 5 4 2 3 
894 7 3 5 4 2 
895 6 3 2 0 5 
896 7 3 0 1 2 
897 7 2 3 6 
898 6 0 3 1 2 
899 0 7 5 6 
900 1 3 0 7 
901 0 4 7 6 5 
902 1 6 7 3 
903 1 0 3 5 4 6 2 
904 6 2 0 3 
905 7 2 3 1 5 4 6 
906 6 5 4 2 
907 7 2 0 1 3 
908 0 5 4 7 3 
909 1 4 2 5 0 6 3 
910 1 7 5 6 
911 6 7 4 5 
912 0 2 3 
913 1 3 2 0 5 
914 1 3 7 4 5 6 2 
915 7 3 2 6 
916 6 5 4 0 1 3 
917 6 0 2 3 
918 7 4 2 5 0 1 6 
919 1 3 7 4 5 6 2 
920 6 5 4 7 
921 7 6 5 
922 1 0 3 4 5 7 
923 6 4 3 5 
924 1 3 2 7 6 
925 0 3 2 4 5 
926 7 4 6 5 
927 6 3 2 4 0 5 
928 7 3 0 2 
929 7 3 0 
930 6 3 5 2 
931 0 2 4 3 5 
932 1 3 2 7 6 
933 0 7 6 5 
934 0 3 1 5 4 6 2 
935 1 7 4 2 5 0 6 
936 6 0 3 1 2 
937 0 7 4 2 5 1 6 
938 6 3 0 2 1 5 
939 7 3 1 0 2 
940 0 5 4 7 3 
941 1 6 0 2 3 
942 1 5 4 2 7 3 
943 6 3 2 4 0 5 
944 0 3 1 2 
945 1 6 5 4 2 
946 1 6 0 2 3 
947 6 5 0 4 7 3 
948 6 0 2 3 
949 0 4 6 7 5 
950 0 3 1 7 6 2 
951 0 7 5 4 3 
952 0 4 2 5 1 6 3 
953 2 6 4 3 5 
954 1 0 2 3 
955 0 3 1 2 
956 1 6 5 4 2 
957 0 4 7 5 
958 7 0 3 1 4 5 
959 6 5 2 4 1 3 
960 0 6 5 7 4 2 
961 0 3 1 2 6 
962 3 0 1 2 
963 0 5 4 7 3 
964 0 5 4 1 3 
965 0 3 7 1 6 
966 1 7 6 5 4 0 3 
967 1 6 4 3 5 
968 0 3 2 5 
969 0 5 6 4 2 7 3 
970 7 6 2 0 1 3 
971 6 3 1 0 7 2 
972 0 4 6 5 
973 0 3 2 5 
974 1 7 0 3 4 5 
975 7 6 5 4 2 
976 0 7 1 6 5 4 3 
977 0 7 3 1 4 5 
978 0 7 1 6 5 4 3 
979 6 5 4 2 7 3 
980 7 3 1 0 2 6 
981 6 5 4 2 
982 7 6 5 4 2 3 
983 1 0 3 2 
984 6 0 3 2 
985 7 0 2 3 
986 0 6 4 3 5 
987 6 4 7 5 
988 0 3 1 2 
989 0 7 6 
990 7 3 0 
991 6 2 5 3 
992 0 7 3 1 4 5 
993 0 7 6 5 
994 3 4 6 5 
995 0 3 2 6 
996 1 7 6 
997 0 3 1 7 6 2 
998 1 2 4 3 5 
999 1 0 5 2 4 7 6 
1000 1 3 2 4 0 5 
1001 0 5 4 1 3 
1002 6 2 0 1 3 
1003 7 3 5 4 2 
1004 0 4 7 5 
1005 1 3 7 4 5 6 2 
1006 1 2 0 3 
1007 6 5 2 4 1 3 
1008 0 2 3 7 6 
1009 1 2 6 5 3 
1010 1 7 2 3 5 4 6 
1011 6 5 4 2 7 3 
1012 6 7 4 5 
1013 0 3 1 2 
1014 0 3 2 7 6 
1015 0 7 5 6 
1016 0 7 6 5 1 4 2 
1017 2 3 0 5 
1018 0 2 3 7 6 
1019 0 3 1 2 6 
1020 0 4 7 5 
1021 0 5 4 7 3 
1022 7 5 4 6 
1023 6 2 0 1 3 
