0 0 4 5 1 
1 6 0 2 3 1 
2 1 3 2 
3 1 4 
4 1 3 2 
5 6 2 3 1 
6 5 0 1 
7 5 6 7 4 1 
8 0 1 
9 4 5 6 7 2 
10 0 5 4 
11 4 3 2 1 
12 5 4 
13 2 4 1 
14 6 4 
15 6 0 2 3 1 
16 0 6 5 1 
17 0 3 1 
18 3 5 6 7 4 
19 5 6 3 7 4 2 
20 4 6 7 
21 4 3 1 
22 2 0 1 
23 6 3 2 1 
24 7 2 3 1 
25 3 0 1 
26 5 6 3 7 4 2 
27 2 5 4 3 
28 7 2 3 0 
29 3 2 1 
30 7 5 4 
31 6 5 7 4 1 
32 1 5 4 
33 1 0 
34 0 5 4 
35 0 1 
36 6 2 5 4 3 
37 7 0 2 3 1 
38 3 0 2 1 
39 0 6 5 1 
40 5 0 1 
41 0 5 4 
42 4 2 5 3 
43 4 5 
44 5 7 4 
45 7 6 4 
46 0 5 6 7 4 2 
47 1 0 2 3 
48 4 5 
49 2 6 7 4 
50 5 4 
51 2 3 1 
53 1 3 2 
54 5 4 
55 2 5 6 7 4 
56 5 0 1 
57 2 5 6 7 4 
58 6 3 2 1 
59 1 4 
60 2 6 5 7 4 0 
61 3 6 7 4 
62 2 3 1 
63 6 4 
64 0 4 1 
65 6 0 1 
66 1 4 
67 1 2 
68 1 5 6 7 4 
69 6 5 7 4 2 
70 4 6 7 
71 4 3 2 1 
72 0 5 6 7 4 
73 4 6 7 5 1 
74 0 2 3 
75 4 3 2 1 
76 5 6 4 1 
77 2 3 1 
78 6 4 
79 6 4 
80 0 2 3 1 
81 0 5 4 
82 3 5 6 7 4 2 
83 5 1 
84 5 0 1 
85 4 0 1 
86 2 3 1 
87 6 2 1 
88 7 5 6 4 2 
89 3 0 1 
90 5 3 2 1 
91 2 0 1 
92 7 0 1 
93 3 5 6 7 4 
94 7 1 
95 6 3 2 1 
96 1 0 
97 1 0 
98 1 2 3 0 
99 0 6 5 1 
100 6 7 5 4 1 
101 7 1 
102 3 2 1 
103 0 5 6 7 4 
104 5 4 
105 0 3 2 1 
106 4 6 5 1 
107 4 6 5 1 
108 5 0 1 
109 7 5 6 4 2 
110 0 6 4 1 
111 1 7 4 
112 4 6 5 1 
113 3 2 5 4 
114 7 4 
115 3 6 7 5 4 1 
116 4 1 
117 1 6 7 4 
118 5 2 1 
119 2 6 7 5 4 1 
120 5 2 4 3 
121 2 4 
122 6 2 3 0 
123 1 3 2 
124 2 6 7 4 
125 3 0 1 
126 1 4 
127 6 3 2 1 
128 0 5 6 7 4 2 
129 7 3 2 1 
130 1 4 
131 1 6 5 
132 2 1 
133 6 5 4 
134 5 6 7 4 2 
135 5 6 7 4 1 
136 0 6 3 7 5 4 2 
138 0 4 5 1 
139 4 5 6 7 
140 5 6 1 
141 2 5 6 7 4 1 
142 6 4 1 
143 6 0 1 
144 0 2 3 
145 1 2 3 0 
146 3 5 6 7 4 2 
147 5 0 1 
148 5 0 1 
149 4 6 3 7 5 2 
150 2 3 1 
151 6 4 
152 7 6 4 
153 3 2 1 
154 5 6 4 1 
155 2 7 4 
156 7 0 2 3 1 
157 3 2 1 
158 7 0 2 3 1 
159 6 2 3 0 
160 1 6 7 5 4 
161 1 6 7 5 4 
162 0 6 7 4 
163 0 3 1 
164 6 5 7 4 2 
165 7 5 6 4 2 
166 3 1 
167 0 2 3 1 
168 4 0 1 
169 0 6 5 7 4 
171 4 3 2 1 
172 5 0 1 
173 7 4 1 
174 1 4 
175 1 5 4 
176 4 2 3 1 
177 2 0 1 
178 5 6 4 1 
179 3 2 1 
180 4 0 1 
181 0 6 4 1 
182 7 6 5 4 0 
183 2 0 1 
184 5 3 2 1 
185 2 1 
186 6 3 2 1 
187 2 0 3 1 
188 2 3 1 
189 3 7 4 
190 0 6 3 7 5 4 2 
191 6 5 4 
192 0 1 
193 6 5 7 4 0 
194 1 3 2 
195 1 7 4 
196 1 6 7 4 
197 6 3 1 
198 5 3 2 1 
199 5 6 7 4 1 
200 0 7 4 
201 4 3 1 
202 0 1 
203 4 1 
204 5 4 
205 2 5 6 7 4 1 
206 6 5 4 
207 6 4 5 1 
208 0 4 
209 0 6 5 1 
210 3 0 1 
211 5 0 1 
212 5 2 1 
213 4 6 3 7 5 2 
214 3 0 2 1 
215 6 3 2 1 
216 7 0 1 
217 3 0 1 
218 5 3 2 1 
219 2 6 7 5 4 1 
220 7 6 4 1 
221 3 2 1 
222 7 5 6 4 
223 6 5 1 
224 1 4 
225 1 6 5 7 4 0 
226 0 5 4 
227 0 3 2 1 
228 7 1 
229 4 5 
230 3 2 1 
231 0 5 4 
232 5 3 2 1 
233 0 6 7 5 4 1 
234 4 2 3 0 
235 4 3 2 1 
236 5 4 
237 7 3 1 
238 0 2 1 
239 1 6 5 
240 4 3 2 1 
241 2 1 
242 5 2 1 
243 3 4 1 
245 3 7 4 
246 5 6 3 7 4 2 
247 2 6 3 7 5 4 
248 7 3 2 1 
249 3 4 
250 6 0 2 3 1 
251 1 2 3 
252 0 4 5 1 
253 3 1 
254 0 4 
255 6 2 1 
256 0 6 5 1 
257 6 0 1 
258 1 2 5 4 3 
259 1 0 
260 1 3 2 
261 6 2 5 4 3 
262 5 6 7 4 
263 5 0 1 
264 0 5 6 7 4 2 
265 4 0 1 
266 0 4 5 1 
267 4 6 5 1 
268 5 4 1 
269 2 7 4 
270 6 3 2 1 
271 6 3 7 5 4 2 
272 0 2 3 
273 0 2 5 4 3 
274 3 5 4 
275 5 4 1 
276 5 4 1 
277 4 3 2 1 
278 2 6 7 5 4 1 
279 6 4 1 
280 7 4 
281 3 2 5 4 
282 5 2 4 3 
283 2 4 
284 7 2 3 1 
285 3 4 1 
286 7 6 3 5 4 2 
287 6 1 
289 1 7 4 
290 0 3 2 1 
291 3 5 6 7 4 2 
292 6 2 3 1 
293 7 2 5 4 3 
294 0 6 7 4 
295 0 6 3 7 5 4 2 
296 5 6 7 4 0 
297 1 4 
298 4 1 
299 4 5 6 7 
300 4 0 1 
301 7 1 
302 0 4 5 1 
303 1 0 
304 6 2 3 1 
305 2 6 7 5 4 1 
306 5 6 7 4 0 
307 3 2 1 
309 1 5 4 
310 5 0 1 
311 2 6 4 1 
312 4 0 1 
313 2 1 
314 6 5 4 
315 1 0 
316 2 3 0 
317 3 5 4 
318 0 5 4 
319 6 7 4 
320 0 1 
321 5 3 2 1 
322 1 3 2 
323 1 5 6 7 4 
324 1 3 2 
325 6 4 1 
326 5 4 
327 5 6 7 4 1 
328 0 5 4 
329 4 6 7 
330 0 6 5 7 4 
331 4 0 1 
332 5 4 
333 2 3 1 
334 6 2 5 4 3 
335 6 5 7 4 0 
336 0 7 4 
337 0 6 3 7 5 4 2 
338 3 0 2 1 
339 7 5 6 4 1 
340 5 6 7 4 
341 4 6 7 
342 2 1 
343 6 0 1 
344 7 3 1 
345 3 6 4 1 
346 5 3 1 
347 2 7 4 
348 7 1 
349 3 6 7 5 4 2 
350 7 4 
351 6 0 1 
352 1 6 5 7 4 0 
353 1 5 4 
354 0 6 5 1 
355 0 3 2 1 
356 6 3 2 1 
357 6 0 2 3 1 
358 3 0 1 
359 1 3 2 
360 5 0 2 3 1 
361 0 6 5 7 4 
362 4 6 5 7 0 
363 4 5 1 
364 5 4 
365 5 4 1 
366 1 0 
367 1 4 
368 4 3 1 
369 2 3 1 
370 5 6 7 4 0 
371 3 2 1 
372 4 5 
373 1 3 2 
374 7 2 3 1 
375 2 0 1 
376 5 3 2 1 
377 2 1 
378 6 3 2 1 
379 1 0 2 3 
380 2 1 
381 3 0 2 1 
382 0 5 6 7 4 2 
383 6 7 4 
384 0 5 6 7 4 1 
385 6 2 3 0 
386 1 6 3 7 5 4 2 
387 0 1 
388 1 2 
389 6 1 
390 5 4 1 
391 5 6 4 1 
392 0 3 2 1 
393 4 6 5 7 0 
394 0 6 7 5 4 1 
395 4 5 6 7 2 
396 5 6 7 4 1 
397 2 4 
398 6 4 1 
399 6 5 4 
400 0 5 6 7 4 
401 0 1 
402 3 5 6 7 4 1 
403 5 6 7 4 0 
404 5 3 2 1 
405 4 6 5 7 0 
406 2 6 5 7 4 0 
407 6 7 5 4 1 
408 7 3 2 1 
409 3 5 4 
410 5 2 3 1 
411 2 3 1 
412 7 3 2 1 
413 3 1 
414 7 3 2 1 
415 6 0 2 3 1 
416 1 2 5 4 3 
417 1 6 7 4 
418 2 0 1 
419 0 1 
420 6 5 4 
421 7 0 1 
422 3 0 1 
423 0 6 4 1 
424 6 5 7 4 1 
425 3 5 4 
426 4 1 
427 4 5 
428 5 1 
429 7 6 3 5 4 2 
430 3 2 5 4 
431 1 5 4 
432 4 3 2 1 
433 2 3 1 
434 5 6 1 
435 3 2 0 
436 4 5 6 7 
437 1 4 
438 5 6 7 4 2 
439 2 4 
440 5 0 1 
441 2 5 6 7 4 
442 6 5 4 
443 1 6 3 7 5 4 2 
444 2 5 4 3 
445 3 4 
446 0 3 2 1 
447 6 2 3 1 
448 0 2 3 1 
449 6 7 4 
450 1 6 4 
451 1 3 2 
452 1 3 2 
453 6 3 2 1 
454 5 6 3 7 4 2 
455 5 0 1 
456 0 1 
457 4 1 
458 0 2 3 1 
459 4 2 1 
460 4 3 1 
461 2 4 
462 6 3 1 
463 6 2 5 4 3 
464 0 6 5 7 4 
465 0 6 5 7 4 
466 1 6 3 7 5 4 2 
467 4 6 3 7 5 2 
468 5 0 2 3 1 
470 2 5 6 7 4 1 
471 6 0 2 3 1 
472 7 2 3 1 
473 3 1 
474 5 6 7 4 1 
475 2 7 4 
476 7 6 5 4 0 
477 3 6 4 1 
478 7 5 4 
479 6 5 7 4 
480 1 6 3 7 5 4 2 
481 1 6 4 
482 0 6 5 1 
483 0 6 7 4 
484 6 4 5 1 
485 7 4 5 1 
486 0 2 3 1 
487 0 3 2 1 
488 5 0 2 3 1 
489 0 2 3 
490 4 6 5 7 0 
491 4 1 
492 5 0 1 
493 7 2 3 1 
494 0 5 6 7 4 2 
495 0 1 
497 2 0 1 
498 5 0 1 
499 1 3 2 
500 4 2 1 
501 1 3 
502 5 2 3 0 
503 2 0 3 1 
504 5 6 1 
505 2 7 4 
506 6 0 1 
507 1 6 3 7 5 4 2 
508 0 2 3 
509 3 7 4 
510 0 1 
511 6 0 2 3 1 
512 0 5 4 
513 6 4 5 1 
514 1 5 6 7 4 
516 1 5 6 7 4 2 
517 6 0 2 3 1 
518 5 6 7 4 
519 5 0 2 3 1 
520 0 2 3 1 
521 4 6 7 5 1 
522 0 6 5 7 4 
523 6 5 7 4 
524 4 0 1 
525 2 0 3 1 
526 6 5 7 4 
527 6 0 2 3 1 
528 0 1 
529 0 2 3 
530 1 5 6 7 4 
531 5 0 1 
532 5 6 7 4 2 
533 4 2 1 
534 2 3 1 
535 6 4 
536 7 1 
537 3 2 1 
538 5 6 7 4 2 
539 2 3 0 
540 7 1 
541 3 0 2 1 
542 7 2 3 1 
543 6 0 1 
545 1 0 
546 0 1 
547 0 5 6 7 4 
548 6 0 1 
549 7 2 3 1 
550 1 5 4 
551 0 5 6 7 4 1 
552 5 7 4 
553 0 4 
554 4 2 5 3 
555 4 3 2 1 
556 5 4 
557 7 0 1 
558 0 5 6 7 4 2 
559 0 4 
560 4 2 5 3 
561 2 7 4 
562 4 7 
563 1 5 4 
564 4 3 1 
565 1 6 5 
566 7 5 6 4 2 
567 3 0 1 
568 5 6 3 7 4 2 
569 2 4 
570 7 3 2 1 
571 1 4 
572 0 2 3 1 
573 3 2 1 
574 0 4 
575 6 0 1 
576 0 6 5 7 4 
577 6 4 
578 1 7 4 
579 1 5 4 
580 1 0 2 3 
581 6 4 
582 5 6 7 4 
583 5 4 1 
584 0 1 
585 4 0 1 
586 0 6 4 1 
587 4 0 1 
588 5 6 7 4 1 
589 2 3 0 
590 6 3 2 1 
591 6 5 1 
592 0 2 3 1 
593 0 6 7 5 4 1 
594 3 5 4 
595 5 4 
596 5 2 1 
597 4 5 6 7 
598 2 4 5 1 
599 6 0 2 3 1 
600 7 4 
601 3 0 2 1 
602 5 6 7 4 
603 2 1 
604 7 6 3 5 4 2 
605 3 4 
606 7 6 3 5 4 2 
607 6 0 1 
608 1 4 
609 1 3 2 
610 0 1 
611 0 1 
612 6 0 1 
613 7 0 2 3 1 
614 3 2 1 
615 0 3 2 1 
616 5 6 7 4 1 
617 0 5 4 
618 4 6 7 
619 4 3 2 1 
620 5 2 4 3 
621 7 0 1 
622 0 1 
623 1 5 6 7 4 
624 4 2 3 0 
625 2 5 6 7 4 
626 5 0 2 3 1 
627 3 5 4 
628 4 6 1 
629 1 3 2 
630 5 0 1 
631 2 6 7 5 4 1 
632 5 4 1 
633 2 5 4 
634 6 5 1 
635 1 2 3 
636 2 3 1 
637 2 6 5 1 
638 0 2 1 
639 6 4 1 
640 0 2 3 1 
641 6 1 
642 3 6 5 1 
643 1 2 5 4 3 
644 1 7 4 
645 6 5 7 4 1 
646 5 2 4 3 
647 5 4 
648 0 5 4 
649 4 1 
650 0 5 4 
651 4 0 1 
652 5 6 7 4 1 
653 2 3 1 
654 6 0 1 
655 6 7 4 
656 0 5 6 7 4 
657 0 1 
658 3 1 
659 4 2 3 0 
660 5 4 1 
661 4 0 1 
662 2 7 4 
663 6 4 5 1 
664 7 5 6 4 2 
665 3 4 
666 5 6 7 4 0 
667 2 5 4 3 
668 7 5 6 4 
669 3 0 1 
670 7 6 3 5 4 2 
671 6 5 7 4 0 
672 1 6 5 7 4 0 
673 1 4 5 
674 2 3 1 
675 2 3 1 
676 7 4 
677 7 5 4 
678 3 0 2 1 
679 2 1 
680 5 3 1 
681 2 3 1 
682 4 6 5 7 0 
683 4 1 
684 5 2 3 0 
685 7 2 1 
686 3 2 5 4 
687 3 4 
688 4 0 1 
689 2 0 3 1 
690 5 3 2 1 
691 3 6 5 1 
692 4 7 
693 3 0 1 
694 4 0 2 3 1 
695 2 7 4 
696 5 2 1 
697 2 5 6 7 4 
698 6 2 3 0 
699 2 6 3 7 5 4 
700 2 1 
701 3 4 5 1 
702 3 1 
703 7 4 
704 3 2 0 
705 6 7 4 
706 1 0 
707 1 6 7 5 4 
708 1 3 2 
709 6 2 3 1 
710 5 6 7 4 2 
711 5 0 1 
712 0 5 4 
713 4 2 1 
714 0 4 
715 4 3 2 1 
716 5 0 1 
717 2 3 1 
718 6 7 4 
719 6 7 5 4 1 
720 0 7 4 
721 0 6 4 1 
722 3 0 2 1 
723 5 0 1 
724 5 0 1 
726 3 2 1 
727 6 3 2 1 
728 7 5 6 4 
729 3 6 4 1 
730 5 2 4 3 
731 2 6 4 1 
732 7 3 1 
733 3 6 4 1 
734 7 0 1 
735 6 5 7 4 
736 1 0 2 3 
737 1 5 4 
738 0 2 3 1 
739 0 2 3 1 
740 6 4 
741 7 5 6 4 1 
742 2 4 5 1 
743 0 6 7 5 4 1 
744 5 6 7 4 
745 0 1 
746 4 6 1 
747 4 2 1 
748 5 0 1 
749 7 0 1 
750 0 6 5 1 
751 1 3 2 
753 2 7 4 
754 5 3 2 1 
755 2 3 1 
756 4 3 2 1 
757 0 1 
758 5 4 1 
759 2 3 1 
760 5 6 7 4 2 
761 2 0 1 
762 6 4 1 
763 1 3 2 
764 2 1 
765 3 5 6 7 4 1 
766 0 2 3 1 
767 4 5 
768 0 5 6 7 4 
769 6 4 5 1 
770 1 3 2 
771 0 4 1 
772 1 6 5 
773 6 5 7 4 1 
774 5 7 4 
775 7 5 6 4 2 
776 1 3 2 
777 4 5 6 7 1 
778 0 4 1 
779 4 7 
780 5 6 7 4 1 
781 2 3 1 
782 6 5 7 4 0 
783 6 0 1 
784 0 3 2 1 
785 1 2 5 4 3 
786 3 2 1 
787 7 4 
788 5 6 7 4 1 
789 4 0 1 
790 2 6 7 5 4 1 
791 6 4 1 
792 7 3 2 1 
793 3 4 5 1 
794 5 2 1 
795 2 3 0 
796 7 5 6 4 1 
797 3 0 1 
798 7 6 4 
799 6 0 2 3 1 
800 1 4 
801 1 3 2 
802 1 6 7 5 4 
803 0 1 
804 6 5 7 4 2 
805 6 5 7 4 
806 1 6 4 
807 3 6 7 5 4 2 
808 7 0 1 
809 1 4 5 
810 4 0 1 
811 4 6 5 1 
812 6 3 2 1 
813 7 6 5 4 0 
814 1 3 
815 3 6 4 1 
816 6 0 2 3 1 
817 2 3 0 
818 7 3 2 1 
819 3 6 7 5 4 2 
820 4 3 2 1 
821 1 6 7 5 4 
822 7 3 1 
823 3 5 4 
824 7 6 3 5 4 2 
825 2 3 1 
826 7 4 5 1 
827 1 2 3 0 
828 2 6 7 4 
829 3 5 6 7 4 1 
830 1 0 
831 7 6 4 
832 1 4 
833 7 5 4 
834 1 6 5 7 4 0 
835 7 6 4 
836 1 4 
837 7 5 6 4 
838 3 0 2 1 
839 7 6 5 4 1 
840 1 3 
841 7 6 5 1 
842 1 2 3 
843 6 2 5 4 3 
844 7 3 2 1 
845 2 0 1 
846 6 5 7 4 2 
847 6 2 1 
848 3 6 7 5 4 1 
849 1 4 
850 3 4 
851 7 4 
852 4 3 2 1 
853 7 3 2 1 
854 2 3 1 
855 7 5 6 4 
856 7 5 6 4 
857 3 6 4 1 
858 5 2 3 0 
859 3 2 5 4 
860 4 0 1 
861 3 6 5 1 
862 7 3 2 1 
863 5 3 1 
864 3 5 4 
865 3 6 4 1 
866 2 0 3 1 
867 3 4 5 1 
868 4 3 2 1 
869 4 5 1 
870 3 0 2 1 
871 2 0 1 
872 7 4 1 
873 2 4 
874 4 6 7 
875 4 6 7 5 1 
876 6 3 2 1 
877 5 0 1 
878 3 4 5 1 
879 3 0 1 
880 6 5 4 
881 2 0 1 
883 3 0 2 1 
884 4 3 1 
885 3 0 1 
886 7 0 1 
887 2 0 3 1 
888 7 3 2 1 
889 2 1 
890 7 0 2 3 1 
891 2 6 3 7 5 4 
892 2 3 1 
893 3 6 7 5 4 1 
894 2 3 1 
895 4 1 
896 3 6 7 4 
897 5 0 1 
898 3 0 2 1 
899 3 5 6 7 4 
900 1 2 5 4 3 
901 7 6 5 1 
902 7 5 6 4 1 
903 7 0 1 
904 1 3 2 
905 7 3 2 1 
906 1 0 2 3 
907 6 4 5 1 
908 7 5 4 
909 2 1 
910 6 0 1 
911 5 4 
912 1 5 4 
913 1 0 2 3 
914 3 5 6 7 4 1 
915 7 3 1 
916 4 3 2 1 
917 4 6 7 
918 7 3 1 
919 7 4 
920 7 6 4 
921 7 6 4 1 
922 2 3 0 
923 4 5 6 7 2 
924 4 6 7 5 1 
925 3 2 5 4 
926 7 0 1 
927 5 2 3 1 
928 1 4 
929 3 2 1 
930 1 3 
931 3 5 6 7 4 1 
932 4 2 3 1 
933 7 2 3 0 
934 7 2 3 1 
935 7 3 2 1 
936 3 4 1 
937 7 3 2 1 
938 2 1 
939 2 0 1 
940 6 2 5 4 3 
941 2 4 5 1 
942 6 5 4 
943 6 0 1 
944 3 6 5 7 4 0 
945 2 4 
946 7 3 2 1 
947 7 3 1 
948 3 2 1 
949 3 2 5 4 
950 2 6 4 1 
951 7 0 1 
952 2 4 
953 7 3 2 1 
954 2 0 1 
955 4 1 
956 2 6 7 5 4 1 
957 3 0 1 
958 4 2 5 3 
959 3 1 
960 3 0 2 1 
961 7 3 2 1 
962 1 0 
963 1 6 7 5 4 
964 2 3 0 
965 7 0 2 3 1 
966 7 0 1 
967 7 6 5 1 
968 1 2 3 
969 4 6 3 7 5 2 
970 2 1 
971 6 5 7 4 1 
972 7 4 
973 2 4 5 1 
974 6 3 2 1 
975 5 0 1 
976 1 3 
977 1 0 2 3 
978 3 0 2 1 
979 2 5 6 7 4 1 
980 4 5 
981 4 5 
982 2 3 1 
983 7 1 
984 1 3 2 
985 3 2 1 
986 5 3 2 1 
987 2 0 1 
988 4 3 2 1 
989 3 5 4 
990 7 2 3 0 
991 5 6 3 7 4 2 
992 3 0 2 1 
993 3 4 5 1 
994 2 6 5 1 
995 7 3 2 1 
996 4 6 1 
997 4 7 
998 7 3 2 1 
999 7 4 1 
1000 3 5 6 7 4 1 
1001 7 0 1 
1002 2 4 5 1 
1003 3 4 
1004 4 0 2 3 1 
1005 2 1 
1006 6 5 4 
1007 4 0 1 
1008 3 4 
1009 2 1 
1010 3 0 1 
1011 7 6 4 1 
1012 3 2 1 
1013 3 6 5 7 4 0 
1014 2 1 
1015 7 0 2 3 1 
1016 2 4 1 
1017 7 4 
1018 3 2 1 
1019 4 2 3 1 
1020 3 6 7 5 4 1 
1021 3 2 0 
1022 4 6 5 1 
1023 3 0 1 
