0 3 7 1 4 6 
1 5 7 6 3 2 
2 5 3 2 0 1 4 
3 5 2 7 4 3 6 
4 3 4 7 
5 2 0 3 1 
6 3 0 1 5 4 
7 4 5 0 1 
8 2 3 7 6 1 
9 2 5 7 6 
10 0 3 5 2 4 
11 2 7 4 3 5 
12 5 0 3 7 6 2 
13 7 1 3 6 2 4 
14 6 3 7 2 1 
15 5 4 7 3 6 0 1 
16 1 0 5 7 4 
17 0 3 4 7 1 
18 5 3 2 1 4 
19 4 0 5 1 3 
20 4 7 6 
21 7 4 5 6 
22 4 0 3 1 
23 5 2 3 1 4 
24 1 0 3 
25 4 1 0 3 
26 7 3 2 
27 0 5 7 4 
28 3 1 7 4 
29 7 0 3 1 5 6 
30 4 1 2 0 5 
31 1 0 3 7 6 2 5 
32 4 5 0 
33 6 3 1 4 
34 5 7 4 
35 0 7 3 1 5 6 
36 6 5 1 0 4 
37 6 7 4 
38 4 0 3 2 5 
39 0 4 7 3 6 1 
40 4 0 3 2 5 
41 7 5 1 0 4 
42 0 2 5 4 
43 0 1 2 4 5 
44 0 7 3 1 5 6 
45 5 1 0 7 4 
46 5 2 7 4 3 6 
47 4 5 7 6 
48 4 7 6 3 2 
49 0 4 2 1 5 
50 1 0 3 4 
51 3 1 0 5 7 4 
52 3 1 7 2 4 
53 1 3 7 4 
54 1 3 7 6 2 
55 5 4 0 
56 4 3 7 6 2 1 
57 4 7 6 3 2 
58 1 4 0 
59 1 2 3 5 
60 2 3 5 1 4 
61 7 0 2 1 3 4 
62 6 5 7 
63 3 4 5 6 7 
64 0 3 2 7 5 
65 5 0 3 4 2 1 7 
66 5 0 3 4 2 
67 5 4 7 3 6 0 1 
68 3 2 0 1 
69 2 3 5 6 0 7 1 
70 3 7 5 4 1 6 
71 6 4 7 1 
72 2 5 7 4 
73 2 1 7 4 
74 0 2 1 7 3 4 
75 2 5 7 4 
76 5 7 1 3 6 2 4 
77 7 3 5 2 4 
78 6 2 3 5 1 4 
79 5 7 4 
80 1 7 4 
81 0 3 1 
82 5 7 1 4 
83 4 0 1 5 
84 4 3 2 
85 7 3 6 2 1 
86 5 7 1 6 4 0 
87 5 2 7 4 3 6 
88 1 0 2 5 4 
89 4 2 5 3 1 
90 7 4 1 
91 0 4 7 1 
92 3 4 5 0 
93 7 5 4 
94 4 3 5 2 0 1 
95 1 0 2 5 4 
96 4 0 1 
97 7 2 5 3 1 4 
98 5 6 7 2 4 0 1 
99 1 7 4 6 
100 6 3 7 2 1 
101 6 2 7 4 3 5 
102 5 0 1 3 4 
103 0 4 5 1 
104 4 0 2 1 5 
105 7 4 1 
106 0 5 7 6 
107 0 7 6 1 4 5 
108 0 1 3 4 
109 4 0 5 1 3 
110 5 2 7 4 3 
111 4 7 3 6 0 1 
112 4 2 7 3 5 
113 0 7 3 1 4 6 
114 1 2 7 4 3 6 5 
115 3 1 0 5 7 4 
116 3 2 5 
117 1 0 5 4 
118 1 2 0 5 6 7 
119 5 4 0 1 
120 4 0 3 2 1 7 
121 5 7 4 
122 1 5 7 6 
123 1 3 7 4 
124 2 3 1 6 7 4 
125 4 7 5 1 6 
126 7 0 2 1 3 4 
127 3 5 7 1 4 
128 0 4 7 
129 5 7 1 6 4 0 
130 5 7 6 3 2 
131 5 3 2 4 
132 3 7 1 6 2 4 
133 2 7 6 1 4 5 
134 3 0 4 2 5 
135 4 0 3 1 
136 2 1 4 
137 2 1 3 7 4 
138 0 1 3 4 
139 2 5 6 7 4 
140 5 0 3 7 6 2 
141 7 0 3 1 4 
142 6 5 7 1 4 
143 5 3 1 4 
144 3 2 7 4 6 5 
145 0 7 3 1 4 6 
146 7 2 0 5 6 1 
147 4 0 1 
148 4 0 2 5 
149 7 3 1 4 6 
150 4 5 6 7 
151 5 0 1 4 
152 1 2 3 5 4 
153 4 5 6 7 
154 7 2 0 3 1 
155 0 5 7 4 
156 3 0 1 4 
157 7 6 2 4 0 1 
158 4 0 1 5 
159 1 3 7 2 4 
160 4 0 3 7 1 
161 6 4 5 0 
162 5 4 0 
163 0 4 3 1 5 
164 6 0 3 1 4 
165 4 1 0 7 
166 5 7 4 6 
167 0 1 7 4 
168 4 0 2 1 5 
169 7 0 3 1 
170 0 4 2 1 5 
171 0 3 1 4 
172 0 6 7 2 4 1 
173 5 6 7 2 4 0 1 
174 5 4 7 3 6 0 1 
175 4 7 6 3 2 
176 4 7 5 1 6 
177 0 5 7 6 
178 1 2 0 3 
179 3 2 0 5 6 1 7 
180 3 2 5 1 4 
181 1 0 4 
182 1 2 3 5 
183 4 3 2 1 
184 4 3 5 2 0 1 
185 4 7 6 3 2 
186 1 2 7 4 3 6 5 
187 1 7 3 6 2 4 
188 2 0 3 4 5 
189 4 0 3 7 1 
190 7 2 0 3 1 
191 3 1 0 4 
192 0 7 4 6 
193 5 0 3 7 6 2 
194 5 3 4 2 0 1 
195 5 7 3 1 4 6 
196 3 1 7 4 
197 2 0 3 4 5 
198 3 4 1 5 
199 4 2 0 5 6 1 7 
200 2 4 5 6 7 
201 2 4 5 6 7 
202 0 3 4 1 5 
203 2 0 3 1 
204 5 0 1 3 4 
205 6 3 2 0 1 5 4 
206 6 3 2 0 1 5 4 
207 5 3 7 6 2 1 
208 1 5 6 7 4 
209 0 5 7 4 
210 5 4 3 0 1 
211 4 0 3 1 
212 4 0 3 1 
213 7 0 5 1 3 4 
214 4 7 5 1 6 
215 5 0 2 4 
216 1 0 4 2 5 
217 4 7 3 1 6 
218 7 4 5 6 
219 0 4 7 1 
220 2 6 7 4 0 1 
221 7 3 1 4 6 
222 4 0 3 1 
223 1 5 7 4 
224 4 5 7 6 
225 6 4 5 0 1 
226 5 3 2 7 
227 0 2 3 5 1 4 
228 6 0 3 4 2 5 
229 6 1 0 5 7 4 
230 5 6 7 4 
231 0 1 5 4 
232 4 5 0 
233 7 5 4 1 6 
234 0 4 5 6 7 
235 0 3 5 2 4 
236 0 2 7 4 3 6 5 
237 5 4 6 7 
238 5 2 0 3 1 
239 4 0 3 1 
240 4 7 0 3 1 5 6 
241 1 4 0 
242 1 3 7 2 4 
243 3 1 0 5 7 4 
244 3 1 4 
245 1 3 7 4 
246 1 0 3 4 
247 5 4 7 1 
248 4 1 7 
249 4 0 5 1 3 
250 1 7 3 6 2 4 
251 1 3 5 6 0 2 7 
252 3 4 7 
253 4 0 3 2 1 7 
254 7 4 3 6 0 1 
255 3 7 0 1 5 6 
256 0 5 7 1 4 
257 5 3 4 1 
258 5 7 6 1 4 
259 7 6 3 2 
260 2 1 0 7 4 
261 2 4 5 0 1 
262 3 2 
263 5 2 3 1 4 
264 2 7 4 6 
265 2 5 7 4 
266 0 7 3 1 4 6 
267 2 0 5 6 1 7 
268 5 1 2 4 0 
269 7 0 3 6 2 5 
270 7 2 0 5 6 1 
271 5 3 2 1 4 
272 1 3 6 7 2 4 
273 0 7 1 6 4 
274 4 3 1 
275 5 0 3 1 
276 4 0 5 1 3 
277 6 0 1 5 4 
278 4 7 6 1 5 
279 5 7 4 6 
280 1 3 7 2 4 
281 4 3 5 6 0 2 7 1 
282 7 1 2 4 0 5 
283 0 3 1 6 7 2 4 
284 3 2 7 4 6 5 
285 6 3 5 2 4 
286 5 4 6 7 
287 0 7 6 1 4 5 
288 4 7 6 1 5 
289 6 4 3 0 1 5 
290 3 0 4 2 5 
291 0 7 4 6 
292 6 2 3 5 
293 6 3 2 0 1 5 4 
294 5 6 7 4 
295 0 5 1 4 
296 4 0 2 1 5 
297 6 1 0 5 7 4 
298 0 3 5 6 2 7 1 
299 1 0 2 5 4 
300 0 1 3 4 
301 6 7 2 4 0 1 
302 4 3 1 
303 4 7 3 1 6 
304 4 6 7 2 0 1 
305 0 7 3 1 5 6 
306 1 5 7 4 
307 3 0 4 2 1 7 
308 3 1 0 7 4 
309 1 7 3 6 2 4 
310 1 4 5 6 7 
311 5 3 2 
312 5 7 4 6 
313 4 3 2 
314 1 3 2 0 5 4 
315 1 7 3 4 6 
316 2 3 7 5 
317 5 0 3 7 6 2 
318 7 2 3 5 
319 3 4 5 0 
320 1 4 0 
321 5 2 7 4 3 
322 5 3 7 6 2 1 
323 5 7 0 3 1 6 
324 3 4 7 
325 2 3 5 4 0 1 
326 3 0 1 4 
327 4 3 5 6 0 2 7 1 
328 2 7 6 3 
329 2 1 0 4 
330 0 7 1 3 6 2 4 
331 2 4 3 0 1 5 
332 1 4 0 
333 7 0 4 2 1 5 
334 6 3 5 4 2 0 1 
335 5 1 3 7 2 4 
336 1 2 3 5 4 
337 1 4 5 0 
338 5 1 0 4 
339 4 7 
340 4 7 6 3 2 
341 7 1 0 5 4 
342 4 3 0 1 5 
343 5 1 4 
344 1 4 7 
345 4 0 1 
346 7 1 0 3 4 
347 0 3 1 
348 3 7 6 2 1 
349 7 0 3 4 1 
350 4 7 0 3 1 5 6 
351 1 2 5 3 4 
352 5 0 3 4 2 1 7 
353 6 2 3 5 1 4 
354 5 7 4 
355 0 2 5 6 1 7 
356 6 7 1 4 5 
357 6 3 5 2 4 
358 5 4 0 
359 1 3 7 4 
360 4 7 0 3 1 5 6 
361 7 3 5 6 0 2 1 
362 1 2 0 5 6 7 
363 0 3 1 4 
364 0 2 3 5 
365 5 6 7 2 4 0 1 
366 5 7 4 1 6 
367 4 5 7 1 
368 4 1 0 7 
369 0 3 2 1 5 4 
370 1 3 5 6 0 2 7 
371 3 2 5 
372 2 0 3 4 1 7 
373 1 0 7 4 
374 1 7 3 6 2 4 
375 6 5 7 1 4 
376 6 5 7 
377 4 1 3 7 2 
378 1 4 5 6 7 
379 1 4 
380 2 3 5 
381 4 1 2 0 5 
382 7 0 5 1 3 4 
383 3 4 7 1 
384 0 5 7 6 
385 5 0 2 1 7 3 4 
386 5 4 7 3 6 0 1 
387 7 4 
388 3 0 1 
389 2 1 0 7 4 
390 3 0 4 2 1 5 
391 6 3 2 7 5 
392 2 4 0 1 
393 2 3 7 5 
394 0 4 7 
395 2 4 5 0 1 
396 5 3 2 4 
397 7 1 3 2 4 
398 6 4 5 7 
399 7 3 1 6 2 4 
400 3 4 5 6 7 
401 0 6 7 2 4 1 
402 5 7 1 3 6 2 4 
403 5 1 0 3 4 
404 4 3 1 6 7 2 
405 7 5 6 
406 7 4 6 
407 5 2 0 3 1 
408 1 2 3 5 4 
409 5 2 3 
410 7 4 5 6 
411 0 7 1 6 4 
412 3 1 4 
413 7 0 4 2 1 5 
414 5 2 0 6 1 7 
415 1 2 3 5 
416 4 7 1 3 6 2 
417 6 5 7 1 4 
418 4 7 3 6 0 1 
419 0 7 6 1 4 5 
420 2 1 4 
421 4 1 3 7 
422 5 1 0 4 
423 0 2 5 4 
424 5 2 0 6 1 7 
425 7 5 1 0 4 
426 0 1 3 7 2 4 
427 0 3 2 7 5 
428 1 5 7 6 
429 5 3 4 1 
430 5 3 2 1 4 
431 7 1 0 3 4 
432 6 7 0 3 1 5 
433 0 2 7 4 3 5 
434 1 0 3 7 6 2 5 
435 3 5 7 6 
436 3 0 2 1 7 4 
437 1 4 5 0 
438 1 0 3 4 7 
439 5 3 1 4 
440 4 7 5 1 6 
441 7 0 3 1 
442 1 5 7 4 
443 1 0 3 4 7 
444 3 4 5 6 7 
445 4 7 1 
446 7 3 5 6 0 2 1 
447 3 1 0 5 7 4 
448 0 3 5 6 2 7 1 
449 5 7 6 
450 5 0 3 4 2 
451 5 0 3 4 2 1 7 
452 3 2 7 5 
453 2 4 7 3 6 0 1 
454 3 2 0 1 5 4 
455 4 0 1 5 
456 2 4 5 6 7 
457 2 5 7 6 
458 0 3 1 6 7 2 4 
459 2 5 7 4 
460 4 1 3 7 2 
461 7 0 3 1 
462 6 4 5 0 1 
463 5 0 4 2 1 
464 1 3 5 2 4 
465 0 2 7 4 3 5 
466 5 7 1 4 
467 4 3 1 5 
468 4 5 7 1 
469 7 0 5 1 3 4 
470 4 1 7 
471 5 3 2 
472 1 5 0 4 
473 4 5 7 6 
474 7 2 4 3 6 5 
475 0 6 7 2 4 1 
476 3 5 7 6 
477 7 2 4 3 5 
478 4 1 3 7 
479 1 5 7 6 
480 4 1 0 
481 6 5 7 4 
482 5 7 4 
483 0 1 5 4 
484 6 4 5 7 
485 6 1 0 3 4 
486 5 7 1 4 
487 0 3 5 2 4 
488 4 0 3 1 
489 7 2 3 5 1 4 
490 0 3 5 4 2 1 
491 2 7 4 6 
492 0 5 7 6 
493 5 3 6 0 2 7 1 
494 5 4 0 
495 5 0 2 1 7 3 4 
496 4 5 6 7 
497 0 3 2 1 5 4 
498 1 4 0 
499 3 1 0 7 4 
500 3 1 4 
501 1 2 4 0 5 
502 1 3 4 
503 5 1 4 
504 4 5 7 
505 4 7 5 1 6 
506 1 0 7 4 
507 1 3 2 4 
508 2 3 4 1 5 
509 4 5 6 7 
510 7 4 3 6 0 1 
511 3 2 1 4 
512 0 1 4 
513 5 0 4 2 1 
514 5 4 6 7 
515 5 7 6 
516 3 4 5 0 
517 2 1 0 4 
518 3 1 0 4 
519 4 7 1 6 0 
520 2 5 7 1 4 
521 2 7 1 3 6 4 
522 0 7 5 4 1 6 
523 2 1 3 7 4 
524 6 7 3 1 4 
525 7 0 3 4 1 
526 6 5 1 0 4 
527 5 1 0 4 
528 1 2 5 3 4 
529 0 1 2 4 5 
530 5 2 0 6 1 7 
531 4 5 6 7 
532 4 7 6 1 5 
533 7 3 2 1 4 
534 4 0 2 1 7 3 
535 5 2 3 1 4 
536 1 3 2 4 
537 4 1 0 
538 7 4 
539 0 4 7 
540 3 1 6 7 2 4 
541 7 2 0 5 6 1 
542 6 0 3 4 7 1 
543 1 0 3 4 2 7 
544 4 3 2 1 
545 6 7 1 4 0 
546 5 1 0 3 4 
547 0 3 1 4 
548 6 5 7 4 
549 6 0 3 4 7 1 
550 5 2 0 3 1 
551 0 4 5 1 
552 4 0 3 2 1 7 
553 7 4 3 6 0 1 
554 0 7 3 1 4 6 
555 0 1 4 
556 0 5 6 7 4 
557 5 6 7 4 
558 5 3 4 2 0 1 
559 4 0 5 1 3 
560 4 0 3 2 1 7 
561 0 3 2 1 5 4 
562 1 3 7 2 4 
563 3 5 7 4 
564 3 4 7 6 0 1 
565 1 4 5 6 7 
566 1 3 5 4 2 0 
567 5 3 2 
568 4 5 7 1 
569 4 0 3 1 
570 1 0 7 4 
571 1 4 5 6 7 
572 2 0 3 1 
573 4 7 6 1 5 
574 7 1 4 
575 3 0 4 7 1 
576 0 5 1 3 4 
577 6 4 5 0 
578 5 7 6 1 4 
579 5 1 0 4 
580 3 0 5 1 4 
581 2 1 0 3 4 
582 3 5 6 7 4 
583 4 1 3 7 2 
584 2 1 0 5 7 4 
585 2 0 3 1 
586 0 4 2 1 5 
587 2 0 3 4 5 
588 5 3 2 0 1 4 
589 7 1 2 4 0 5 
590 6 0 2 5 4 
591 5 1 0 7 4 
592 1 5 7 4 
593 0 7 3 1 5 6 
594 5 1 4 
595 7 1 0 4 
596 4 0 2 5 
597 7 4 3 0 1 5 
598 4 1 3 7 
599 5 4 3 0 1 
600 1 0 3 
601 4 5 7 6 
602 7 0 3 4 1 
603 1 3 7 4 
604 3 0 1 5 4 
605 7 0 2 5 4 
606 4 2 7 3 6 5 
607 1 2 3 5 4 
608 4 7 3 6 0 1 
609 6 5 7 
610 5 4 0 
611 0 1 7 4 
612 6 3 2 
613 6 3 1 7 2 4 
614 5 0 3 4 2 1 7 
615 0 4 5 
616 4 2 5 3 1 
617 7 1 3 2 4 
618 0 3 5 2 4 
619 0 3 4 2 1 7 
620 0 3 1 4 
621 5 2 3 1 4 
622 5 0 2 1 7 3 4 
623 4 2 5 3 1 
624 4 3 1 5 
625 0 1 5 4 
626 1 3 7 2 4 
627 3 5 6 0 2 7 1 
628 3 1 7 4 
629 1 2 5 3 4 
630 1 3 2 4 
631 5 7 6 
632 4 0 3 1 
633 4 1 0 
634 1 0 4 
635 1 4 7 
636 2 7 6 3 
637 4 3 2 
638 7 3 1 6 2 4 
639 3 7 1 4 6 
640 0 2 1 7 3 4 
641 5 1 3 7 4 
642 5 4 7 3 6 0 1 
643 5 0 3 4 2 
644 3 2 0 1 5 4 
645 2 7 6 3 
646 3 1 7 4 
647 4 7 0 3 1 5 6 
648 2 3 
649 2 5 7 4 
650 0 7 5 4 1 6 
651 2 4 7 1 
652 5 3 4 2 0 1 
653 7 6 3 2 
654 6 1 7 4 
655 5 2 3 1 4 
656 1 3 2 0 5 4 
657 0 2 3 5 
658 5 3 2 7 
659 4 3 2 
660 4 5 7 6 
661 7 4 5 6 
662 4 3 1 
663 5 4 3 0 1 
664 1 0 3 4 7 
665 4 0 3 2 1 7 
666 7 3 2 5 
667 0 7 5 4 1 6 
668 3 1 7 4 
669 7 1 4 
670 4 2 0 5 6 1 7 
671 1 0 2 7 3 4 
672 4 7 5 1 6 
673 6 3 2 7 5 
674 5 0 4 2 1 
675 0 1 7 4 
676 6 2 7 4 3 5 
677 6 1 0 5 7 4 
678 5 1 3 7 2 4 
679 0 6 7 2 4 1 
680 4 0 3 1 
681 7 3 4 1 5 
682 0 1 5 7 4 
683 0 2 5 4 
684 0 7 1 6 4 
685 5 7 4 
686 5 0 2 4 
687 4 1 2 0 5 
688 4 3 1 
689 0 4 5 1 
690 1 4 5 0 
691 3 5 2 4 
692 3 2 7 4 5 
693 1 7 6 4 0 
694 1 0 2 7 3 4 
695 5 1 3 7 4 
696 4 3 5 2 
697 4 0 3 7 6 2 5 
698 1 3 4 5 
699 1 0 2 7 3 4 
700 2 7 4 3 5 
701 7 2 4 3 6 5 
702 7 2 0 3 1 
703 3 5 4 2 0 1 
704 0 5 1 4 
705 6 4 5 7 
706 6 4 3 0 1 5 
707 6 3 1 4 
708 3 4 0 1 
709 2 0 5 4 
710 3 2 1 4 
711 6 3 5 2 4 
712 2 3 5 
713 2 7 1 3 6 4 
714 0 4 3 1 5 
715 2 0 3 7 6 5 
716 6 7 5 4 1 
717 7 2 0 3 1 
718 6 7 1 3 2 4 
719 7 1 0 4 
720 1 5 7 6 
721 0 3 4 1 5 
722 7 3 4 1 5 
723 7 1 6 4 0 
724 6 7 2 4 0 1 
725 7 4 5 0 1 
726 7 1 0 3 4 
727 6 2 5 3 1 4 
728 1 4 3 0 5 
729 7 1 2 4 0 5 
730 7 1 3 4 
731 0 3 1 4 
732 3 1 6 7 2 4 
733 7 2 5 3 1 4 
734 6 2 3 5 
735 1 2 3 5 4 
736 7 6 3 2 
737 6 0 3 1 
738 6 3 1 7 2 4 
739 1 3 7 6 2 
740 6 1 7 4 
741 6 0 3 1 
742 6 5 7 4 
743 0 2 3 5 
744 7 5 4 
745 7 2 5 3 1 4 
746 0 2 5 3 1 4 
747 0 1 4 
748 0 4 5 6 7 
749 6 7 1 4 5 
750 7 2 3 5 1 4 
751 7 0 4 2 1 5 
752 6 2 7 4 3 5 
753 0 7 1 6 4 
754 1 4 7 
755 3 2 5 
756 3 0 7 6 2 5 
757 1 4 7 
758 1 7 6 4 0 
759 6 1 7 4 
760 6 4 5 0 
761 7 5 4 
762 1 0 3 4 
763 1 2 0 3 
764 2 7 6 1 4 5 
765 7 1 4 
766 7 1 0 4 
767 3 5 6 7 4 
768 0 2 7 4 3 6 5 
769 6 7 0 3 1 5 
770 6 1 0 4 
771 7 0 3 6 2 5 
772 3 0 5 1 4 
773 2 4 5 6 7 
774 3 0 1 5 4 
775 6 4 5 7 
776 2 3 5 4 0 1 
777 2 4 7 1 
778 0 5 1 4 
779 2 0 3 4 5 
780 6 3 1 7 2 4 
781 7 1 0 3 4 
782 6 7 5 4 1 
783 7 0 3 4 1 
784 1 5 6 7 4 
785 0 3 5 6 2 7 1 
786 7 3 2 1 4 
787 7 2 0 3 1 
788 6 3 5 0 2 7 1 
789 7 0 2 1 3 4 
790 7 2 0 3 1 
791 6 3 5 4 2 0 1 
792 1 7 4 
793 6 7 2 4 0 1 
794 7 1 3 6 2 4 
795 3 5 7 4 
796 3 1 4 
797 7 3 5 4 2 0 1 
798 6 5 7 1 4 
799 1 0 5 7 4 
800 7 5 1 0 4 
801 6 1 2 4 0 5 
802 6 7 1 4 0 
803 3 0 2 1 7 4 
804 6 0 4 2 1 5 
805 6 3 5 4 2 0 1 
806 6 7 3 2 
807 3 0 4 2 1 5 
808 7 1 4 
809 7 4 0 1 
810 2 3 7 6 1 
811 3 5 2 4 
812 3 5 1 0 4 
813 6 3 5 0 2 7 1 
814 6 7 1 4 0 
815 7 2 3 5 
816 6 4 3 0 1 5 
817 2 3 1 4 
818 2 4 0 1 
819 3 4 5 6 7 
820 3 5 7 4 
821 2 3 0 1 5 4 
822 2 4 5 0 
823 6 7 0 3 1 5 
824 6 1 3 7 4 
825 7 2 3 5 1 4 
826 2 3 1 6 7 4 
827 2 7 1 3 6 4 
828 2 4 5 6 7 
829 7 5 6 
830 7 0 3 6 2 5 
831 3 7 6 1 4 5 
832 3 5 6 0 2 7 1 
833 6 0 2 5 4 
834 6 1 3 7 4 
835 7 6 2 4 0 1 
836 3 4 0 1 5 
837 2 0 3 1 
838 3 0 4 2 5 
839 6 0 3 7 2 5 
840 2 0 3 4 1 7 
841 2 0 1 7 3 4 
842 0 3 4 2 5 
843 2 7 5 4 1 6 
844 6 7 4 
845 7 2 0 5 6 1 
846 6 5 7 
847 7 1 3 6 2 4 
848 3 0 7 6 2 5 
849 0 3 1 
850 7 2 4 3 5 
851 7 5 6 
852 6 1 3 7 4 
853 7 5 6 4 
854 7 0 3 4 2 1 
855 6 0 3 7 2 5 
856 2 4 7 3 6 0 1 
857 7 0 1 5 4 
858 7 1 4 
859 2 5 6 7 4 
860 3 0 1 5 4 
861 7 5 1 4 
862 6 7 2 4 0 1 
863 1 0 5 4 
864 7 3 2 0 1 5 4 
865 7 0 3 1 
866 6 4 5 7 
867 2 4 5 0 1 
868 6 4 5 7 
869 6 3 7 2 1 
870 6 7 3 1 4 
871 3 2 
872 7 3 2 0 1 5 4 
873 7 0 3 1 
874 2 4 7 1 
875 2 3 5 4 
876 3 4 7 
877 6 3 4 1 5 
878 7 5 4 
879 6 7 4 
880 6 3 7 2 1 
881 2 5 7 4 
882 2 3 5 1 4 
883 3 0 1 
884 3 2 7 4 5 
885 2 4 7 3 6 0 1 
886 2 0 5 1 3 4 
887 6 2 3 5 1 4 
888 6 0 3 4 2 5 
889 6 5 7 
890 2 5 7 4 
891 2 5 7 1 4 
892 2 1 4 
893 6 0 3 4 2 1 7 
894 6 2 7 4 3 5 
895 3 5 1 0 4 
896 3 4 1 5 
897 6 1 0 5 7 4 
898 6 7 1 4 0 
899 2 3 5 4 0 1 
900 3 4 5 6 7 
901 2 4 5 0 
902 3 1 0 4 
903 6 3 2 7 5 
904 2 1 4 0 5 
905 2 1 4 0 5 
906 1 4 0 
907 2 3 
908 6 1 7 4 
909 7 4 3 0 1 5 
910 6 1 0 4 
911 1 0 5 3 4 
912 3 7 6 2 
913 1 3 7 6 2 
914 7 5 6 
915 6 0 3 1 4 
916 6 7 0 3 1 5 
917 6 3 1 7 2 4 
918 7 4 5 0 1 
919 6 7 3 1 4 
920 2 0 3 4 5 
921 6 7 4 
922 7 0 3 1 4 
923 3 1 6 7 2 4 
924 3 1 0 4 
925 6 4 7 
926 2 6 7 4 0 1 
927 1 5 0 4 
928 6 2 0 3 1 
929 0 5 1 4 
930 3 5 2 4 
931 3 4 1 5 
932 2 0 3 7 6 5 
933 3 1 4 
934 3 1 0 4 
935 3 2 7 5 
936 3 5 7 6 
937 3 5 7 4 
938 2 3 7 5 
939 2 1 4 0 5 
940 3 0 1 
941 3 2 7 4 6 5 
942 2 0 5 4 
943 3 0 1 5 4 
944 2 1 4 
945 2 4 5 0 1 
946 2 4 7 
947 3 4 7 
948 3 4 1 5 
949 2 5 1 0 4 
950 1 5 7 6 
951 3 2 7 4 5 
952 2 3 7 6 1 
953 3 4 7 1 
954 1 0 3 4 7 
955 1 5 7 6 
956 2 0 5 4 
957 2 3 7 5 
958 3 0 1 
959 3 1 0 4 
960 0 5 1 3 4 
961 2 7 6 3 
962 3 5 7 4 
963 2 1 4 
964 3 7 1 6 4 0 
965 2 1 4 
966 3 2 
967 2 1 3 7 4 
968 2 3 7 6 1 
969 2 5 6 7 4 
970 0 4 5 6 7 
971 2 3 
972 1 7 6 4 5 
973 2 3 1 4 
974 6 1 2 4 0 5 
975 7 4 3 0 1 5 
976 1 2 7 4 3 5 
977 0 1 2 4 5 
978 7 3 1 6 2 4 
979 6 3 2 7 5 
980 6 0 2 1 7 3 4 
981 6 4 3 0 1 5 
982 7 3 4 1 5 
983 6 1 0 5 7 4 
984 1 0 3 4 7 
985 6 3 1 4 
986 2 7 4 6 
987 0 3 2 1 4 
988 3 2 0 1 
989 1 3 5 4 2 0 
990 2 3 1 4 
991 1 4 5 0 
992 2 3 7 5 
993 0 7 3 1 4 6 
994 2 4 0 1 
995 0 2 3 1 
996 2 1 0 4 
997 0 3 1 
998 3 0 1 4 
999 0 2 5 6 1 7 
1000 3 2 0 1 
1001 1 4 7 
1002 0 4 1 
1003 0 3 1 
1004 0 3 2 1 5 4 
1005 3 4 7 1 
1006 2 7 4 3 6 5 
1007 3 7 1 6 4 0 
1008 2 1 4 
1009 0 5 7 4 
1010 1 0 5 7 4 
1011 1 4 7 
1012 1 3 5 6 0 2 7 
1013 1 7 6 4 5 
1014 1 0 3 4 7 
1015 3 7 5 4 1 6 
1016 0 3 1 4 
1017 3 7 0 1 5 6 
1018 1 2 5 3 4 
1019 1 2 7 4 3 6 5 
1020 2 0 5 6 1 7 
1021 2 7 4 6 
1022 2 0 3 1 
1023 2 3 
