0 4 1 0 
1 0 3 6 2 7 4 
2 6 0 5 1 7 4 
3 2 5 4 1 0 
4 4 3 5 0 
5 6 0 4 
6 4 6 7 5 0 
7 5 3 2 0 7 6 4 
8 7 0 5 1 4 
9 5 3 7 2 6 1 
10 3 7 4 5 6 0 
11 5 0 1 3 2 4 
12 6 4 1 0 7 5 
13 5 7 6 4 
14 3 5 4 1 0 
15 7 4 6 5 0 
16 1 7 6 0 2 4 
17 7 2 6 4 3 5 0 
18 1 5 4 0 
19 1 3 5 7 2 6 
20 0 5 3 7 2 
21 3 1 7 0 6 4 
22 2 4 1 3 5 0 
23 4 5 1 0 
24 0 4 1 7 5 
25 5 3 2 0 7 6 4 
26 1 0 3 2 4 
27 0 1 3 2 7 
28 0 6 7 4 3 
29 7 3 2 1 0 
30 1 5 4 7 6 0 
31 0 2 6 4 3 5 
32 4 6 0 7 2 3 
33 0 3 2 4 6 5 
34 6 7 4 3 
35 2 3 0 4 6 5 
36 4 7 5 6 0 
37 6 3 1 2 4 
38 4 5 7 6 0 
39 5 7 6 0 
40 7 4 5 3 
41 5 3 2 1 0 
42 3 2 1 0 
43 5 7 4 2 6 3 0 
44 6 3 7 5 1 
45 5 1 0 
46 3 2 0 5 1 
47 7 5 3 2 0 
48 1 0 3 2 4 
49 7 3 2 0 6 4 
50 1 3 6 7 4 
51 1 0 5 7 4 
52 0 2 7 5 1 
53 3 2 6 4 5 0 
54 2 3 5 7 6 1 
55 4 6 
56 0 1 3 2 4 
57 5 0 3 4 
58 1 5 3 7 2 0 
59 0 6 4 7 2 3 
60 0 5 1 7 4 
61 7 5 4 6 0 
62 1 4 7 0 
63 0 4 2 3 
64 4 1 0 7 5 
65 0 2 3 4 
66 6 2 3 1 0 
67 2 0 1 
68 4 6 7 1 0 
69 6 2 7 5 0 1 
70 4 0 1 
71 5 7 4 6 0 
72 7 2 6 4 3 5 0 
73 5 0 3 4 
74 3 1 2 5 4 
75 5 2 3 4 0 
76 6 2 4 3 5 0 
77 5 3 4 0 
78 3 0 6 2 7 4 
79 7 3 2 0 6 4 
80 1 3 2 0 
81 7 0 5 1 
82 1 3 0 2 7 4 
83 1 7 6 5 4 
84 0 4 5 1 
85 3 0 1 
86 2 0 4 
87 4 1 2 3 5 
88 0 4 5 1 
89 5 3 2 0 7 6 4 
90 1 0 5 7 4 
91 0 3 2 7 6 4 
92 0 1 3 2 7 
93 7 0 1 
94 1 3 2 0 5 
95 0 5 3 7 2 
96 4 0 
97 0 3 2 1 4 
98 6 3 5 7 2 1 
99 2 7 6 5 4 
100 4 7 5 
101 6 5 4 1 0 
102 4 1 3 5 2 0 
103 5 0 1 
104 7 4 2 6 3 0 
105 5 7 4 
106 3 6 4 
107 5 2 3 1 0 
108 6 5 3 7 2 0 
109 5 2 3 1 0 
110 3 1 7 4 
111 7 2 3 4 0 
112 1 3 6 7 5 
113 7 0 2 3 1 4 
114 1 7 3 6 2 4 
115 1 3 2 0 
116 0 1 7 3 4 
117 3 5 2 1 4 
118 2 3 0 6 7 4 
119 4 7 3 6 2 1 
120 0 3 2 7 6 4 
121 5 7 4 0 
122 1 4 2 3 0 
123 0 7 5 4 1 6 2 3 
124 0 3 4 
125 7 4 1 3 0 5 
126 1 3 6 7 4 
127 0 7 4 5 
128 4 3 1 2 5 
129 0 5 2 1 3 4 
130 6 4 1 0 7 5 
131 2 0 1 3 4 
132 4 2 3 1 0 
133 6 4 1 3 0 5 
134 4 0 6 7 1 
135 5 4 7 6 
136 7 4 0 
137 5 0 3 2 1 4 
138 3 4 5 1 0 
139 5 3 7 2 0 
140 6 7 5 4 
141 5 0 2 3 1 4 
142 3 0 1 2 4 
143 7 5 2 1 3 4 
144 1 6 7 4 3 
145 7 3 6 2 1 4 
146 1 0 6 7 4 
147 1 2 3 5 4 
148 0 2 6 4 3 5 
149 3 6 7 4 
150 2 7 4 6 3 0 
151 4 1 2 3 5 
152 0 5 7 1 
153 5 3 1 2 6 4 
154 1 3 2 0 
155 0 6 7 1 4 
156 0 1 2 3 4 
157 7 6 1 0 4 
158 1 0 6 7 4 
159 0 1 4 5 
160 4 1 0 
161 0 1 
162 6 7 4 0 
163 2 1 3 5 4 
164 4 0 1 5 
165 6 0 2 3 1 4 
166 4 0 5 1 7 
167 5 0 1 4 
168 7 3 2 0 5 1 
169 5 1 0 
170 3 0 4 
171 5 0 7 1 
172 6 3 5 7 2 1 
173 5 3 7 2 6 1 
174 3 4 2 0 
175 7 4 5 
176 1 3 2 5 4 
177 7 1 3 0 2 
178 1 7 6 5 4 
179 1 3 2 0 5 
180 0 6 7 1 4 
181 3 0 1 4 5 
182 2 4 1 3 5 0 
183 4 1 3 0 5 
184 0 3 2 4 6 5 
185 5 1 2 3 4 
186 1 4 5 0 
187 0 6 7 4 3 
188 0 5 4 1 
189 7 5 2 1 3 4 
190 1 0 6 7 4 
191 0 3 4 
192 4 2 3 0 
193 0 2 3 1 4 
194 6 0 1 3 2 4 
195 2 1 3 0 7 
196 4 3 2 0 1 
197 6 4 3 0 5 
198 4 2 3 0 
199 5 0 1 4 
200 7 5 4 6 0 
201 5 4 1 3 0 
202 3 0 1 
203 5 0 2 3 1 4 
204 6 1 0 
205 5 2 3 1 0 
206 3 0 2 1 4 
207 7 0 6 1 4 
208 1 0 5 7 
209 7 3 0 1 2 4 
210 1 6 7 0 4 
211 1 0 
212 0 7 4 2 6 3 
213 3 1 0 2 7 
214 2 3 0 7 6 4 
215 4 7 5 3 
216 1 2 3 0 
217 5 4 7 6 0 
218 1 4 3 0 5 
219 0 5 4 7 6 
220 0 3 2 1 
221 7 3 2 0 1 
222 1 4 3 0 5 
223 0 2 6 4 3 5 
224 4 0 6 7 1 
225 0 4 1 3 5 2 
226 6 7 1 0 4 
227 2 4 6 7 5 0 
228 4 0 2 3 1 
229 6 7 0 2 4 
230 4 3 6 7 5 1 
231 5 4 6 7 0 
232 7 0 4 
233 5 3 0 6 2 7 4 
234 3 2 1 0 
235 5 4 7 3 
236 6 7 0 4 5 
237 5 4 6 7 0 
238 3 7 5 4 1 6 2 0 
239 7 5 2 1 3 4 
240 1 0 6 7 4 
241 7 0 3 2 1 4 
242 1 4 3 0 5 
243 1 2 3 4 0 
244 0 4 1 7 5 
245 3 2 1 0 
246 2 3 1 0 
247 4 2 3 0 
248 0 1 7 3 4 
249 5 6 4 0 7 2 3 
250 1 6 7 0 4 
251 0 4 7 
252 1 3 2 0 
253 7 3 0 1 2 4 
254 1 3 2 0 4 6 5 
255 0 7 3 6 2 1 4 
256 4 1 7 0 3 6 
257 0 4 7 6 5 
258 6 5 2 1 3 4 
259 2 3 6 7 4 
260 4 2 7 5 0 1 
261 6 3 2 1 0 
262 4 1 3 5 2 0 
263 5 4 3 0 
264 7 0 1 
265 4 0 5 7 1 
266 3 7 4 5 6 0 
267 5 7 6 4 
268 6 4 
269 5 1 7 3 4 
270 3 5 2 1 4 
271 7 6 1 0 4 
272 1 6 7 0 4 
273 7 0 5 1 
274 1 5 7 6 0 
275 1 4 3 0 5 
276 0 7 6 4 5 
277 3 4 0 5 
278 2 1 3 5 4 
279 4 0 3 1 
280 0 7 4 5 6 
281 5 0 1 3 2 4 
282 1 5 4 0 
283 0 3 4 
284 0 3 2 5 1 
285 7 3 2 0 1 
286 1 5 3 7 2 0 
287 1 3 5 7 2 6 
288 4 0 6 7 1 
289 0 3 2 1 
290 6 0 3 4 
291 2 3 1 0 
292 4 3 1 2 6 
293 6 4 3 0 5 
294 4 7 5 1 6 2 3 0 
295 5 0 3 2 1 4 
296 7 4 5 1 0 
297 5 7 6 0 
298 3 4 7 0 
299 5 7 4 2 6 3 0 
300 6 4 7 5 3 
301 5 3 6 7 4 
302 3 2 0 5 1 
303 7 5 4 6 0 
304 1 0 
305 7 3 2 1 0 
306 1 3 6 7 5 
307 1 7 4 5 
308 0 3 6 7 5 1 
309 3 0 1 2 4 
310 2 1 7 0 3 6 4 
311 4 1 3 0 2 7 
312 0 1 3 2 4 
313 5 4 7 0 
314 1 3 2 0 4 6 5 
315 0 7 4 
316 0 3 6 7 5 1 
317 7 4 1 3 5 2 0 
318 1 2 7 5 0 
319 0 4 7 5 3 
320 4 3 2 0 6 5 
321 0 3 6 7 4 
322 6 1 7 0 3 4 
323 2 4 6 7 5 0 
324 4 7 0 6 5 
325 6 0 1 4 5 
326 4 7 6 5 
327 5 0 3 2 1 4 
328 7 1 0 
329 5 4 7 6 
330 3 0 4 1 
331 5 3 2 0 7 6 4 
332 6 4 7 5 0 
333 5 2 6 4 3 0 
334 3 5 7 2 6 1 
335 7 3 2 0 6 4 
336 1 0 2 3 4 
337 6 3 1 2 5 4 
338 1 3 2 6 4 
339 1 4 3 5 2 0 
340 0 5 7 1 
341 3 2 1 0 
342 2 7 5 4 1 6 3 0 
343 4 7 6 5 
344 0 3 1 2 7 4 
345 5 1 7 3 4 
346 1 0 6 7 4 
347 1 2 3 4 0 
348 0 1 2 3 4 
349 7 3 0 6 2 4 
350 1 5 4 7 6 0 
351 0 4 7 
352 4 7 3 6 2 1 
353 0 1 
354 6 7 0 2 4 
355 2 7 4 5 6 0 
356 4 5 7 6 0 
357 6 0 1 2 3 4 
358 4 0 5 1 7 
359 5 4 6 7 0 
360 7 3 6 2 1 4 
361 5 7 0 6 4 
362 3 0 4 1 
363 5 0 3 4 
364 6 5 3 7 2 0 
365 5 7 6 0 
366 3 4 7 0 
367 7 0 5 1 4 
368 1 3 0 2 7 4 
369 7 2 3 4 0 
370 1 3 5 4 0 
371 1 3 2 5 4 
372 1 3 2 6 4 
373 3 1 2 6 4 
374 2 6 4 
375 4 3 2 1 0 
376 0 7 6 4 5 
377 5 7 6 0 
378 1 6 4 0 7 2 3 
379 0 4 1 7 5 
380 0 6 7 4 3 
381 7 0 1 3 2 4 
382 1 7 4 2 6 3 0 
383 0 5 4 1 
384 4 7 5 1 6 2 3 0 
385 0 2 6 4 3 5 
386 6 0 3 4 1 
387 2 0 5 7 1 
388 4 5 2 1 3 
389 6 7 4 5 0 
390 4 3 0 1 2 7 
391 5 0 4 
392 7 3 0 1 2 4 
393 5 2 3 4 0 
394 3 1 2 5 4 
395 5 1 7 3 4 
396 6 4 7 5 
397 5 6 4 0 7 2 3 
398 3 5 4 0 
399 6 0 1 
400 1 4 7 5 3 
401 7 3 2 0 6 4 
402 1 7 0 6 4 5 
403 1 0 3 2 4 
404 0 5 4 1 
405 3 7 4 5 
406 2 1 0 
407 4 3 2 0 6 5 
408 0 4 
409 5 3 2 0 1 
410 1 7 3 4 
411 0 1 7 3 6 4 
412 0 7 6 4 5 
413 7 4 6 5 0 
414 1 7 5 4 6 2 3 0 
415 0 3 1 2 5 4 
416 4 6 7 5 0 
417 0 1 7 3 6 4 
418 6 1 7 3 4 
419 2 0 1 3 4 
420 4 0 2 3 1 
421 6 7 5 4 
422 4 7 5 3 
423 5 4 7 6 
424 7 3 5 4 0 
425 5 3 6 7 1 
426 3 5 7 6 0 
427 5 6 7 1 0 4 
428 6 7 4 3 
429 5 4 1 0 7 
430 3 7 5 4 1 6 2 0 
431 7 6 5 4 
432 1 0 3 2 4 
433 7 4 0 
434 1 0 3 4 
435 1 3 0 2 7 4 
436 0 3 4 1 
437 3 5 7 6 0 
438 2 0 1 
439 4 3 1 2 6 
440 0 7 4 2 6 3 
441 5 3 0 6 2 7 4 
442 1 7 4 5 6 0 
443 0 7 6 2 4 
444 0 5 7 6 
445 7 1 2 3 5 4 
446 1 4 5 0 
447 0 3 2 4 6 5 
448 4 6 0 7 2 3 
449 1 4 7 0 
450 6 0 1 4 5 
451 2 6 4 0 7 3 
452 4 7 6 0 2 
453 6 2 3 1 0 
454 4 1 0 7 5 
455 5 2 3 1 0 
456 7 0 3 2 1 4 
457 5 4 1 0 7 
458 3 0 2 1 4 
459 5 4 7 3 
460 6 4 5 1 0 
461 5 0 4 
462 3 0 5 1 7 4 
463 7 3 5 2 6 1 
464 1 2 3 5 4 
465 7 5 4 6 0 
466 1 6 4 0 7 2 3 
467 1 6 4 
468 0 7 6 2 4 
469 3 1 0 
470 2 7 6 0 4 
471 4 7 0 6 5 
472 0 7 4 
473 5 7 3 6 2 1 4 
474 1 7 3 4 
475 0 5 4 1 
476 0 2 3 1 
477 7 5 4 6 0 
478 1 7 6 0 2 4 
479 0 7 5 4 1 6 2 3 
480 4 7 5 
481 0 1 3 2 4 
482 6 3 0 2 7 4 
483 2 0 1 3 4 
484 4 3 1 2 5 
485 6 2 4 3 5 0 
486 4 0 1 2 3 
487 5 4 7 3 
488 7 4 1 0 5 
489 5 7 4 2 6 3 0 
490 3 6 4 0 7 2 
491 5 3 6 7 4 
492 6 4 0 7 2 3 
493 5 4 1 3 0 
494 3 4 2 0 
495 7 6 5 4 
496 1 0 5 7 
497 7 1 2 3 5 4 
498 1 7 0 3 6 4 
499 1 2 7 5 0 
500 0 5 7 1 
501 3 4 0 5 
502 2 6 4 3 5 0 
503 4 7 3 6 2 1 
504 0 2 7 5 1 
505 5 3 4 0 
506 1 7 6 5 4 
507 0 2 6 4 3 5 
508 0 2 3 4 
509 7 3 6 2 1 4 
510 1 0 2 3 4 
511 0 7 6 2 4 
512 7 4 0 
513 0 7 4 
514 6 2 3 1 0 
515 2 7 4 5 6 0 
516 4 7 3 6 2 1 
517 6 1 0 
518 7 5 6 0 
519 5 1 3 0 2 7 
520 7 6 4 0 2 3 
521 5 3 4 0 
522 3 0 1 2 7 4 
523 5 7 4 
524 6 7 4 0 
525 5 3 6 7 1 
526 3 6 7 5 1 
527 7 1 0 3 6 4 
528 1 5 2 3 4 
529 7 0 4 
530 1 5 7 6 0 
531 1 5 3 7 2 0 
532 0 7 4 
533 3 7 4 2 6 0 
534 2 4 1 3 5 0 
535 4 1 2 3 5 
536 0 4 1 7 5 
537 5 3 2 0 1 
538 1 5 2 3 4 
539 0 4 1 3 5 2 
540 0 4 
541 7 4 2 6 3 0 
542 1 7 4 5 6 0 
543 0 7 6 2 4 
544 7 4 2 6 3 0 
545 0 6 7 4 3 
546 6 7 4 5 0 
547 2 1 7 0 3 6 4 
548 4 0 
549 6 7 4 0 
550 7 5 4 6 0 
551 5 4 7 6 
552 7 4 1 3 0 5 
553 5 3 7 2 6 1 
554 3 7 6 0 2 4 
555 5 1 7 0 3 6 4 
556 6 2 3 1 0 
557 5 4 6 7 0 
558 3 1 7 0 6 4 
559 7 0 5 1 4 
560 1 7 5 4 6 2 3 0 
561 7 5 4 1 0 
562 1 3 2 6 4 
563 1 0 3 2 4 
564 0 5 4 7 6 
565 3 4 5 1 0 
566 2 4 1 3 0 5 
567 4 3 0 6 2 7 
568 0 2 7 5 1 
569 5 6 4 0 7 2 3 
570 1 2 3 5 4 
571 0 7 6 5 4 
572 0 3 2 7 6 4 
573 7 2 3 4 0 
574 1 7 6 0 2 4 
575 0 3 4 1 
576 6 4 7 0 
577 0 4 
578 6 0 7 1 4 
579 2 4 1 0 7 5 
580 4 3 1 2 6 
581 6 4 
582 6 3 2 0 5 1 
583 5 7 6 4 
584 7 1 3 0 2 
585 5 0 7 1 
586 3 4 0 5 
587 5 3 6 7 1 
588 6 3 2 0 4 5 
589 5 7 6 4 
590 3 0 2 1 4 
591 7 0 1 3 2 4 
592 1 0 
593 7 4 1 3 5 2 0 
594 1 7 6 5 4 
595 1 3 0 6 2 7 4 
596 0 6 4 
597 3 0 1 2 7 4 
598 2 0 5 1 7 4 
599 4 7 0 
600 0 1 
601 5 0 1 
602 1 7 3 4 
603 0 3 5 4 
604 0 2 7 5 1 
605 7 4 5 3 
606 1 6 7 4 3 
607 0 5 7 1 
608 7 6 0 2 4 
609 0 3 1 2 6 4 
610 6 0 1 4 5 
611 2 3 1 0 
612 4 7 6 5 
613 6 4 5 1 0 
614 7 6 1 0 4 
615 5 7 0 6 4 
616 7 3 2 0 4 6 5 
617 5 2 6 4 3 0 
618 3 2 1 0 
619 5 1 3 0 2 7 
620 6 4 7 5 
621 5 3 0 6 2 7 4 
622 3 2 1 0 
623 7 4 2 6 3 0 
624 1 7 6 5 4 
625 7 0 1 4 5 
626 1 5 2 3 4 
627 1 0 5 7 
628 0 3 6 2 7 4 
629 3 2 1 0 
630 2 3 5 4 0 
631 4 1 7 3 
632 0 4 1 7 5 
633 5 7 4 6 0 
634 1 0 3 2 4 
635 0 4 1 7 5 
636 0 2 3 4 
637 7 3 5 4 0 
638 1 4 3 0 5 
639 0 4 1 3 5 2 
640 7 1 2 3 5 4 
641 0 4 2 3 
642 6 7 0 4 5 
643 2 3 5 4 0 
644 4 7 5 1 6 2 3 0 
645 6 3 5 7 2 1 
646 7 4 1 0 5 
647 5 2 7 0 1 
648 7 0 6 1 4 
649 5 2 3 1 0 
650 3 7 0 6 4 5 
651 5 1 7 0 3 6 4 
652 6 5 3 7 2 0 
653 5 7 6 0 
654 3 7 6 5 4 
655 7 4 5 3 
656 1 0 3 2 4 
657 7 4 5 
658 1 2 3 0 
659 1 0 3 4 
660 0 5 4 1 
661 3 4 0 5 
662 2 0 1 
663 4 7 5 
664 0 7 6 5 4 
665 5 0 1 2 3 4 
666 1 3 2 0 
667 0 7 6 5 4 
668 0 4 1 3 5 2 
669 7 3 6 2 1 4 
670 1 2 3 4 0 
671 0 4 7 
672 7 2 3 1 0 
673 0 3 2 5 1 
674 6 7 4 0 
675 2 1 3 5 4 
676 4 3 2 1 0 
677 6 2 4 3 5 0 
678 7 4 2 3 0 
679 5 1 3 0 2 7 
680 7 2 5 0 1 
681 5 3 1 2 4 
682 3 6 4 0 7 2 
683 5 0 1 4 
684 6 3 1 2 5 4 
685 5 4 1 3 2 0 
686 3 4 7 6 5 
687 7 0 6 4 5 
688 1 4 0 7 5 
689 7 3 2 0 5 1 
690 1 3 2 0 4 6 5 
691 1 4 5 0 
692 0 3 2 7 6 4 
693 3 7 6 0 2 4 
694 2 4 1 3 0 5 
695 4 0 3 1 
696 0 3 2 1 4 
697 5 0 1 
698 1 0 2 3 4 
699 0 7 5 4 1 6 2 3 
700 0 4 7 5 3 
701 7 0 5 1 4 
702 1 3 6 7 5 
703 0 3 1 2 5 4 
704 7 1 0 
705 0 3 6 2 7 4 
706 6 3 2 0 1 
707 2 4 7 5 3 
708 4 7 5 6 0 
709 6 4 3 0 5 
710 7 4 0 
711 5 3 2 0 1 
712 7 2 5 0 1 
713 5 7 6 4 
714 3 0 4 
715 5 4 3 0 
716 6 7 4 3 
717 5 7 4 0 
718 3 2 1 0 
719 7 4 0 
720 1 2 3 5 4 
721 7 0 6 4 5 
722 1 0 3 2 4 
723 1 7 3 4 
724 0 7 6 5 4 
725 3 2 1 0 
726 2 7 4 5 6 0 
727 4 7 2 6 3 0 
728 1 7 4 5 
729 5 1 7 0 3 6 4 
730 1 6 4 
731 1 3 0 2 7 4 
732 1 3 0 2 7 
733 7 3 0 6 2 4 
734 1 2 7 5 0 
735 1 3 2 5 4 
736 7 4 5 1 0 
737 1 5 3 7 2 0 
738 6 0 3 4 1 
739 2 0 1 3 4 
740 4 3 5 0 
741 6 7 4 3 
742 7 0 3 4 1 
743 5 7 4 2 6 3 0 
744 7 3 2 1 0 
745 5 0 1 4 
746 3 4 7 6 5 
747 5 3 2 0 4 6 
748 6 4 7 5 
749 5 7 4 2 6 3 0 
750 3 4 7 6 5 
751 7 0 1 2 3 4 
752 1 0 4 5 
753 7 0 1 4 5 
754 1 2 3 0 
755 2 7 3 6 1 4 
756 3 2 0 1 
757 3 5 7 2 0 
758 2 3 6 7 5 1 
759 4 7 0 
760 2 4 7 0 
761 5 0 3 4 
762 2 0 3 1 4 
763 2 4 7 6 5 
764 3 1 2 5 4 
765 7 6 4 3 
766 2 1 3 0 7 
767 3 7 4 5 
768 7 0 3 4 
769 2 7 5 0 1 
770 6 4 
771 2 3 5 7 6 1 
772 4 6 7 1 0 
773 6 0 1 
774 7 3 6 4 
775 5 0 1 2 3 4 
776 7 6 5 4 
777 5 7 4 6 0 
778 3 5 7 2 6 1 
779 5 4 1 0 
780 6 3 2 0 7 4 
781 5 3 7 2 6 1 
782 3 7 5 4 1 6 2 0 
783 7 6 4 0 2 3 
784 3 0 4 1 
785 7 4 5 3 
786 2 5 4 1 0 
787 3 0 2 1 4 
788 3 0 4 1 
789 3 0 2 1 4 
790 2 3 0 6 7 4 
791 4 2 3 0 
792 2 3 0 1 
793 5 6 4 
794 2 3 4 0 
795 2 3 1 6 4 
796 3 1 7 0 6 4 
797 7 2 3 1 0 
798 2 3 1 6 4 
799 3 4 1 5 2 0 
800 7 5 2 1 3 4 
801 2 3 1 0 
802 6 4 7 5 0 
803 2 7 4 0 
804 4 2 7 5 0 1 
805 6 3 5 4 0 
806 7 0 6 1 4 
807 5 0 7 1 
808 7 0 3 4 
809 5 4 7 3 
810 3 4 0 5 
811 5 4 7 6 0 
812 6 7 5 4 1 2 3 0 
813 5 0 1 3 2 4 
814 3 2 4 0 
815 7 3 5 4 0 
816 3 2 1 0 
817 7 0 1 2 3 4 
818 2 7 3 6 1 4 
819 3 5 7 2 0 
820 3 4 6 7 5 0 
821 3 5 2 1 4 
822 2 7 5 4 1 6 3 0 
823 4 6 7 5 0 
824 2 1 0 
825 4 5 7 6 0 
826 2 6 7 4 3 
827 2 5 4 1 0 
828 3 5 2 1 4 
829 7 6 5 4 
830 2 6 7 1 0 4 
831 3 6 7 4 
832 7 0 5 1 
833 2 0 5 1 7 4 
834 6 7 4 5 0 
835 2 5 3 7 0 
836 4 1 3 5 2 0 
837 6 7 4 2 3 0 
838 7 5 4 6 0 
839 4 2 3 1 0 
840 7 4 1 3 0 5 
841 4 3 2 0 7 6 
842 3 4 0 5 
843 4 0 5 1 7 
844 6 4 1 3 0 5 
845 4 2 3 0 
846 3 0 6 7 1 4 
847 7 3 6 2 1 4 
848 3 6 7 4 
849 7 4 1 3 0 5 
850 2 3 1 6 4 
851 3 0 1 4 5 
852 3 4 6 7 5 0 
853 3 6 4 
854 2 6 4 0 7 3 
855 4 0 1 5 
856 2 6 7 1 0 4 
857 4 0 1 3 2 
858 2 0 4 
859 2 7 4 5 
860 3 7 6 5 4 
861 7 1 3 4 
862 2 5 7 6 0 
863 3 4 2 0 
864 7 3 6 5 1 
865 2 0 3 4 
866 6 3 0 1 2 7 4 
867 2 3 1 5 4 
868 4 7 6 5 
869 6 3 7 5 1 
870 7 0 5 1 4 
871 4 5 1 0 
872 6 0 3 2 1 4 
873 4 3 6 7 
874 3 1 0 2 7 
875 4 3 5 0 
876 6 1 2 3 5 4 
877 4 3 6 7 5 1 
878 3 4 2 0 
879 6 3 2 0 1 
880 3 5 7 2 6 1 
881 6 4 
882 2 3 6 7 4 
883 3 0 1 2 4 
884 3 5 7 2 0 
885 3 2 7 5 0 1 
886 2 0 1 4 5 
887 4 7 6 5 
888 2 4 6 7 5 0 
889 4 7 6 5 
890 2 0 3 1 4 
891 2 6 7 1 0 4 
892 2 3 1 5 4 
893 6 4 2 3 0 
894 2 4 7 0 
895 3 7 4 0 
896 6 4 2 3 0 
897 2 3 0 6 7 4 
898 6 3 1 2 4 
899 2 4 3 0 
900 4 7 5 
901 6 5 7 0 
902 6 3 7 4 
903 4 2 7 5 0 1 
904 6 3 7 5 1 
905 4 7 5 3 
906 3 2 1 0 
907 4 6 7 1 0 
908 6 3 1 2 4 
909 4 3 6 7 
910 3 4 2 0 
911 6 4 5 1 0 
912 3 1 7 0 6 4 
913 6 5 4 7 0 
914 2 3 1 0 
915 3 5 7 6 0 
916 3 6 7 4 
917 3 0 2 1 4 
918 2 0 3 4 
919 4 7 6 5 
920 2 4 7 6 5 
921 4 0 2 3 1 
922 2 7 5 4 1 6 3 0 
923 2 3 0 5 1 
924 3 2 0 4 6 5 
925 6 1 3 0 2 7 
926 2 1 7 3 4 
927 3 4 7 6 5 
928 6 0 4 
929 2 6 4 
930 6 0 2 3 1 4 
931 2 0 3 1 4 
932 4 6 
933 6 3 2 0 5 1 
934 6 4 7 0 
935 4 2 3 1 0 
936 6 7 3 2 1 4 
937 4 6 
938 3 2 6 4 5 0 
939 4 5 1 0 
940 6 0 3 4 1 
941 4 0 1 3 2 
942 3 2 6 4 5 0 
943 6 7 5 4 
944 3 4 2 0 
945 6 4 5 1 0 
946 2 3 1 0 
947 3 2 0 5 1 
948 2 5 1 3 4 
949 3 4 1 0 5 
950 2 3 0 1 
951 4 6 7 3 
952 2 4 1 3 0 5 
953 4 3 5 7 2 6 1 
954 2 3 5 4 0 
955 2 4 7 0 
956 3 0 4 
957 6 0 3 4 
958 2 3 6 7 4 
959 3 0 1 2 7 4 
960 6 4 1 3 0 5 
961 2 6 4 
962 6 7 5 4 
963 2 0 3 4 1 
964 4 5 3 7 2 0 
965 6 7 0 4 5 
966 6 4 1 3 5 2 0 
967 4 3 1 2 6 
968 6 5 7 0 
969 4 3 2 0 6 5 
970 2 3 0 1 
971 4 3 0 5 
972 6 7 0 4 5 
973 4 7 6 5 
974 2 6 7 1 0 4 
975 6 4 5 1 0 
976 3 2 0 5 1 
977 6 1 7 3 4 
978 2 7 6 0 4 
979 3 5 2 1 4 
980 3 0 4 
981 2 3 0 1 7 4 
982 2 0 5 1 7 4 
983 4 0 1 2 3 
984 2 3 6 7 4 
985 4 6 7 1 0 
986 2 1 3 0 7 
987 2 3 0 4 6 5 
988 3 2 1 0 
989 6 2 3 1 0 
990 2 0 3 4 1 
991 2 7 0 6 4 5 
992 6 0 5 7 1 
993 2 1 3 0 7 
994 6 7 5 4 
995 2 7 4 5 
996 4 3 0 6 2 7 
997 6 3 2 0 5 1 
998 6 4 3 0 5 
999 4 1 7 0 3 6 
1000 6 7 3 2 1 4 
1001 4 6 0 7 2 3 
1002 3 1 7 4 
1003 4 2 3 0 
1004 6 7 4 5 
1005 4 2 3 1 0 
1006 3 1 2 5 4 
1007 6 3 2 0 7 4 
1008 3 7 5 4 1 6 2 0 
1009 6 3 0 1 2 7 4 
1010 2 4 5 1 0 
1011 2 6 7 4 3 
1012 2 7 6 0 4 
1013 2 0 6 7 1 4 
1014 2 3 0 1 
1015 4 1 0 
1016 2 3 0 1 7 4 
1017 4 0 3 
1018 2 3 6 7 4 
1019 2 3 1 5 4 
1020 2 0 3 4 
1021 6 2 3 1 0 
1022 2 3 0 4 6 5 
1023 2 0 1 
