0 1 7 6 3 5 2 
1 5 6 4 
2 5 1 0 2 
3 2 0 4 1 5 
4 4 3 7 2 
5 6 4 1 0 5 
6 7 6 3 5 2 
7 4 3 7 2 6 5 
8 2 0 1 5 
9 0 6 7 4 5 
10 7 0 4 1 5 
11 5 0 1 
12 3 0 6 2 5 
13 7 4 5 
14 3 7 0 5 2 
15 7 1 2 5 
16 6 3 7 2 4 
17 5 7 6 2 4 
18 7 4 
19 1 2 0 7 5 
20 6 3 7 0 5 2 
21 5 1 2 7 
22 6 2 3 5 4 
23 2 1 5 
24 7 1 2 5 
25 3 7 0 5 2 
26 6 2 3 0 5 
27 3 2 0 6 5 
28 1 3 0 2 5 
29 6 7 0 3 5 
30 7 6 2 4 
31 1 0 3 
32 6 7 5 4 
33 1 2 7 5 
34 5 0 1 
35 5 0 1 
36 0 2 5 
37 4 6 5 
38 7 6 2 4 
39 6 7 4 
40 6 0 1 5 
41 0 2 3 5 4 
42 1 0 4 5 
43 4 3 7 2 
44 0 6 7 4 
45 3 7 0 6 5 
46 7 2 4 5 
47 2 6 7 5 4 
48 2 7 6 5 
49 0 3 7 5 2 
50 0 3 7 2 5 
51 2 6 7 5 1 0 4 
52 4 6 3 7 0 2 
53 1 6 3 7 2 4 
54 7 0 2 5 
55 0 2 1 6 7 5 4 
56 3 0 1 5 
57 3 0 2 5 
58 2 6 3 7 4 
59 3 0 1 2 5 
60 0 1 5 
61 3 7 0 5 
62 4 1 2 0 7 5 
63 7 2 3 4 5 
64 1 0 3 2 
65 5 2 3 7 4 
66 5 1 
67 3 2 0 7 4 
68 5 7 3 
69 6 3 7 2 5 
70 7 0 3 1 4 2 
71 4 3 0 1 2 5 
72 2 6 3 5 
73 0 5 2 
74 7 2 3 4 
75 5 7 4 
76 3 7 0 5 
77 7 5 3 
78 3 2 0 4 5 
79 6 0 1 5 
80 6 0 1 2 5 
81 5 0 1 
82 7 2 3 6 5 
83 1 0 2 
84 4 2 3 0 6 5 
85 5 0 2 
86 6 3 2 4 
87 2 1 0 4 5 
88 7 3 2 4 
89 3 2 0 6 5 
90 6 3 7 0 4 2 
91 2 0 5 
92 1 2 3 4 5 
93 6 0 3 1 4 2 5 
94 7 3 0 2 5 
95 1 2 0 4 5 
96 6 7 3 5 2 
97 1 0 2 5 
98 6 3 2 5 4 
99 5 3 0 1 2 
100 0 4 1 5 
101 4 7 2 3 6 5 
102 7 6 3 5 2 
103 6 3 2 0 5 
104 6 0 3 1 4 2 
105 0 6 5 4 
106 1 7 6 3 2 5 
107 4 5 2 
108 0 3 1 4 2 
109 3 2 0 6 5 
110 7 2 3 4 5 
111 2 3 0 5 
112 2 1 0 4 5 
113 0 3 2 1 5 
114 0 3 2 5 4 
115 2 0 5 
116 4 0 1 5 
117 1 7 6 2 5 
118 7 0 1 4 5 
119 0 3 7 2 6 5 
120 2 7 4 5 
121 3 7 6 2 5 
122 2 5 
123 3 6 7 2 4 
124 0 7 5 3 
125 2 0 5 
126 4 3 7 2 
127 7 6 3 2 4 
128 1 0 2 4 5 
129 5 7 6 3 2 
130 5 7 0 
131 3 7 0 5 
132 5 3 0 1 2 
133 6 3 0 1 2 
134 7 3 6 2 4 5 
135 4 2 3 7 
136 1 7 0 5 
137 0 7 6 2 4 
138 7 3 2 0 5 
139 5 6 7 1 0 4 2 
140 3 2 4 5 
141 7 0 1 5 
142 3 7 4 
143 7 5 3 
144 6 5 4 
145 4 2 0 5 
146 7 3 2 4 
147 1 0 3 4 2 5 
148 4 6 7 5 
149 5 1 0 2 
150 4 7 5 
151 2 1 0 
152 6 2 4 5 
153 3 7 6 5 2 
154 6 1 0 3 
155 3 7 4 
156 1 0 3 
157 6 2 3 7 4 
158 7 2 0 4 5 
159 1 2 4 5 
160 6 1 0 2 4 5 
161 1 2 7 6 5 4 
162 6 3 0 2 5 
163 5 2 0 4 
164 0 1 4 5 
165 4 6 7 5 1 0 2 
166 6 1 2 0 7 5 
167 6 0 2 5 
168 6 7 4 5 
169 0 3 1 2 
170 1 6 7 5 0 4 2 
171 4 7 6 3 5 2 
172 0 6 3 7 4 2 
173 3 7 6 2 4 5 
174 6 3 0 2 5 
175 2 0 3 1 4 5 
176 2 6 5 4 
177 0 7 6 3 2 5 
178 0 1 5 
179 2 3 0 1 
180 4 0 2 1 6 7 5 
181 1 2 3 0 6 5 
182 7 3 2 1 5 
183 1 3 0 6 2 5 
184 3 5 2 
185 3 6 7 0 4 2 
186 2 3 0 6 5 
187 3 0 1 2 5 
188 0 4 1 5 
189 3 0 1 4 5 
190 4 3 0 1 2 5 
191 6 3 7 2 4 
192 1 0 3 4 2 
193 5 0 3 1 4 2 
194 5 7 6 3 2 
195 3 1 0 
196 5 1 2 7 
197 6 3 7 2 5 
198 6 7 4 
199 4 7 
200 2 6 7 4 
201 0 3 1 4 2 
202 7 4 5 
203 5 7 0 6 3 
204 0 3 2 1 5 
205 7 2 3 4 5 
206 3 6 7 0 4 2 
207 7 4 1 0 5 
208 6 2 3 4 5 
209 0 1 2 5 
210 7 3 0 1 2 5 
211 1 7 4 5 
212 4 7 6 3 5 2 
213 4 0 1 5 
214 6 3 2 0 5 
215 2 4 5 
216 7 0 3 2 
217 3 2 0 5 
218 6 3 0 1 2 5 
219 3 6 5 4 
220 1 6 7 4 
221 6 0 1 7 5 
222 7 0 1 5 
223 0 3 1 2 
224 6 7 2 3 5 
225 1 7 6 2 5 
226 6 0 3 1 4 2 5 
227 5 2 3 4 
228 0 1 5 2 
229 4 7 0 6 3 5 
230 7 0 2 5 
231 6 3 2 4 
232 6 2 0 7 4 
233 0 3 2 
234 1 7 4 0 
235 4 1 0 5 
236 0 3 6 2 5 
237 6 2 3 5 4 
238 7 0 1 5 
239 2 3 4 5 
240 2 7 6 5 4 
241 0 2 7 6 5 4 
242 0 1 2 
243 2 1 5 
244 4 7 5 
245 1 7 0 5 
246 7 6 5 4 
247 0 3 7 2 5 
248 3 0 1 5 
249 1 7 6 3 2 5 
250 2 7 1 4 0 
251 3 6 7 5 4 
252 0 1 6 7 5 
253 3 0 1 5 
254 4 1 0 3 
255 7 1 0 2 4 5 
256 1 7 4 
257 5 2 0 4 
258 5 7 1 4 0 
259 3 7 0 6 5 
260 5 7 4 
261 6 5 4 
262 6 3 0 1 2 
263 2 3 5 4 
264 2 0 4 1 5 
265 0 1 4 5 
266 7 0 1 5 2 
267 5 1 0 3 
268 0 6 5 4 
269 7 0 2 1 6 5 4 
270 3 2 4 5 
271 5 0 1 
272 6 3 0 2 5 
273 5 7 6 3 2 
274 7 2 3 4 5 
275 1 2 4 5 
276 4 3 2 1 5 
277 5 2 3 4 
278 7 0 1 2 5 
279 2 0 3 1 4 5 
280 7 3 2 5 4 
281 3 6 7 4 5 
282 7 2 0 4 5 
283 3 0 1 5 2 
284 1 5 
285 6 7 5 4 
286 6 7 2 4 
287 1 2 0 4 5 
288 6 7 4 5 
289 1 0 2 4 5 
290 1 7 4 0 
291 4 2 3 5 
292 0 1 2 7 5 
293 4 3 0 7 2 5 
294 7 3 2 6 5 
295 6 3 7 0 4 2 
296 6 7 2 5 
297 0 7 6 2 4 
298 1 7 6 2 5 
299 4 1 0 5 
300 0 1 2 4 5 
301 0 6 7 4 
302 4 0 1 5 
303 2 0 1 4 5 
304 2 0 5 
305 0 3 7 2 5 
306 0 2 3 7 4 
307 2 3 7 4 
308 4 3 2 
309 2 3 7 4 
310 7 2 6 5 4 
311 7 3 6 2 4 5 
312 3 6 7 5 1 0 4 2 
313 3 0 2 5 
314 2 3 0 6 5 
315 3 2 7 4 
316 0 6 7 4 
317 3 7 0 5 2 
318 4 6 5 
319 7 3 6 2 4 5 
320 5 0 2 1 6 7 4 
321 5 0 1 
322 5 7 3 
323 3 7 6 2 4 
324 5 3 0 7 2 
325 6 7 5 1 0 4 2 
326 7 4 1 0 5 
327 4 0 1 5 
328 2 0 7 4 
329 0 2 1 6 7 5 4 
330 7 6 2 5 
331 2 7 6 4 
332 6 1 5 
333 7 0 3 2 
334 3 2 0 5 
335 2 0 1 5 
336 6 2 3 5 4 
337 5 1 2 7 
338 7 4 5 
339 0 3 2 4 
340 4 3 7 2 6 5 
341 4 2 0 5 
342 4 7 0 6 3 5 
343 2 5 
344 7 0 1 5 
345 3 7 4 5 
346 6 7 4 
347 3 7 6 5 2 
348 1 7 6 3 5 2 
349 6 2 0 4 5 
350 7 6 3 5 2 
351 1 3 2 5 
352 6 7 4 
353 0 5 2 
354 6 7 3 5 2 
355 2 0 1 6 7 5 
356 0 7 5 3 
357 4 7 5 
358 7 2 3 6 5 
359 7 0 1 5 
360 6 3 2 4 
361 1 0 4 5 
362 1 0 4 5 
363 2 0 4 1 5 
364 1 0 5 2 
365 3 7 0 5 2 
366 6 3 7 2 4 5 
367 4 7 5 3 
368 2 6 3 7 4 
369 3 6 7 2 4 
370 3 7 4 5 
371 2 3 0 1 5 
372 4 7 5 
373 1 6 3 7 0 4 2 
374 7 3 0 1 2 
375 3 6 7 4 5 
376 3 0 1 5 
377 3 2 5 4 
378 2 0 5 
379 3 0 1 5 
380 0 3 1 4 2 5 
381 1 2 3 4 5 
382 4 1 5 
383 5 2 6 3 
384 0 3 1 4 2 5 
385 5 2 3 4 
386 4 3 0 1 2 
387 1 7 6 2 5 
388 0 1 5 2 
389 6 7 2 4 
390 5 3 2 4 
391 4 0 1 5 
392 5 0 4 1 
393 0 3 7 2 5 
394 4 2 0 7 
395 5 0 1 2 
396 3 7 6 5 2 
397 5 2 7 6 4 
398 3 7 5 
399 6 7 4 5 
400 0 6 7 5 4 
401 0 2 5 
402 7 0 1 5 
403 3 1 2 0 7 5 
404 1 7 2 3 6 5 
405 5 2 
406 1 3 7 6 2 4 5 
407 0 1 5 2 
408 1 7 0 5 
409 3 7 2 6 5 
410 1 0 5 
411 1 7 0 5 
412 6 3 7 0 4 2 
413 2 3 0 1 5 
414 0 1 2 
415 1 3 0 6 2 5 
416 1 7 6 2 5 
417 1 6 3 7 2 4 
418 7 0 3 1 4 2 
419 5 3 0 1 2 
420 4 7 6 2 5 
421 0 3 2 5 
422 0 7 1 4 
423 2 6 5 4 
424 1 3 0 2 
425 2 3 4 5 
426 1 2 7 6 5 4 
427 4 7 0 5 
428 0 7 6 3 2 5 
429 6 0 1 5 
430 7 1 2 5 
431 2 3 0 7 5 
432 2 0 1 6 7 5 
433 0 7 6 2 4 
434 7 6 2 5 
435 4 1 5 
436 2 0 1 5 
437 0 2 3 4 5 
438 2 0 4 1 5 
439 0 3 1 4 2 
440 5 2 3 4 
441 6 7 5 4 
442 2 0 4 5 
443 7 0 1 2 5 
444 0 2 5 
445 3 7 4 5 
446 4 3 7 2 
447 7 6 3 2 4 
448 1 7 4 5 
449 5 0 2 
450 5 4 1 0 
451 3 7 6 2 5 
452 5 3 7 0 2 
453 6 7 1 4 0 
454 7 2 0 4 
455 4 3 2 
456 2 7 6 3 5 
457 0 7 4 5 
458 6 1 0 3 
459 5 0 3 2 
460 3 0 7 2 5 
461 7 0 5 
462 2 1 5 
463 7 0 1 5 
464 6 0 1 5 
465 5 0 1 6 7 
466 7 1 0 3 
467 1 0 5 2 
468 4 2 3 5 
469 5 7 1 4 0 
470 6 2 7 5 4 
471 2 0 3 1 4 5 
472 7 1 2 5 
473 3 7 6 5 2 
474 6 1 0 2 
475 3 1 2 0 7 5 
476 1 5 
477 6 0 1 2 5 
478 7 0 1 5 
479 1 6 5 4 
480 6 2 7 5 4 
481 1 2 3 4 5 
482 6 7 4 5 
483 5 1 0 2 
484 0 7 4 
485 4 6 7 5 
486 7 3 2 0 5 
487 6 2 3 7 4 
488 6 7 4 5 
489 0 7 6 3 5 2 
490 1 7 6 3 5 2 
491 4 1 2 7 5 
492 0 7 4 5 
493 3 0 1 5 
494 7 6 3 0 4 2 
495 2 3 7 6 5 
496 2 1 0 7 5 
497 0 7 4 5 
498 0 1 3 
499 2 3 7 4 
500 4 3 2 
501 1 0 2 5 
502 7 6 5 4 
503 0 7 6 2 4 
504 3 2 0 5 
505 3 0 2 
506 2 6 3 7 4 
507 3 0 1 5 2 
508 0 3 2 
509 3 7 2 6 5 
510 4 6 7 5 1 0 2 
511 7 2 0 4 
512 1 0 2 
513 5 2 3 4 
514 5 7 6 3 2 
515 3 7 6 5 2 
516 5 3 2 4 
517 6 7 3 2 5 
518 7 2 0 4 5 
519 4 2 0 7 
520 2 0 4 1 5 
521 0 7 4 5 
522 7 3 0 5 2 
523 5 2 6 3 
524 3 0 1 2 5 
525 7 0 1 6 5 
526 3 2 1 5 
527 7 6 4 5 
528 6 2 7 5 4 
529 5 3 2 1 
530 7 1 0 3 
531 1 2 7 5 
532 4 0 1 5 
533 5 0 1 4 
534 6 0 3 1 4 2 5 
535 2 6 7 5 1 0 4 
536 7 4 
537 3 2 6 5 
538 6 2 3 0 5 
539 3 0 1 6 7 5 
540 0 7 1 4 
541 6 0 2 5 
542 7 4 
543 3 7 6 5 2 
544 6 0 2 1 7 5 4 
545 1 0 2 5 
546 6 3 0 1 2 5 
547 5 3 2 4 
548 0 3 7 2 6 5 
549 4 6 7 5 
550 7 2 6 5 4 
551 6 1 5 
552 6 7 4 
553 2 7 0 5 
554 1 3 7 2 4 
555 4 7 5 
556 0 1 2 
557 3 2 4 5 
558 7 2 3 4 5 
559 2 0 1 5 
560 2 0 3 1 4 5 
561 3 7 0 5 2 
562 3 2 6 5 
563 2 6 3 5 
564 4 1 5 
565 3 7 4 
566 6 3 7 0 4 2 
567 3 1 2 0 7 5 
568 3 2 4 5 
569 3 2 0 7 4 
570 2 5 
571 3 0 1 2 
572 0 7 5 
573 3 7 2 6 5 
574 4 3 7 6 2 5 
575 7 3 2 4 
576 1 3 2 5 4 
577 5 2 0 7 4 
578 5 3 2 0 
579 3 1 0 2 4 5 
580 5 1 0 3 
581 6 0 3 1 4 2 
582 7 6 5 1 0 4 2 
583 4 1 0 2 
584 2 6 3 7 4 
585 0 7 5 
586 7 6 3 0 4 2 
587 5 3 2 1 
588 3 7 6 5 2 
589 7 1 0 2 4 5 
590 3 5 2 
591 7 5 3 
592 6 2 0 7 4 
593 5 6 7 4 
594 7 1 4 0 
595 3 5 2 
596 4 2 0 7 
597 5 0 1 4 
598 6 7 4 
599 2 6 7 5 1 0 4 
600 7 6 5 4 
601 3 2 5 4 
602 6 1 0 2 4 5 
603 3 7 1 4 0 
604 1 2 3 4 5 
605 6 7 4 5 
606 7 6 4 
607 3 0 6 2 5 
608 6 2 7 5 4 
609 1 7 6 2 4 
610 6 3 7 0 4 2 
611 5 2 3 4 
612 0 3 2 4 
613 4 3 7 2 
614 7 0 2 1 6 5 4 
615 6 2 3 5 
616 6 3 0 7 2 5 
617 2 3 1 5 
618 1 0 3 
619 4 0 3 2 
620 0 5 2 
621 3 7 2 6 5 
622 7 3 6 2 4 5 
623 2 3 7 4 
624 2 0 1 5 
625 3 0 7 2 5 
626 3 7 2 4 
627 2 0 4 1 5 
628 4 2 0 5 
629 3 0 1 6 7 5 
630 7 1 2 5 
631 3 2 1 5 
632 3 6 7 0 4 2 
633 3 2 4 
634 2 0 5 
635 3 7 2 6 5 
636 0 5 2 
637 3 0 1 4 2 
638 4 7 6 2 
639 7 3 2 5 4 
640 1 3 7 2 6 5 
641 4 2 3 7 
642 5 3 7 6 2 4 
643 3 2 5 4 
644 5 1 2 0 7 
645 6 2 0 7 4 
646 7 1 4 0 
647 4 7 
648 2 7 1 4 0 
649 0 7 6 3 2 5 
650 7 2 3 5 4 
651 5 0 3 1 4 2 
652 3 1 2 0 7 5 
653 7 0 1 6 5 
654 3 2 4 5 
655 7 6 3 2 5 
656 6 7 2 4 
657 5 0 1 2 
658 7 0 2 5 
659 3 2 7 4 
660 4 2 3 0 6 5 
661 5 3 2 4 
662 6 0 1 4 5 
663 2 1 7 5 
664 7 0 1 6 5 
665 3 2 7 4 
666 6 0 4 1 5 
667 3 0 1 2 5 
668 1 6 3 7 2 4 
669 6 2 3 5 
670 7 3 2 6 5 
671 3 0 4 1 5 
672 6 3 0 2 5 
673 1 0 4 5 
674 6 2 3 5 4 
675 5 2 4 
676 0 7 6 3 5 2 
677 4 6 7 
678 7 0 3 2 
679 6 3 7 2 4 5 
680 6 5 2 
681 2 3 0 7 5 
682 1 0 5 
683 4 1 0 5 
684 0 2 4 5 
685 3 2 4 5 
686 7 0 2 1 6 5 4 
687 2 6 5 4 
688 2 0 1 5 
689 3 2 5 4 
690 3 7 5 
691 2 0 1 6 7 5 
692 4 2 3 5 
693 3 7 4 
694 7 3 2 0 5 
695 3 2 5 4 
696 3 6 7 5 4 
697 1 3 7 2 4 
698 2 3 7 4 
699 1 3 7 0 5 2 
700 0 2 3 7 4 
701 1 2 3 0 6 5 
702 4 3 7 2 
703 7 0 6 3 5 
704 1 7 6 3 2 5 
705 5 1 0 3 
706 5 3 7 6 2 4 
707 0 7 6 3 5 2 
708 5 0 1 6 7 
709 6 0 2 1 7 5 4 
710 7 2 4 5 
711 4 6 5 
712 1 0 6 7 5 
713 0 3 7 6 2 4 5 
714 7 2 3 6 5 
715 5 1 2 7 
716 0 3 1 2 
717 7 2 3 4 5 
718 3 0 2 5 
719 7 6 5 4 
720 6 1 2 0 7 5 
721 5 6 7 4 
722 6 7 3 2 5 
723 3 0 1 2 
724 4 1 0 5 
725 5 6 3 7 0 4 2 
726 6 7 2 5 
727 0 1 2 7 5 
728 7 3 2 0 5 
729 3 7 0 5 
730 6 4 1 0 5 
731 1 6 3 7 2 4 
732 1 0 4 5 
733 6 2 3 4 5 
734 7 0 3 1 4 2 
735 3 2 5 4 
736 6 3 7 2 5 
737 1 6 7 5 0 4 2 
738 6 0 1 5 
739 5 7 6 3 2 
740 0 1 2 
741 4 2 5 
742 7 0 3 2 
743 6 7 4 
744 4 0 2 5 
745 2 7 3 6 5 
746 1 3 0 2 
747 4 0 1 5 
748 0 1 2 5 
749 0 1 5 
750 7 0 6 3 5 
751 2 7 6 4 
752 2 7 6 3 5 
753 3 1 2 7 5 
754 3 6 7 4 
755 2 3 4 
756 4 2 0 7 
757 3 0 1 2 5 
758 7 0 3 1 4 2 
759 2 3 5 4 
760 3 2 0 5 
761 1 3 7 0 5 2 
762 2 7 6 5 
763 1 7 4 5 
764 0 3 2 
765 1 0 5 
766 4 7 1 0 
767 7 2 3 6 5 
768 1 7 6 3 2 5 
769 5 0 1 2 
770 5 1 
771 1 3 7 2 6 5 
772 5 3 7 2 4 
773 5 0 2 
774 5 7 6 2 
775 4 6 7 5 
776 1 6 7 5 4 
777 0 3 1 4 2 
778 5 7 3 
779 5 6 7 1 0 4 2 
780 0 6 7 4 5 
781 5 0 1 2 
782 3 2 0 5 
783 5 2 3 4 
784 4 3 7 2 
785 5 3 2 1 
786 5 2 3 4 
787 3 7 4 5 
788 4 0 1 5 
789 5 3 0 6 2 
790 4 1 0 5 
791 0 6 7 5 1 4 2 
792 4 7 0 6 3 5 
793 3 7 6 5 2 
794 5 1 0 2 4 
795 1 3 2 5 4 
796 1 0 3 4 2 
797 4 3 0 6 2 5 
798 5 7 3 
799 3 2 6 5 
800 4 0 1 5 
801 1 7 2 3 6 5 
802 5 7 4 
803 5 6 3 7 2 4 
804 0 1 2 7 5 
805 4 0 3 1 2 5 
806 5 1 2 0 7 
807 4 3 7 2 6 5 
808 4 1 0 5 
809 2 0 1 6 7 5 
810 1 7 6 3 5 2 
811 4 3 0 6 2 5 
812 0 3 7 5 2 
813 0 3 7 2 5 
814 4 0 3 1 2 5 
815 2 0 1 5 
816 2 6 7 4 
817 3 6 7 4 5 
818 2 3 0 1 
819 2 3 7 0 5 
820 4 7 6 2 5 
821 3 0 1 4 5 
822 4 0 3 2 
823 3 1 0 2 4 5 
824 3 2 0 6 5 
825 0 6 7 5 4 
826 2 0 3 
827 1 7 0 6 3 5 
828 0 2 7 6 5 4 
829 1 5 
830 4 1 0 2 
831 5 3 0 7 2 
832 1 0 3 2 
833 5 0 2 
834 5 0 1 
835 1 2 3 7 4 
836 5 1 2 0 7 
837 5 6 7 4 
838 5 4 1 0 
839 4 0 3 1 2 5 
840 1 0 3 4 2 
841 0 1 2 
842 4 3 0 6 2 5 
843 5 7 2 3 6 
844 0 1 3 
845 5 3 2 0 
846 2 7 6 3 5 
847 7 4 5 
848 6 7 3 5 2 
849 5 7 0 6 3 
850 7 4 5 
851 2 0 7 4 
852 4 0 2 5 
853 5 7 3 
854 6 2 3 5 4 
855 0 2 5 
856 7 2 0 4 
857 2 6 7 5 4 
858 6 2 4 5 
859 1 0 3 4 2 5 
860 1 0 2 5 
861 6 0 1 5 2 
862 7 3 2 5 4 
863 2 0 5 
864 6 3 7 0 5 2 
865 1 5 
866 7 2 3 4 5 
867 5 2 6 3 
868 0 7 6 3 5 2 
869 4 0 2 1 6 7 5 
870 5 0 1 2 
871 7 2 0 4 
872 6 3 7 2 4 
873 2 0 1 5 
874 1 0 5 2 
875 4 3 2 5 
876 0 1 2 4 5 
877 0 7 5 3 
878 7 1 0 2 4 5 
879 2 6 7 4 
880 2 0 1 6 7 5 4 
881 3 7 4 
882 2 7 6 5 
883 2 7 6 3 5 
884 4 0 1 5 
885 2 7 3 6 5 
886 4 6 3 7 0 2 
887 2 3 5 4 
888 2 1 0 
889 1 0 2 6 7 5 4 
890 2 6 3 7 4 
891 1 7 0 6 3 5 
892 0 1 2 4 5 
893 1 2 7 5 
894 4 0 2 5 
895 7 2 3 5 4 
896 0 6 5 4 
897 5 0 1 
898 5 7 0 6 3 
899 1 7 6 2 4 
900 5 3 0 6 2 
901 6 7 5 3 
902 7 0 5 
903 4 0 3 2 
904 1 0 2 6 7 5 4 
905 1 3 2 5 
906 7 1 4 0 
907 5 3 2 1 
908 1 5 
909 7 3 6 2 4 5 
910 2 0 1 6 7 5 
911 6 2 3 5 4 
912 4 1 2 7 5 
913 5 2 7 6 4 
914 6 3 7 2 4 5 
915 2 7 6 3 5 
916 4 0 2 1 6 7 5 
917 5 0 1 6 7 
918 1 2 4 5 
919 0 3 2 4 
920 6 3 0 2 5 
921 2 0 1 5 
922 6 0 1 5 
923 1 4 0 5 
924 1 7 4 0 
925 6 3 2 0 5 
926 5 3 0 7 2 
927 2 3 1 5 
928 6 2 7 5 4 
929 1 0 4 5 
930 6 7 3 5 2 
931 5 3 7 0 2 
932 0 2 6 3 5 
933 4 0 3 2 
934 5 0 1 
935 4 2 6 3 5 
936 4 2 7 6 5 
937 0 3 6 2 5 
938 1 5 2 
939 4 2 6 3 5 
940 0 7 2 3 6 5 
941 0 2 6 3 5 
942 4 6 5 
943 2 1 0 4 5 
944 2 1 0 7 5 
945 0 2 4 5 
946 0 7 6 3 5 2 
947 2 0 5 
948 4 0 3 1 2 
949 1 5 
950 4 1 0 2 
951 0 2 3 7 4 
952 2 3 7 0 5 
953 6 1 0 3 
954 2 3 4 5 
955 1 6 7 4 5 
956 4 1 0 5 
957 4 7 2 3 6 5 
958 0 3 7 2 5 
959 1 3 0 2 5 
960 1 0 3 
961 0 1 5 
962 5 6 3 7 0 4 2 
963 5 7 0 6 3 
964 0 5 2 
965 0 6 7 4 
966 5 7 0 6 3 
967 2 4 5 
968 5 0 3 1 4 2 
969 5 6 7 4 
970 4 2 7 6 5 
971 2 3 7 6 5 
972 4 2 3 0 6 5 
973 1 2 3 4 5 
974 5 7 0 6 3 
975 2 6 3 5 
976 1 3 2 4 
977 0 2 3 7 4 
978 0 2 5 
979 1 0 4 5 
980 1 3 0 2 
981 2 3 0 1 5 
982 1 6 7 5 0 4 2 
983 2 7 4 5 
984 0 2 5 
985 4 7 5 
986 1 2 3 4 5 
987 1 0 4 5 
988 4 2 3 5 
989 2 3 0 1 5 
990 0 2 4 5 
991 2 6 7 5 1 0 4 
992 1 3 7 6 2 4 5 
993 4 2 3 5 
994 0 3 2 1 5 
995 2 6 7 4 5 
996 4 7 6 3 5 2 
997 1 7 4 5 
998 0 5 2 
999 2 3 7 6 4 5 
1000 1 0 5 
1001 4 6 7 5 1 0 2 
1002 5 2 3 0 6 
1003 2 3 0 1 
1004 0 1 5 2 
1005 6 2 3 0 5 
1006 0 2 3 6 5 
1007 4 7 1 0 
1008 2 3 0 1 5 
1009 3 0 1 2 5 
1010 4 7 
1011 4 2 5 
1012 2 0 1 5 
1013 2 0 1 5 
1014 2 7 4 
1015 7 2 4 5 
1016 5 7 4 
1017 6 2 3 5 
1018 4 0 2 1 6 7 5 
1019 7 0 5 
1020 5 0 2 1 6 7 4 
1021 4 7 5 3 
1022 0 3 2 4 
1023 5 3 2 1 
