0 5 2 0 4 6 3 
1 2 6 0 5 3 7 1 
2 5 6 2 3 1 7 
3 6 2 0 3 
4 5 2 6 3 0 
5 4 5 6 7 
6 2 3 0 
7 6 2 0 3 7 
8 3 2 0 
9 3 6 7 5 1 0 
10 2 0 1 4 3 5 
11 1 6 2 3 7 5 
12 6 2 5 3 0 
13 2 3 5 4 0 
14 6 5 0 3 2 4 1 
15 1 0 7 
16 6 7 5 0 4 1 
17 5 1 0 6 
18 3 1 2 7 5 
19 0 3 1 2 
20 5 2 0 3 6 
21 4 3 0 1 2 5 
22 3 2 0 6 
23 7 2 6 5 3 
24 7 6 0 1 5 
25 6 3 2 0 
26 6 3 5 7 1 
27 2 3 6 4 5 0 
28 3 2 0 6 7 
29 2 5 0 3 6 1 
30 1 4 6 7 5 
31 0 4 3 2 6 5 
32 1 3 0 2 5 
33 5 2 6 3 0 
34 5 2 3 0 7 6 
35 7 2 3 0 6 
36 4 2 0 
37 3 7 6 4 0 
38 4 6 7 5 
39 1 4 5 6 
40 4 2 0 1 3 5 
41 0 1 6 3 5 
42 2 7 3 0 4 
43 2 0 1 4 3 5 
44 5 6 2 3 0 
45 3 2 5 6 0 
46 5 6 7 
47 7 0 1 
48 7 0 2 1 3 6 4 
49 1 0 2 4 3 5 
50 7 5 4 6 
51 4 3 2 0 
52 7 6 4 0 
53 1 4 5 0 
54 3 2 5 6 0 
55 0 4 5 1 
56 7 1 6 5 
57 7 0 2 1 4 3 5 
58 0 2 1 3 6 4 
59 2 6 0 5 3 7 1 
60 0 5 1 6 
61 5 2 1 0 
62 1 6 7 5 0 
63 0 3 5 2 4 
64 5 2 4 3 1 0 
65 2 1 0 
66 7 6 0 2 5 3 1 
67 6 4 3 2 5 0 
68 5 6 7 1 0 
69 4 2 1 0 
70 0 5 1 6 
71 6 4 5 0 
72 3 7 6 4 0 
73 1 5 4 6 
74 0 2 3 6 
75 1 3 2 0 
76 6 5 4 
77 2 0 7 1 
78 7 3 1 5 6 2 0 
79 1 5 4 6 
80 6 1 2 7 5 3 
81 5 6 2 3 1 7 
82 1 6 2 3 5 0 
83 0 3 5 6 1 
84 5 2 7 3 0 4 
85 4 6 7 5 
86 3 4 6 5 
87 7 2 0 6 3 
88 7 0 4 1 5 
89 7 5 4 6 
90 6 0 7 1 
91 0 6 7 5 1 
92 3 1 0 6 
93 2 6 0 1 5 
94 1 2 0 4 6 3 5 
95 0 2 6 5 3 7 
96 1 4 5 0 
97 5 3 6 4 2 0 
98 5 0 3 2 4 1 
99 7 3 2 0 
100 4 3 2 0 1 
101 3 4 5 1 0 
102 4 3 2 0 
103 1 5 4 0 
104 4 2 3 0 6 5 
105 1 2 0 6 3 7 
106 2 0 
107 2 4 3 1 0 5 
108 5 2 0 1 3 
109 3 6 0 2 5 7 1 
110 5 6 4 0 
111 7 0 2 1 4 3 5 
112 7 2 3 4 0 6 5 
113 0 5 4 6 7 
114 7 6 2 3 1 5 
115 4 5 6 7 
116 7 5 4 6 
117 1 0 6 
118 3 6 4 5 0 
119 0 5 3 2 4 1 
120 6 3 5 7 1 
121 7 5 0 3 2 4 1 
122 0 2 
123 2 7 6 4 0 
124 0 5 4 
125 5 3 2 6 1 
126 1 2 3 4 0 6 5 
127 0 3 2 
128 4 5 6 7 
129 2 5 6 3 0 
130 7 0 2 1 3 6 4 
131 6 4 7 5 
132 5 2 0 
133 4 3 0 1 2 5 
134 0 2 
135 6 2 0 3 7 
136 3 4 5 6 
137 1 5 6 7 
138 0 2 4 3 1 5 
139 1 6 3 5 
140 6 3 2 7 1 5 
141 2 7 6 4 0 
142 7 0 2 1 3 6 4 
143 1 4 6 5 
144 6 2 3 1 7 5 
145 5 0 1 6 
146 1 2 0 4 6 3 5 
147 0 5 4 6 
148 5 2 0 6 3 7 
149 4 2 0 1 3 5 
150 3 2 0 
151 7 2 0 6 3 
152 7 0 1 6 
153 7 0 4 1 5 
154 6 5 7 1 
155 0 3 2 7 1 5 6 
156 3 4 6 7 
157 2 0 
158 1 3 2 0 
159 0 4 6 5 
160 1 7 6 5 
161 5 4 6 7 
162 5 2 7 3 0 4 
163 7 3 2 1 0 
164 4 5 0 1 6 
165 3 2 0 
166 4 1 2 7 5 3 
167 1 6 0 5 
168 4 0 3 5 6 1 
169 0 6 2 3 1 7 5 
170 2 4 3 6 5 0 
171 2 1 4 0 5 
172 5 3 1 2 0 
173 3 2 7 1 5 6 
174 5 6 4 7 
175 7 4 5 1 0 
176 7 5 4 6 
177 1 2 4 3 0 5 
178 6 1 0 
179 6 2 7 3 0 4 
180 7 5 4 6 
181 1 6 3 5 
182 3 1 0 6 
183 0 6 4 7 5 
184 7 4 6 5 
185 4 3 5 2 0 
186 0 2 5 6 3 
187 2 5 4 0 
188 0 6 7 5 1 
189 5 0 2 1 4 3 
190 1 3 2 0 
191 0 7 5 4 1 6 
192 5 2 3 0 7 6 
193 2 5 6 7 1 
194 7 4 5 6 0 
195 4 5 6 
196 5 6 7 1 0 
197 4 3 2 0 
198 1 0 7 
199 4 3 2 0 1 
200 3 4 6 5 
201 1 3 2 0 
202 0 6 4 5 
203 1 6 7 5 0 
204 6 1 0 
205 2 1 7 5 3 
206 7 3 2 0 
207 1 2 6 5 3 7 
208 6 7 5 0 4 1 
209 5 1 0 6 
210 1 7 6 5 
211 0 4 6 7 
212 5 6 0 2 3 7 1 
213 4 6 7 
214 3 2 4 1 0 5 
215 7 1 2 5 3 
216 7 6 2 3 1 5 
217 7 6 4 0 
218 6 2 5 3 0 
219 1 3 5 2 4 0 
220 3 2 7 1 5 6 
221 2 6 0 1 5 
222 1 5 0 2 3 6 
223 0 4 1 5 
224 1 0 3 5 6 
225 5 4 6 7 
226 5 0 3 2 4 1 
227 6 7 1 5 
228 4 2 3 0 7 6 
229 3 1 5 6 2 0 
230 4 3 2 0 
231 0 3 2 1 
232 4 3 1 2 0 
233 0 3 1 5 6 2 
234 2 3 5 6 7 1 
235 2 4 6 7 
236 5 4 6 7 
237 3 5 0 2 4 1 
238 5 6 7 
239 7 5 0 4 1 6 
240 7 3 2 0 
241 1 3 2 0 
242 7 1 4 0 5 
243 4 1 6 3 5 
244 7 1 0 6 
245 1 0 7 6 
246 3 2 4 0 6 5 
247 0 3 2 1 
248 7 1 4 0 5 
249 7 4 6 5 
250 0 7 1 
251 2 5 0 1 6 
252 0 6 7 5 
253 5 6 0 2 3 7 1 
254 1 7 6 4 0 
255 0 4 6 7 5 
256 5 0 4 1 
257 2 7 3 0 4 
258 5 1 2 7 3 
259 6 4 7 5 
260 5 0 2 1 4 3 
261 4 6 5 
262 2 5 0 3 6 1 
263 6 3 2 0 1 
264 3 5 0 2 6 1 
265 3 0 5 6 1 
266 0 2 6 3 7 
267 0 2 5 6 3 
268 6 7 5 1 0 
269 3 2 1 0 
270 7 3 5 2 4 0 
271 1 6 3 5 
272 6 3 4 2 5 0 
273 4 3 2 0 1 
274 1 3 5 2 4 0 
275 1 4 5 6 
276 5 2 3 0 7 6 
277 4 5 0 1 6 
278 3 0 7 1 6 
279 4 5 0 
280 7 3 6 4 2 5 0 
281 7 3 2 0 
282 6 3 1 5 2 0 
283 0 6 1 5 
284 3 0 7 1 6 
285 2 6 3 5 0 
286 3 2 0 
287 0 1 4 5 
288 1 2 0 3 5 
289 4 2 0 6 3 5 
290 5 2 0 6 3 7 
291 7 0 4 1 5 
292 4 2 0 1 3 5 
293 5 4 0 
294 4 5 0 3 2 1 
295 1 0 7 
296 4 0 7 1 
297 0 3 2 1 
298 2 3 1 0 
299 2 4 5 6 0 
300 5 3 2 0 1 
301 3 2 0 1 
302 4 6 7 5 1 0 
303 7 3 2 0 1 
304 7 1 0 6 
305 1 7 6 4 0 
306 4 5 6 7 1 
307 4 0 7 1 
308 7 5 0 4 1 6 
309 1 7 6 4 0 
310 3 4 5 1 0 
311 0 4 3 2 6 5 
312 7 1 4 0 5 
313 7 2 0 
314 0 6 2 3 5 
315 2 4 5 6 
316 0 6 4 7 5 
317 5 4 0 
318 1 4 6 5 
319 0 3 2 7 1 5 6 
320 5 4 6 
321 2 1 7 5 3 
322 6 4 5 
323 4 5 6 
324 5 4 6 7 
325 4 2 3 0 7 6 
326 0 3 2 1 
327 6 2 0 4 3 5 
328 3 5 0 2 6 1 
329 1 3 6 4 2 5 0 
330 0 2 1 3 5 
331 1 0 3 5 6 
332 6 4 5 0 
333 2 0 4 6 3 5 
334 7 2 0 
335 1 0 7 6 
336 6 0 7 1 
337 5 2 0 3 6 
338 1 2 0 
339 0 7 1 6 5 
340 5 3 2 6 1 
341 4 1 0 5 
342 3 2 0 
343 7 4 6 5 
344 7 1 2 5 3 
345 7 3 2 0 
346 6 5 7 1 
347 0 3 2 1 
348 3 6 4 2 5 0 
349 3 1 2 0 
350 1 2 4 3 0 5 
351 0 6 4 5 
352 1 0 3 5 6 
353 5 6 4 0 
354 5 6 4 7 
355 7 6 4 0 
356 4 7 1 6 5 
357 5 1 2 7 3 
358 4 3 2 6 5 0 
359 1 3 5 2 4 0 
360 4 5 0 2 3 6 1 
361 0 5 3 2 4 1 
362 2 0 7 1 6 
363 2 6 0 5 3 7 1 
364 5 3 2 0 
365 3 6 2 1 7 5 
366 5 2 7 3 0 4 
367 6 4 5 0 
368 6 4 7 5 
369 1 5 0 6 
370 7 1 2 5 3 
371 4 6 2 3 5 0 
372 7 4 5 6 0 
373 1 3 2 6 5 
374 2 4 5 6 0 
375 0 3 5 6 1 
376 7 3 2 1 5 6 
377 4 0 2 1 3 6 
378 0 3 5 2 4 
379 2 5 4 0 
380 0 2 5 6 3 
381 5 2 0 4 6 3 
382 1 3 2 0 
383 0 5 2 3 6 1 
384 5 2 4 3 1 0 
385 2 0 4 1 5 
386 4 0 1 5 
387 6 0 2 1 4 3 5 
388 5 2 0 1 3 
389 4 5 0 
390 0 4 6 5 
391 6 7 5 0 4 1 
392 3 0 7 1 6 
393 1 0 6 
394 0 2 1 3 6 4 
395 1 3 2 0 
396 6 0 3 5 1 
397 2 4 6 5 
398 7 2 0 3 6 
399 1 5 0 6 
400 6 0 2 1 4 3 5 
401 5 2 1 0 
402 1 5 4 0 
403 0 3 5 6 7 1 
404 5 0 7 1 6 
405 4 6 2 3 5 0 
406 3 5 6 7 1 
407 7 0 1 
408 7 6 0 1 5 
409 7 3 2 0 
410 6 1 0 
411 2 3 5 6 7 1 
412 3 5 4 6 
413 2 3 0 
414 1 4 5 0 
415 0 6 2 3 1 7 5 
416 1 5 0 2 3 6 
417 5 2 3 0 7 6 
418 5 2 0 1 3 
419 7 2 4 3 1 0 5 
420 4 0 7 1 6 
421 3 6 4 5 0 
422 4 5 0 
423 1 3 5 6 7 
424 4 3 2 7 1 5 6 
425 0 2 7 3 4 
426 2 1 0 6 
427 2 6 5 3 7 
428 5 1 4 0 
429 3 2 6 1 5 
430 5 6 7 
431 7 3 2 0 
432 7 0 2 1 3 6 4 
433 1 4 5 6 
434 7 1 0 6 
435 4 3 1 5 6 2 0 
436 7 3 1 5 6 2 0 
437 1 4 6 7 
438 3 4 6 5 
439 0 3 5 2 4 
440 7 5 4 0 
441 7 6 0 1 5 
442 0 1 6 
443 2 5 6 3 0 
444 0 3 2 1 
445 5 2 3 0 7 6 
446 1 7 5 0 4 6 
447 0 3 1 2 5 
448 5 0 3 6 1 
449 2 5 4 6 
450 7 5 4 6 
451 6 3 5 7 1 
452 5 7 1 6 
453 4 5 6 
454 0 6 2 3 5 
455 6 2 5 3 0 
456 3 5 6 7 1 
457 1 3 0 2 5 
458 0 5 4 
459 1 5 4 6 7 
460 6 4 5 0 
461 2 7 5 0 4 1 6 
462 7 6 5 
463 1 4 6 5 
464 6 4 5 
465 5 6 4 0 
466 0 7 1 6 
467 0 6 7 5 1 
468 5 3 2 0 
469 4 5 6 0 
470 3 0 1 2 5 
471 7 3 2 0 
472 7 5 4 6 
473 7 2 3 4 0 6 5 
474 6 2 5 3 7 
475 0 2 4 3 1 5 
476 3 5 6 7 1 
477 2 3 4 0 6 5 
478 1 0 7 6 
479 0 2 1 3 5 
480 0 1 4 5 
481 5 2 7 3 0 4 
482 5 6 2 3 0 
483 7 6 5 
484 4 7 6 0 
485 3 5 0 2 6 1 
486 4 5 0 1 6 
487 1 5 4 6 
488 4 2 3 0 7 6 
489 0 4 6 7 
490 2 5 4 6 
491 2 0 7 1 6 
492 5 7 0 4 1 6 
493 3 0 4 1 5 
494 5 3 2 6 1 
495 7 3 2 0 
496 7 0 1 6 
497 1 3 2 0 
498 7 2 1 0 
499 4 3 2 0 
500 7 2 0 4 6 3 5 
501 1 5 4 6 
502 3 6 7 5 
503 0 3 1 2 5 
504 7 3 2 0 
505 6 4 3 2 5 0 
506 0 2 1 
507 2 0 4 1 5 
508 0 6 2 3 5 
509 5 1 2 7 3 
510 1 6 7 5 
511 0 6 7 5 
512 5 2 6 3 7 
513 2 5 0 3 4 1 
514 7 3 2 0 
515 6 3 2 0 
516 5 2 1 0 
517 4 2 7 3 0 
518 0 6 2 5 3 7 1 
519 6 0 2 1 4 3 5 
520 3 2 0 6 
521 1 3 2 0 
522 0 7 1 6 5 
523 1 0 4 5 
524 6 1 0 
525 2 3 1 5 6 0 
526 7 3 2 0 1 
527 1 5 4 6 
528 6 2 3 0 7 
529 5 2 6 3 0 
530 1 4 0 5 
531 0 1 6 
532 5 4 6 
533 4 2 3 1 0 5 
534 3 2 0 6 
535 7 2 3 0 4 
536 7 0 2 1 3 6 4 
537 7 2 0 6 3 
538 6 1 3 5 
539 0 3 2 7 1 5 6 
540 3 4 6 7 
541 2 1 0 
542 0 7 6 4 
543 0 7 5 4 1 6 
544 1 0 3 5 6 
545 5 2 0 1 3 
546 5 0 7 1 6 
547 7 5 0 4 1 6 
548 4 3 2 6 1 5 
549 3 2 0 
550 4 6 7 5 
551 1 0 7 6 
552 4 2 7 3 0 
553 0 3 2 
554 2 4 6 7 
555 2 0 7 1 6 
556 5 3 2 0 1 
557 3 2 0 7 6 
558 5 4 6 0 
559 7 3 5 2 4 0 
560 7 4 6 
561 1 2 0 3 5 
562 7 2 6 5 3 
563 4 5 6 7 
564 7 3 2 0 1 
565 1 3 2 6 5 
566 3 1 5 6 2 0 
567 0 2 
568 7 3 1 2 0 
569 7 2 3 0 4 
570 1 2 0 
571 2 6 3 5 0 
572 0 2 4 6 3 5 
573 5 0 7 1 6 
574 1 5 6 7 
575 0 2 
576 5 6 0 1 
577 2 3 1 0 
578 7 3 1 5 6 2 0 
579 6 3 1 2 0 
580 5 4 6 
581 4 7 1 6 5 
582 0 3 1 2 5 
583 6 0 7 1 
584 3 2 0 
585 1 3 0 2 5 
586 0 5 4 
587 1 6 0 5 
588 6 2 5 3 7 
589 2 3 1 5 6 0 
590 7 2 0 6 3 
591 1 3 2 0 
592 6 3 2 1 0 
593 5 1 4 0 
594 1 0 6 
595 0 7 1 6 
596 5 2 0 4 6 3 
597 4 5 0 2 3 6 1 
598 3 1 6 5 
599 7 6 2 3 1 5 
600 7 0 4 1 5 
601 7 2 0 
602 6 5 0 1 
603 0 6 4 7 5 
604 3 4 6 7 
605 2 6 3 1 7 5 
606 1 3 2 0 
607 1 6 7 5 0 
608 1 4 5 6 
609 5 6 7 1 
610 5 4 6 
611 7 1 0 6 
612 4 3 2 0 
613 3 4 5 6 0 
614 4 1 6 3 5 
615 1 7 6 5 
616 4 3 6 2 5 0 
617 0 2 1 
618 2 6 0 5 3 7 1 
619 2 7 6 4 0 
620 5 0 2 1 4 3 
621 3 5 6 7 1 
622 5 2 6 3 7 
623 7 5 4 6 
624 7 3 2 1 0 
625 1 4 5 0 
626 7 2 0 4 6 3 5 
627 4 7 1 6 5 
628 7 3 2 1 5 6 
629 1 3 5 6 7 
630 3 5 4 0 
631 0 3 6 4 2 5 
632 7 5 6 1 
633 7 3 5 6 1 
634 0 4 6 7 5 
635 2 0 6 3 7 
636 0 3 1 2 5 
637 5 2 3 4 0 6 
638 1 3 0 2 5 
639 0 2 3 4 6 5 
640 5 4 6 
641 2 3 7 1 5 6 
642 7 6 4 5 0 
643 6 4 3 2 5 0 
644 5 2 0 
645 4 3 5 6 7 1 
646 0 6 2 3 5 
647 6 2 0 1 3 5 
648 3 2 5 6 0 
649 0 4 6 7 5 
650 0 6 4 7 5 
651 1 4 6 7 5 
652 6 0 7 1 
653 2 3 4 0 6 5 
654 7 6 0 1 5 
655 0 4 1 5 
656 6 4 5 0 
657 5 4 1 0 
658 1 4 6 7 5 
659 0 5 4 6 7 
660 5 1 0 6 
661 4 3 5 2 0 
662 3 5 0 1 6 
663 7 0 4 1 5 
664 7 3 1 2 0 
665 7 2 6 5 3 
666 6 2 0 
667 0 6 7 5 1 
668 3 0 7 1 
669 2 4 3 1 0 5 
670 1 3 6 4 2 5 0 
671 0 1 4 5 
672 1 6 7 5 
673 5 4 0 
674 5 3 1 6 2 0 
675 7 5 0 4 1 6 
676 4 3 2 6 1 5 
677 3 1 2 7 5 
678 4 5 0 3 2 1 
679 1 6 0 2 5 3 7 
680 4 3 2 0 
681 0 1 2 7 5 3 
682 2 3 0 1 
683 2 3 4 0 6 5 
684 5 4 1 0 
685 3 1 2 0 
686 5 6 4 0 
687 7 6 2 3 1 5 
688 7 2 0 3 6 
689 1 2 0 
690 7 3 2 0 
691 4 3 2 6 1 5 
692 7 0 4 1 5 
693 1 7 6 5 
694 3 4 2 6 5 0 
695 0 3 6 4 2 5 
696 7 1 0 6 
697 7 6 4 5 
698 0 6 2 5 3 7 1 
699 2 3 0 1 5 
700 0 3 1 2 5 
701 5 6 0 2 3 7 1 
702 1 2 6 5 3 7 
703 0 3 2 
704 5 6 2 3 0 
705 2 4 5 6 
706 7 0 1 6 
707 6 5 4 
708 5 3 2 6 1 
709 4 3 2 0 1 
710 0 3 2 
711 6 1 4 0 5 
712 3 4 5 6 0 
713 1 6 4 7 5 
714 0 2 3 4 6 5 
715 1 5 0 2 3 6 
716 6 3 2 0 1 
717 2 0 3 6 
718 7 3 5 6 1 
719 1 3 2 0 
720 6 0 1 5 
721 5 3 2 0 1 
722 1 6 7 5 0 
723 0 1 4 5 
724 5 3 6 4 2 0 
725 4 1 0 5 
726 3 2 1 0 
727 7 6 2 3 1 5 
728 7 1 6 3 5 
729 7 2 6 5 3 
730 6 4 5 0 
731 0 2 3 7 6 
732 3 2 0 6 7 
733 2 3 1 0 
734 1 2 0 
735 0 3 1 5 6 2 
736 1 2 4 3 0 5 
737 5 2 1 0 
738 5 4 3 2 6 0 
739 7 1 6 3 5 
740 4 6 5 
741 3 5 6 7 1 
742 4 0 2 1 3 5 
743 1 6 4 7 5 
744 4 2 0 6 3 7 
745 0 3 2 1 
746 2 5 0 3 4 1 
747 2 1 0 
748 5 2 4 3 1 0 
749 3 5 6 7 1 
750 5 6 7 
751 7 1 6 3 5 
752 7 2 3 4 0 6 5 
753 1 0 7 
754 7 0 1 
755 4 5 0 2 3 6 1 
756 7 5 6 1 
757 1 6 3 5 
758 3 1 6 5 
759 0 3 2 1 
760 7 6 4 5 
761 7 0 1 6 
762 1 7 5 0 4 6 
763 2 4 3 6 5 0 
764 0 1 6 
765 5 2 6 3 7 
766 1 4 6 7 
767 0 3 2 1 
768 5 6 7 
769 2 3 0 
770 6 2 7 3 0 4 
771 6 4 3 2 5 0 
772 5 0 3 6 1 
773 4 6 2 3 5 0 
774 0 2 1 3 6 4 
775 6 2 0 3 
776 3 2 0 1 5 
777 0 3 2 
778 2 1 0 
779 1 7 5 0 4 6 
780 6 2 3 0 7 
781 2 6 4 7 5 
782 6 2 0 3 7 
783 1 3 2 0 
784 6 3 1 2 0 
785 5 4 6 
786 3 4 2 6 5 0 
787 0 2 1 4 3 5 
788 5 3 2 4 0 
789 4 5 1 0 
790 3 4 5 6 
791 6 0 2 5 3 7 1 
792 6 0 2 1 3 4 
793 6 0 3 5 1 
794 6 5 4 
795 2 5 0 3 4 1 
796 3 2 7 1 5 6 
797 2 3 6 1 5 
798 3 4 6 7 
799 2 3 4 0 6 5 
800 2 3 6 4 5 0 
801 5 6 7 1 0 
802 5 4 6 0 
803 6 2 0 4 3 5 
804 4 5 0 1 6 
805 3 4 5 6 0 
806 4 0 7 1 6 
807 3 1 0 6 
808 4 0 7 1 
809 3 0 7 1 6 
810 2 5 0 3 6 1 
811 2 0 4 1 5 
812 5 6 0 2 3 7 1 
813 3 2 0 4 6 5 
814 5 6 7 1 0 
815 6 3 4 2 5 0 
816 6 2 0 3 
817 2 6 4 7 5 
818 6 3 2 0 
819 4 6 7 
820 6 1 3 5 
821 1 2 0 3 5 
822 3 2 0 
823 2 4 3 6 5 0 
824 6 0 1 5 
825 6 5 0 1 
826 3 4 5 1 0 
827 2 7 3 0 4 
828 2 0 3 5 6 1 
829 5 4 6 7 
830 2 0 7 1 6 
831 0 3 1 2 
832 5 6 0 1 
833 2 0 7 1 6 
834 6 3 2 0 1 
835 6 4 7 
836 5 3 2 0 
837 4 5 6 
838 2 1 0 6 
839 6 2 5 3 7 
840 3 1 5 6 2 0 
841 3 6 4 7 5 
842 2 5 0 3 4 1 
843 1 0 2 3 6 4 
844 6 2 0 3 
845 2 7 1 6 5 
846 6 1 0 
847 0 2 3 4 6 5 
848 6 4 5 0 
849 5 3 6 7 1 
850 3 0 7 1 6 
851 0 6 2 3 5 
852 5 6 0 1 
853 4 7 6 0 
854 3 2 0 4 6 5 
855 6 2 0 3 
856 6 1 0 
857 6 2 3 5 0 
858 6 7 1 5 
859 2 3 6 4 5 0 
860 3 7 6 4 0 
861 2 4 6 5 
862 3 2 0 6 
863 2 3 5 6 7 1 
864 3 4 6 7 
865 5 4 1 0 
866 4 2 0 
867 6 1 0 
868 4 5 6 
869 3 4 2 6 5 0 
870 4 6 5 0 
871 3 2 6 5 7 
872 4 2 3 1 0 5 
873 2 1 7 5 3 
874 2 5 0 3 4 1 
875 2 0 1 3 6 4 
876 4 6 2 3 1 7 5 
877 3 6 4 5 0 
878 4 6 7 5 
879 6 2 0 4 3 5 
880 6 5 4 
881 2 6 7 5 
882 6 0 3 5 1 
883 6 0 7 1 
884 6 5 0 2 3 1 
885 1 0 7 
886 2 3 0 7 6 
887 2 3 1 5 6 0 
888 6 5 4 7 
889 6 3 1 5 2 0 
890 3 0 7 1 
891 2 4 5 6 
892 2 3 1 0 
893 4 2 0 6 3 5 
894 2 5 4 6 
895 0 4 5 6 
896 4 0 1 5 
897 2 5 6 7 1 
898 6 3 1 2 0 
899 6 2 4 3 1 0 5 
900 5 1 4 0 
901 4 5 1 0 
902 2 3 4 0 6 5 
903 4 7 5 0 1 6 
904 3 2 5 6 0 
905 3 0 7 1 6 
906 2 3 6 1 5 
907 1 0 6 
908 6 5 0 3 2 4 1 
909 3 6 2 1 7 5 
910 5 3 2 0 
911 1 3 5 6 7 
912 6 3 1 5 2 0 
913 4 7 1 6 5 
914 3 2 7 0 4 
915 0 2 3 7 6 
916 4 5 0 3 2 1 
917 4 5 6 
918 3 1 2 7 5 
919 6 2 3 5 0 
920 5 3 2 0 
921 6 3 4 2 5 0 
922 5 3 0 1 2 
923 2 6 0 5 3 7 1 
924 3 1 0 6 
925 2 3 0 
926 3 2 4 0 6 5 
927 2 3 1 0 
928 1 3 2 7 5 6 
929 4 5 6 
930 4 3 2 7 1 5 6 
931 6 3 0 1 2 5 
932 4 7 6 0 
933 3 6 4 5 0 
934 4 6 7 5 
935 3 2 6 1 5 
936 4 5 6 
937 2 6 0 5 3 7 1 
938 3 0 2 1 4 5 
939 3 0 2 1 6 4 
940 4 3 2 6 1 5 
941 3 5 0 2 6 1 
942 4 5 0 
943 5 0 7 1 
944 6 0 2 1 4 3 5 
945 1 0 6 
946 4 3 2 6 5 0 
947 4 2 3 1 0 5 
948 6 5 4 
949 0 6 4 7 5 
950 3 2 0 1 
951 2 3 6 1 5 
952 4 3 0 1 2 5 
953 6 2 0 1 3 5 
954 3 5 4 6 
955 3 2 0 1 
956 3 0 2 1 6 4 
957 4 6 7 5 
958 1 3 2 7 5 6 
959 0 1 6 
960 4 5 6 
961 2 5 0 1 6 
962 6 3 2 1 5 
963 6 3 2 1 0 
964 5 3 2 0 
965 4 2 6 5 3 7 
966 2 3 0 1 
967 6 3 5 2 4 0 
968 3 4 5 6 0 
969 3 1 2 7 5 
970 2 3 5 4 0 
971 1 5 0 2 3 6 
972 6 3 2 0 
973 2 1 6 3 5 
974 6 2 5 3 0 
975 1 5 4 6 7 
976 6 5 4 7 
977 4 3 5 2 0 
978 3 4 6 7 
979 0 5 4 6 
980 4 5 1 0 
981 4 5 6 
982 3 2 0 1 5 
983 6 3 2 7 1 5 
984 6 0 3 5 1 
985 6 3 4 2 5 0 
986 6 3 2 7 1 5 
987 2 4 3 6 5 0 
988 3 5 2 4 0 
989 2 5 0 1 6 
990 3 5 4 6 
991 2 6 3 1 7 5 
992 2 1 4 0 5 
993 4 0 2 1 3 5 
994 4 3 2 0 1 
995 6 3 2 0 
996 4 2 7 3 0 
997 3 5 0 1 6 
998 4 5 6 0 
999 3 6 7 5 
1000 4 3 2 0 
1001 2 7 5 0 4 1 6 
1002 2 6 7 5 1 0 
1003 2 1 0 6 
1004 4 1 6 3 5 
1005 3 2 1 0 
1006 4 5 1 0 
1007 6 0 7 1 
1008 6 4 5 0 
1009 2 3 1 0 
1010 6 3 5 7 1 
1011 2 5 6 7 1 
1012 6 2 3 0 7 
1013 1 5 4 6 
1014 3 0 2 1 6 4 
1015 3 0 5 6 1 
1016 6 2 0 3 7 
1017 3 2 0 1 
1018 3 2 0 6 
1019 2 0 1 3 6 4 
1020 3 6 0 1 5 
1021 4 7 1 6 5 
1022 3 6 0 1 5 
1023 0 1 6 
