0 5 0 1 3 2 7 
1 5 6 1 4 7 3 
2 1 4 7 3 
3 4 2 1 6 
4 2 4 3 5 7 
5 0 4 6 1 3 
6 0 4 7 3 5 1 
7 5 7 6 4 
8 0 3 1 2 
9 0 6 7 4 
10 5 0 1 3 6 4 
11 2 1 4 5 0 7 3 
12 6 5 0 1 3 4 
13 0 1 2 3 7 
14 3 0 6 7 4 1 
15 3 2 0 7 4 5 1 
16 7 2 0 3 1 
17 6 0 1 3 7 
18 6 3 4 5 2 7 
19 7 2 5 1 4 
20 5 7 6 4 
21 4 0 1 3 7 6 
22 3 6 4 2 
23 0 7 5 6 1 
24 4 3 0 1 
25 4 0 1 2 3 7 
26 7 4 6 3 
27 7 0 6 1 4 3 
28 1 6 0 2 3 4 
29 1 3 0 
30 6 1 5 0 4 2 7 3 
31 5 0 7 1 
32 5 4 7 3 6 
33 5 4 7 3 1 
34 2 1 3 
35 3 5 6 2 7 
36 7 0 6 1 4 3 
37 2 0 7 4 5 1 
38 4 6 1 5 7 3 
39 5 4 2 0 3 7 
40 7 1 0 3 
41 6 1 5 0 4 2 7 3 
42 6 0 1 4 3 
43 3 1 
44 2 1 0 5 
45 1 5 7 6 4 
46 6 0 3 1 7 
47 0 4 5 2 
48 2 1 5 0 4 7 3 
49 2 4 3 0 5 7 
50 3 0 6 7 4 1 
51 5 4 7 3 
52 4 2 3 
53 4 3 5 7 2 
54 4 5 0 1 3 6 
55 7 0 3 6 1 
56 7 6 3 4 2 
57 4 6 7 
58 5 1 0 2 3 7 
59 1 2 4 6 
60 0 7 6 5 4 
61 5 4 3 0 2 7 
62 4 1 0 2 3 7 
63 2 4 1 6 
64 5 3 4 1 0 7 2 
65 5 3 1 2 4 
66 2 3 4 5 1 0 7 
67 4 2 3 
68 2 3 4 5 7 
69 0 3 6 1 7 
70 0 4 3 5 2 7 
71 7 5 4 
72 2 3 4 5 7 
73 0 4 1 6 7 3 
74 5 6 7 
75 2 7 5 4 
76 6 4 5 7 
77 0 1 2 3 7 
78 3 2 4 1 6 
79 3 6 5 
80 7 4 5 2 
81 6 4 7 3 5 
82 6 7 4 
83 6 7 5 3 2 
84 5 4 7 3 1 
85 4 0 3 1 2 
86 3 7 0 5 6 1 
87 0 2 5 7 3 
88 4 6 7 
89 4 6 3 2 
90 7 6 0 4 5 2 3 
91 7 0 3 1 2 
92 1 0 3 
93 1 3 4 5 2 7 
94 6 3 2 
95 5 1 4 0 7 3 2 
96 5 0 3 1 2 
97 5 0 1 2 3 7 
98 2 6 7 
99 3 4 2 0 5 7 
100 7 4 0 1 6 3 
101 2 3 
102 4 2 3 
103 5 1 0 3 2 6 7 
104 7 5 0 1 3 6 4 
105 6 7 0 5 1 
106 7 4 2 0 5 3 
107 3 4 2 0 5 7 
108 2 3 5 6 7 
109 1 0 3 6 7 
110 6 3 1 2 0 7 
111 0 1 2 5 
112 3 2 0 7 1 
113 2 0 1 3 
114 3 6 7 4 2 
115 4 0 1 6 7 3 
116 4 7 5 3 2 
117 5 7 6 4 
118 4 2 5 7 3 
119 7 4 0 1 6 3 
120 7 0 1 3 
121 4 2 1 6 
122 5 6 0 1 2 3 4 
123 1 4 5 0 7 3 2 
124 0 5 7 6 4 
125 4 0 1 2 3 7 
126 4 2 1 6 
127 2 1 4 5 0 7 3 
128 5 0 3 6 1 7 
129 5 1 0 2 3 7 
130 2 1 3 0 7 
131 7 4 2 0 5 3 
132 2 3 
133 0 4 7 3 6 5 
134 0 3 6 1 7 
135 5 3 4 7 6 2 
136 0 2 5 1 4 
137 0 4 2 3 
138 5 0 1 3 2 7 
139 1 0 3 2 6 7 
140 6 4 2 0 5 3 7 
141 0 3 4 5 7 6 2 
142 3 1 2 0 7 
143 3 6 4 2 
144 7 6 0 1 2 3 4 
145 6 7 
146 6 7 4 
147 7 3 1 2 4 
148 5 1 0 3 
149 4 7 6 3 
150 3 4 7 
151 0 4 2 3 
152 4 3 0 5 2 7 
153 5 2 3 
154 7 4 6 5 
155 7 1 0 2 5 
156 1 2 0 7 4 5 
157 1 4 7 3 
158 6 2 0 7 4 5 1 
159 5 6 0 1 2 3 4 
160 5 7 6 4 
161 4 7 6 
162 2 5 7 6 4 
163 3 2 4 1 0 6 
164 7 0 3 6 1 
165 2 6 7 4 
166 4 3 2 
167 5 6 1 4 7 3 
168 7 3 2 4 
169 6 7 5 4 
170 6 0 7 4 1 3 
171 3 4 5 7 2 
172 2 3 5 6 7 
173 1 3 4 5 0 7 2 
174 6 5 
175 0 5 1 3 6 4 
176 2 4 6 1 3 
177 2 0 3 1 
178 3 1 2 0 7 
179 4 3 0 1 
180 4 7 3 5 1 
181 4 6 5 7 
182 4 7 6 5 
183 6 0 3 1 2 
184 7 3 1 2 
185 4 2 3 
186 5 7 0 6 1 
187 1 6 4 5 7 3 
188 0 7 5 4 
189 5 6 7 4 2 3 
190 4 7 6 3 
191 3 1 
192 6 3 2 
193 5 7 6 4 
194 2 7 0 5 6 1 
195 5 1 0 2 
196 0 4 3 5 2 7 
197 0 1 3 7 6 
198 0 6 4 5 2 3 
199 5 4 0 1 6 7 3 
200 0 6 7 4 2 3 
201 0 3 2 4 1 6 
202 4 3 2 
203 2 7 5 3 
204 6 0 7 4 1 3 
205 0 7 1 
206 3 5 0 1 6 4 
207 3 4 2 5 7 
208 6 4 2 3 
209 6 2 0 7 3 1 
210 6 0 1 2 3 7 
211 7 0 3 1 2 
212 6 2 3 
213 5 7 4 6 3 
214 3 7 0 1 6 2 
215 0 1 4 5 7 3 2 
216 5 6 3 4 2 
217 4 0 1 2 3 7 
218 7 1 0 2 3 
219 7 6 4 
220 1 4 6 5 7 
221 1 0 2 3 7 
222 6 3 4 5 2 7 
223 5 2 0 7 3 1 
224 5 4 2 3 
225 5 7 6 4 
226 3 4 7 6 5 
227 3 7 5 4 
228 6 7 5 3 2 
229 2 4 7 3 6 5 
230 4 7 5 
231 5 0 1 3 6 4 
232 5 4 3 7 2 
233 6 4 0 1 7 3 
234 4 6 0 1 2 3 
235 3 1 4 5 0 7 2 
236 3 1 5 0 4 2 7 
237 1 3 2 4 0 6 
238 6 2 3 
239 0 2 7 3 1 
240 2 4 7 3 
241 2 3 
242 3 2 
243 4 3 5 1 0 7 2 
244 4 6 5 
245 6 7 4 2 3 
246 4 2 5 1 
247 7 4 6 3 
248 7 4 3 
249 4 0 6 7 1 3 
250 5 4 2 
251 1 3 0 
252 1 0 3 2 7 
253 5 3 2 4 1 0 6 
254 4 6 5 
255 2 5 7 3 
256 5 2 0 7 3 1 
257 7 0 3 1 2 
258 2 0 1 3 
259 4 7 3 5 1 
260 2 4 7 3 
261 2 0 6 1 4 3 
262 0 4 3 5 2 7 
263 5 3 6 2 7 
264 1 6 7 4 
265 0 3 1 2 4 
266 5 4 2 3 7 
267 2 4 0 5 3 7 
268 6 0 1 3 2 7 
269 0 1 2 5 
270 3 1 4 5 0 7 2 
271 3 7 4 6 
272 7 6 
273 6 0 1 4 3 
274 6 1 3 
275 7 4 2 5 3 
276 5 3 4 1 0 7 2 
277 4 7 5 
278 3 4 0 1 6 7 
279 0 1 2 3 7 
280 6 5 
281 4 0 6 1 3 
282 7 0 1 3 
283 7 6 5 
284 1 4 6 3 
285 1 2 3 0 7 
286 6 7 4 3 
287 4 3 2 
288 5 7 3 2 
289 5 1 0 2 
290 2 6 0 4 5 3 
291 3 6 7 4 
292 7 4 6 1 3 
293 2 0 1 3 
294 5 4 3 0 2 7 
295 5 2 1 4 
296 7 3 1 4 2 
297 6 0 7 4 1 3 
298 6 3 4 5 1 0 7 2 
299 3 4 5 2 7 
300 2 3 1 4 
301 3 2 
302 6 0 1 3 2 7 
303 0 6 3 4 2 
304 2 4 6 1 3 
305 2 7 6 4 
306 3 1 4 2 
307 7 0 5 6 1 
308 4 2 1 6 
309 4 7 3 6 5 
310 7 3 5 6 2 
311 7 3 1 2 0 
312 7 0 1 2 3 
313 5 2 7 3 
314 5 1 3 
315 1 0 2 3 7 
316 0 6 1 2 3 4 
317 5 1 0 4 2 7 3 
318 5 4 7 3 6 
319 2 4 3 0 5 7 
320 3 5 6 2 7 
321 7 4 3 5 2 
322 3 7 0 5 6 1 
323 4 1 0 3 2 6 7 
324 3 1 0 2 7 
325 2 3 1 0 7 
326 0 4 2 3 
327 7 3 4 5 6 2 
328 0 5 1 3 6 4 
329 0 5 7 6 4 
330 6 3 1 4 2 
331 3 0 1 2 7 
332 6 5 
333 0 1 4 5 7 3 2 
334 3 0 6 1 4 
335 3 1 4 2 
336 7 6 4 2 3 
337 6 2 5 1 4 
338 6 7 3 0 1 2 
339 7 0 1 
340 5 3 4 2 7 
341 4 3 0 5 2 7 
342 0 2 5 7 3 
343 0 3 1 2 4 
344 4 3 2 1 0 6 
345 4 6 5 7 
346 7 0 1 3 6 
347 7 1 0 2 5 
348 1 3 2 
349 1 2 5 4 
350 6 1 0 2 5 
351 5 3 7 2 4 
352 4 3 1 2 
353 6 5 0 1 3 4 
354 2 4 0 5 3 7 
355 3 1 0 2 7 
356 7 6 0 4 5 2 3 
357 3 4 5 2 
358 4 3 1 2 
359 4 1 0 2 3 7 
360 4 6 1 5 7 3 
361 6 7 5 4 
362 4 3 1 2 
363 3 4 2 5 7 
364 2 0 6 7 4 1 3 
365 1 2 3 0 7 
366 6 4 7 3 5 1 
367 1 0 6 7 4 3 
368 2 0 1 3 7 6 
369 1 0 2 3 7 
370 3 1 4 2 
371 4 6 1 3 
372 4 1 5 0 2 7 3 
373 4 1 5 0 7 3 2 
374 4 3 0 1 
375 6 3 4 2 
376 7 3 1 2 
377 4 7 5 3 2 
378 5 6 0 4 2 3 
379 1 7 3 0 6 2 
380 0 2 5 7 3 
381 5 7 3 0 1 6 2 
382 4 6 7 
383 2 1 0 5 
384 6 3 4 5 7 2 
385 5 6 0 1 2 3 4 
386 2 5 1 4 
387 4 3 7 2 
388 2 5 7 3 
389 0 7 5 3 2 
390 0 3 4 5 1 7 2 
391 5 3 1 2 0 7 
392 0 6 4 5 2 3 
393 0 7 6 5 4 
394 5 7 6 4 
395 2 6 7 4 
396 6 0 7 1 
397 0 2 4 1 6 
398 3 1 2 0 7 
399 3 1 
400 7 1 0 3 2 6 
401 6 0 1 2 3 7 
402 6 3 4 5 7 2 
403 7 3 1 4 2 
404 5 4 7 3 
405 4 3 1 2 
406 3 7 6 5 4 
407 0 4 1 6 7 3 
408 4 3 5 7 2 
409 4 1 3 
410 6 4 1 3 
411 7 4 3 5 2 
412 1 7 0 5 6 
413 1 3 2 4 0 6 
414 6 3 1 2 
415 5 7 3 0 1 6 2 
416 5 0 1 3 
417 5 7 6 4 
418 2 3 7 4 
419 3 1 2 4 
420 7 5 0 1 3 6 4 
421 2 1 0 3 
422 4 0 3 1 2 
423 5 3 1 2 0 7 
424 7 3 4 5 6 2 
425 6 4 7 3 5 
426 6 3 4 5 1 0 7 2 
427 3 1 5 0 4 2 7 
428 2 3 
429 1 7 4 6 3 
430 6 0 1 4 3 
431 0 1 5 4 2 7 3 
432 2 7 5 4 
433 3 7 5 4 
434 3 4 2 0 5 7 
435 4 6 0 1 2 3 
436 5 3 4 2 7 
437 5 1 2 3 0 7 
438 4 0 3 6 1 7 
439 7 2 4 1 6 
440 7 0 3 1 2 
441 4 1 0 3 2 6 7 
442 5 0 1 3 6 4 
443 1 7 4 6 3 
444 0 6 1 4 3 
445 3 6 5 
446 4 1 5 0 7 3 2 
447 2 3 0 1 
448 5 2 0 7 4 1 
449 5 4 3 0 2 7 
450 2 4 6 5 7 
451 4 6 0 5 2 3 
452 2 7 5 4 
453 1 6 0 4 5 2 3 
454 1 2 5 4 
455 5 3 1 2 4 
456 0 4 7 3 5 1 
457 0 3 4 5 1 7 2 
458 5 2 0 7 4 1 
459 2 3 
460 6 3 2 4 1 0 
461 0 4 2 3 
462 3 0 1 7 6 
463 3 0 1 
464 7 6 5 4 
465 6 3 1 4 2 
466 6 7 4 3 
467 7 2 5 1 4 
468 5 6 1 4 7 3 
469 4 0 6 7 1 3 
470 3 0 7 1 
471 0 2 7 4 5 1 
472 4 3 0 1 
473 4 3 2 1 0 6 
474 7 3 4 5 6 2 
475 7 1 0 2 5 
476 1 3 4 2 
477 1 3 2 0 7 
478 6 4 7 3 5 
479 5 1 0 3 2 6 7 
480 5 7 4 6 3 
481 5 4 6 7 
482 2 4 0 5 3 7 
483 3 5 7 6 4 
484 7 0 1 3 2 
485 2 4 5 3 7 
486 4 5 2 
487 5 7 4 
488 4 2 0 7 5 1 
489 6 0 1 2 3 4 
490 4 3 1 2 
491 3 2 
492 1 4 7 3 5 
493 1 4 6 3 
494 5 0 3 6 1 7 
495 0 3 1 2 4 
496 2 6 5 
497 2 4 7 3 5 1 
498 3 1 0 
499 4 3 5 7 2 
500 7 2 5 3 
501 4 3 2 1 0 6 
502 4 6 7 
503 7 4 5 2 
504 7 2 0 3 1 
505 4 6 7 2 3 
506 5 4 7 3 1 
507 1 7 4 6 3 
508 0 6 7 
509 5 1 0 2 
510 4 3 2 
511 2 4 5 
512 4 1 3 
513 5 4 2 3 7 
514 2 3 4 5 7 
515 4 7 5 3 2 
516 2 0 3 6 1 7 
517 0 7 3 1 6 2 
518 0 1 3 2 6 7 
519 5 7 3 0 1 6 2 
520 0 3 1 
521 0 7 6 4 
522 5 7 6 4 
523 2 3 4 5 7 
524 6 0 1 2 3 7 
525 0 7 3 1 6 2 
526 3 1 0 2 6 7 
527 3 6 1 4 5 7 
528 7 1 0 3 
529 6 7 
530 6 0 7 1 
531 7 3 1 2 4 
532 5 6 7 4 
533 4 2 5 7 3 
534 3 4 7 
535 0 6 5 
536 4 3 2 
537 4 3 0 1 
538 7 6 4 
539 7 6 0 1 2 3 4 
540 1 7 5 3 2 
541 1 4 5 2 
542 6 3 0 1 
543 5 1 0 3 
544 5 7 3 2 
545 5 0 1 2 3 7 
546 2 4 7 3 5 1 
547 3 1 0 2 6 7 
548 7 0 1 2 3 
549 2 3 0 1 
550 4 7 3 6 5 
551 5 3 4 7 6 2 
552 4 6 7 2 3 
553 6 5 
554 4 0 1 3 
555 3 4 7 
556 2 5 0 1 3 6 4 
557 1 3 5 6 2 7 
558 5 6 7 4 
559 0 6 7 4 1 3 
560 2 0 6 1 4 3 
561 2 1 0 5 
562 3 6 7 4 2 
563 4 1 3 
564 4 0 1 3 7 6 
565 4 2 0 7 3 1 
566 4 0 3 6 1 7 
567 7 3 5 6 2 
568 7 4 6 3 
569 4 2 1 6 
570 5 3 1 2 
571 1 2 3 0 7 
572 0 7 3 1 6 2 
573 5 4 3 7 2 
574 4 2 1 6 
575 2 3 1 4 
576 5 7 6 4 
577 4 2 3 
578 2 6 7 4 3 
579 4 1 5 0 2 7 3 
580 2 7 3 0 1 6 
581 0 2 4 1 6 
582 2 3 4 5 7 
583 5 4 2 3 7 
584 0 6 3 4 2 
585 0 3 1 2 4 
586 5 4 6 7 
587 2 0 3 1 
588 6 0 7 1 
589 0 6 7 
590 3 1 0 2 7 
591 3 2 0 7 1 
592 7 2 0 4 5 1 
593 6 4 0 1 7 3 
594 6 1 3 
595 7 4 3 6 5 
596 5 2 3 
597 7 1 0 3 2 6 
598 3 4 2 5 7 
599 0 4 5 2 
600 6 7 4 2 3 
601 7 6 1 4 5 3 
602 7 4 3 0 5 2 
603 7 2 3 
604 1 2 5 4 
605 1 4 2 3 
606 6 7 4 3 
607 5 4 7 3 1 
608 6 1 2 3 0 7 
609 6 1 0 2 3 7 
610 2 3 5 6 7 
611 3 2 
612 7 4 3 5 1 
613 2 6 1 4 5 7 3 
614 6 1 0 2 3 7 
615 7 3 1 2 
616 4 7 6 
617 6 5 0 1 3 4 
618 5 4 3 0 2 7 
619 3 6 0 4 5 2 
620 2 0 1 3 
621 1 0 3 
622 5 3 6 2 7 
623 0 3 4 5 7 6 2 
624 2 6 0 1 3 4 
625 2 1 0 3 6 7 
626 3 2 0 7 4 5 1 
627 7 4 3 6 5 
628 7 4 6 5 
629 6 7 5 4 
630 7 1 0 3 
631 7 4 0 1 6 3 
632 7 4 2 5 3 
633 4 1 5 0 2 7 3 
634 5 4 2 0 3 7 
635 1 3 0 
636 0 1 2 3 7 
637 5 4 2 0 3 7 
638 4 2 3 
639 2 3 4 5 1 0 7 
640 6 4 1 3 
641 7 5 3 2 
642 2 4 0 5 3 7 
643 6 0 1 4 3 
644 2 1 0 5 
645 0 7 1 
646 0 6 1 4 3 
647 6 1 5 0 4 2 7 3 
648 0 4 7 3 6 5 
649 0 1 2 3 7 
650 7 1 3 
651 2 0 1 3 7 
652 6 3 4 5 7 2 
653 0 6 4 5 2 3 
654 3 6 4 2 
655 3 5 7 6 4 
656 7 3 4 5 2 
657 6 3 7 2 4 
658 6 0 1 3 7 
659 7 6 
660 6 0 1 3 2 7 
661 7 3 2 4 
662 3 6 7 4 2 
663 1 0 3 2 7 
664 6 7 4 
665 7 0 6 4 1 3 
666 7 3 1 4 2 
667 6 0 1 3 
668 1 3 4 5 2 7 
669 1 0 3 2 
670 6 2 5 1 4 
671 5 7 6 4 
672 6 7 5 4 
673 5 4 2 3 7 
674 2 3 1 
675 3 7 0 5 6 1 
676 7 1 0 2 5 
677 2 4 7 3 6 5 
678 4 2 0 7 5 1 
679 5 2 7 3 
680 4 3 2 1 0 6 
681 6 3 2 4 1 0 
682 4 3 1 2 
683 3 1 2 0 7 
684 2 6 0 1 3 4 
685 1 2 5 7 3 
686 5 0 6 1 4 3 
687 0 4 2 3 
688 2 3 5 6 7 
689 2 6 1 4 5 7 3 
690 3 6 0 4 5 2 
691 4 2 0 5 3 7 
692 4 6 7 2 3 
693 4 6 3 2 
694 4 7 3 0 1 6 2 
695 7 1 0 2 5 
696 7 2 3 
697 4 6 7 
698 4 6 7 
699 1 7 4 6 3 
700 0 7 5 3 2 
701 5 4 2 3 7 
702 4 0 1 3 7 6 
703 2 6 5 
704 5 6 7 
705 5 4 3 0 2 7 
706 2 3 7 4 
707 4 0 1 6 7 3 
708 2 1 4 5 0 7 3 
709 0 3 1 
710 0 6 7 4 
711 5 3 7 2 4 
712 0 1 3 
713 0 2 3 
714 5 6 
715 2 1 0 3 7 
716 6 4 7 3 5 1 
717 0 1 2 3 7 
718 3 5 7 6 4 
719 3 7 6 4 
720 7 6 4 2 3 
721 6 3 1 2 0 7 
722 6 4 5 2 
723 7 0 3 1 2 
724 5 1 0 3 
725 4 2 3 
726 3 4 6 1 
727 0 4 3 5 7 2 
728 4 3 5 2 7 
729 4 6 5 7 
730 7 0 1 3 
731 7 3 1 2 0 
732 1 0 3 7 6 
733 1 3 2 0 7 
734 6 0 3 1 2 
735 5 3 4 2 7 
736 5 7 3 0 1 6 2 
737 5 1 0 4 2 7 3 
738 2 4 5 
739 3 4 5 2 
740 7 0 6 4 1 3 
741 2 3 4 5 7 6 
742 4 0 1 3 2 7 
743 5 7 6 4 
744 4 5 7 6 
745 6 3 2 
746 4 3 1 2 0 7 
747 3 2 
748 2 6 3 4 
749 1 3 5 6 2 7 
750 5 2 0 7 3 1 
751 0 3 1 2 
752 2 0 6 7 4 1 3 
753 2 6 7 4 3 
754 3 4 5 7 2 
755 4 3 0 1 
756 4 7 3 
757 4 0 1 2 3 7 
758 4 1 2 3 0 7 
759 7 5 4 
760 7 0 3 6 1 
761 4 3 7 2 
762 5 4 6 7 
763 1 4 3 5 7 2 
764 0 7 5 3 2 
765 5 0 7 1 
766 4 7 3 0 1 6 2 
767 2 4 7 3 6 5 
768 5 1 0 3 2 6 7 
769 6 4 2 5 3 7 
770 2 7 5 4 
771 6 1 2 3 0 7 
772 2 4 0 5 3 7 
773 0 7 1 
774 0 1 2 5 
775 6 0 3 1 7 
776 0 6 4 5 2 3 
777 0 3 4 5 7 6 2 
778 7 1 2 3 0 
779 2 6 7 4 3 
780 6 0 7 1 
781 0 7 5 6 1 
782 3 7 6 5 4 
783 3 6 4 2 
784 7 4 3 5 2 
785 6 0 1 3 
786 6 3 1 2 
787 7 4 2 3 
788 6 3 4 5 7 2 
789 7 6 3 4 2 
790 3 7 6 4 
791 0 3 1 2 7 
792 6 7 0 5 1 
793 7 0 1 3 2 
794 7 2 5 3 
795 7 6 
796 1 0 7 
797 1 3 5 6 2 7 
798 6 5 7 4 
799 5 6 1 4 7 3 
800 6 2 4 1 
801 6 4 7 3 
802 2 7 6 4 
803 3 1 0 
804 7 0 3 6 1 
805 2 1 0 3 6 7 
806 6 4 5 7 
807 7 2 5 1 4 
808 7 3 2 4 
809 6 0 1 3 2 7 
810 6 3 7 2 4 
811 3 2 0 7 1 
812 2 7 5 4 
813 3 1 4 2 
814 6 3 2 4 1 0 
815 0 3 1 2 7 
816 2 0 7 4 5 1 
817 2 6 7 
818 3 7 0 5 6 1 
819 5 2 1 4 
820 4 1 5 0 7 3 2 
821 4 0 1 6 7 3 
822 4 0 1 3 7 6 
823 7 5 0 1 3 6 4 
824 7 2 5 1 4 
825 4 7 5 
826 5 0 1 3 2 7 
827 1 6 7 
828 0 5 7 6 4 
829 5 0 7 1 
830 5 1 0 3 
831 2 4 3 0 5 7 
832 6 3 4 5 1 0 7 2 
833 6 1 3 
834 2 3 1 4 
835 7 4 3 0 5 2 
836 2 3 4 5 1 0 7 
837 3 4 5 2 7 
838 2 6 1 4 5 7 3 
839 7 6 4 
840 2 3 4 1 0 6 
841 0 2 7 3 1 
842 7 4 6 1 3 
843 2 0 6 1 4 3 
844 6 0 4 5 2 3 
845 0 3 1 2 
846 3 0 6 1 7 
847 3 2 5 7 
848 7 4 0 1 6 3 
849 6 4 2 3 
850 6 0 7 4 1 3 
851 7 4 2 3 
852 6 1 4 5 0 7 3 2 
853 6 7 5 4 
854 3 4 5 7 2 
855 0 1 3 2 6 7 
856 6 1 0 3 2 7 
857 7 4 6 5 
858 7 6 0 1 2 3 4 
859 7 0 1 3 
860 1 0 3 2 
861 1 2 0 7 3 
862 6 0 4 5 2 3 
863 5 3 2 4 1 0 6 
864 6 1 5 0 4 2 7 3 
865 6 4 5 7 
866 2 4 5 
867 3 0 1 2 7 
868 7 1 4 5 0 3 2 
869 2 0 1 3 7 
870 6 7 3 0 1 2 
871 7 3 1 2 4 
872 6 1 2 3 0 7 
873 6 5 
874 7 5 6 4 
875 3 7 6 4 
876 2 1 4 5 0 7 3 
877 3 1 2 4 
878 6 4 2 5 3 7 
879 0 1 3 
880 2 1 3 
881 2 3 1 4 
882 3 0 6 7 4 1 
883 7 4 5 2 
884 7 0 1 3 6 
885 6 3 5 2 7 
886 7 3 2 4 
887 6 1 4 5 7 3 
888 7 6 0 4 5 2 3 
889 1 7 5 3 2 
890 1 7 3 0 6 2 
891 1 2 5 4 
892 0 7 5 6 1 
893 3 4 0 1 6 7 
894 3 1 2 
895 2 3 4 5 1 0 7 
896 3 4 0 5 2 7 
897 1 3 7 2 4 
898 2 7 3 0 1 6 
899 1 0 3 2 6 7 
900 2 0 1 3 
901 2 0 7 3 1 
902 2 0 7 1 
903 1 0 3 
904 3 1 2 
905 0 7 5 6 1 
906 0 2 7 4 5 1 
907 2 0 1 3 7 
908 3 5 0 1 6 4 
909 1 7 5 3 2 
910 3 7 2 4 
911 3 1 
912 0 1 5 4 2 7 3 
913 0 4 5 2 
914 1 0 7 
915 0 1 3 7 6 
916 2 4 7 3 
917 0 5 7 6 4 
918 3 2 4 1 0 6 
919 0 6 5 
920 0 5 7 6 4 
921 0 3 1 2 7 
922 1 6 0 2 3 4 
923 1 0 3 6 7 
924 1 7 6 4 
925 1 0 3 
926 0 4 7 3 5 1 
927 1 4 6 3 
928 1 2 4 6 
929 1 3 2 
930 1 0 3 7 6 
931 0 3 4 5 7 6 2 
932 1 4 6 3 
933 1 6 7 
934 1 3 0 
935 1 3 2 
936 1 3 4 5 0 7 2 
937 1 4 5 0 7 3 2 
938 1 2 5 7 3 
939 3 0 1 2 7 
940 1 0 3 
941 3 4 2 5 7 
942 0 1 5 4 2 7 3 
943 0 3 5 6 2 7 
944 2 7 6 5 4 
945 1 4 2 3 
946 1 3 2 
947 1 0 3 7 6 
948 1 4 7 3 
949 3 0 6 1 4 
950 1 4 6 5 7 
951 1 4 7 3 5 
952 3 2 4 1 6 
953 1 3 2 
954 1 6 3 4 2 
955 1 2 3 0 7 
956 0 4 1 6 7 3 
957 3 6 4 2 
958 1 0 6 4 3 
959 1 3 2 4 0 6 
960 1 6 4 5 7 3 
961 1 7 0 5 6 
962 1 3 7 2 4 
963 1 7 6 4 
964 0 6 7 
965 2 0 7 4 5 1 
966 2 3 1 4 
967 3 4 2 0 5 7 
968 3 4 6 1 
969 0 7 4 6 3 
970 0 2 5 7 3 
971 1 0 7 
972 3 6 5 
973 0 1 3 2 7 
974 1 4 3 5 7 2 
975 1 0 3 
976 0 1 3 7 6 
977 1 2 0 7 4 5 
978 1 6 4 5 7 3 
979 0 3 4 5 7 6 2 
980 2 1 3 
981 0 4 7 3 6 5 
982 0 7 5 6 1 
983 0 7 5 3 2 
984 0 3 1 2 
985 0 4 7 3 
986 1 4 3 5 7 2 
987 1 6 3 4 2 
988 1 4 7 3 
989 1 5 0 3 6 4 
990 0 6 1 2 3 4 
991 1 2 5 4 
992 1 4 5 2 
993 1 4 2 5 3 7 
994 1 2 0 7 3 
995 0 6 4 5 2 3 
996 1 4 6 5 7 
997 3 6 7 4 2 
998 1 3 2 
999 1 3 4 5 0 7 2 
1000 1 3 4 5 7 6 2 
1001 1 3 5 6 2 7 
1002 3 4 2 5 7 
1003 3 4 2 
1004 3 6 1 4 5 7 
1005 3 2 
1006 1 5 0 4 2 7 3 
1007 1 3 7 2 4 
1008 3 0 6 7 4 1 
1009 3 2 5 7 
1010 3 1 0 
1011 1 3 2 0 7 
1012 1 3 0 
1013 3 7 6 5 4 
1014 1 3 2 
1015 1 2 0 7 4 5 
1016 3 4 5 1 0 7 2 
1017 1 2 4 6 
1018 3 4 6 1 
1019 1 4 6 3 
1020 1 4 0 6 7 3 
1021 3 6 0 1 2 4 
1022 3 2 0 7 1 
1023 3 0 1 2 7 
