0 3 1 2 0 
1 4 5 6 0 1 
2 2 6 7 5 4 1 
3 4 7 6 5 3 
4 3 7 6 1 0 
5 1 6 7 2 
6 3 2 5 6 4 0 1 
7 6 2 
8 2 5 4 6 7 
9 2 7 1 
10 4 2 3 1 
11 4 3 1 2 
12 2 3 6 7 1 0 
13 5 2 3 0 1 
14 3 5 4 6 7 
15 7 4 5 6 
16 3 6 7 4 5 1 0 2 
17 6 5 4 2 7 1 
18 7 6 2 5 3 
19 5 7 4 6 3 
20 7 2 3 6 0 1 
21 4 6 5 3 2 
22 1 4 7 5 6 
23 7 2 1 3 0 
24 7 4 5 1 6 
25 3 5 6 1 4 7 2 0 
26 6 3 2 
27 7 4 2 1 6 3 0 
28 6 2 5 4 7 3 1 
29 4 5 7 6 
30 6 7 4 5 3 
31 1 3 6 7 2 0 
32 7 5 1 0 
33 4 6 7 5 3 2 
34 6 2 3 1 
35 0 4 5 7 6 
36 0 6 7 3 2 
37 5 2 3 7 6 0 1 
38 1 4 2 6 5 0 3 
39 5 7 4 6 
40 6 4 2 5 1 0 3 
41 2 6 7 3 
42 0 1 6 4 3 
43 0 7 6 4 5 3 
44 2 4 5 7 6 
45 0 6 7 3 4 5 1 2 
46 3 7 4 6 5 
47 0 7 1 2 
48 2 4 5 6 0 1 
49 4 7 6 5 3 2 
50 3 2 1 
51 4 6 7 3 5 1 0 2 
52 2 4 5 6 1 3 
53 0 2 5 6 4 7 3 1 
54 2 5 4 6 7 
55 7 5 1 0 
56 0 5 4 6 7 
57 6 4 5 0 1 
58 4 5 6 2 
59 3 4 5 6 2 1 0 
60 7 6 4 5 2 
61 4 7 2 3 
62 3 7 6 1 
63 0 6 5 4 3 2 
64 3 6 7 0 1 
65 4 0 6 7 1 
66 1 4 2 6 5 0 3 
67 4 7 5 6 
68 3 4 5 1 7 
69 1 7 4 5 6 2 
70 3 7 5 4 1 0 6 
71 6 2 1 7 4 5 3 0 
72 2 3 1 
73 2 6 1 7 3 0 
74 4 7 2 3 
75 4 2 3 1 
76 3 2 0 1 
77 5 2 3 1 
78 3 6 7 4 5 2 
79 7 4 2 1 6 3 0 
80 3 6 1 7 0 2 
81 6 7 2 
82 6 5 7 
83 5 2 6 4 0 1 
84 7 3 2 
85 4 5 6 7 
86 1 2 3 
87 7 4 6 5 3 
88 7 1 6 4 3 0 
89 2 1 3 0 
90 6 2 1 7 4 5 3 0 
91 7 2 1 4 5 3 6 0 
92 6 5 1 7 0 
93 4 2 3 1 
94 6 2 7 1 3 0 
95 1 6 4 3 0 
96 7 5 4 6 2 
97 4 2 1 3 0 
98 6 4 5 2 3 
99 0 2 3 7 6 1 
100 0 5 4 6 7 
101 5 3 1 2 
102 1 7 4 6 5 3 
103 5 2 
104 6 7 5 4 3 2 
105 2 1 7 4 5 3 6 0 
106 0 7 3 6 1 
107 0 6 5 1 2 7 
108 2 5 6 1 4 7 3 0 
109 0 7 4 6 5 3 
110 3 1 2 
111 0 7 4 5 6 
112 2 3 1 
113 4 1 2 0 
114 3 7 4 6 5 
115 4 6 7 3 5 1 0 2 
116 2 4 5 6 1 0 
117 0 2 5 6 4 1 
118 2 6 3 5 4 
119 7 5 4 6 2 
120 0 6 7 1 
121 7 4 2 1 6 3 0 
122 4 7 1 2 
123 3 2 5 6 4 7 1 
124 7 6 5 3 2 
125 4 7 5 1 0 6 
126 3 7 2 
127 0 5 7 6 
128 3 7 6 1 0 
129 4 2 3 
130 2 4 5 6 0 1 
131 4 2 3 1 
132 3 2 0 1 
133 1 6 5 2 7 
134 3 4 2 6 5 1 0 
135 6 3 2 1 
136 2 6 7 5 
137 0 2 5 6 4 7 3 1 
138 4 5 6 1 7 2 3 0 
139 4 7 1 5 2 3 0 
140 2 3 6 7 1 0 
141 5 3 2 1 
142 3 5 7 6 
143 7 6 5 4 3 2 
144 3 7 4 6 5 
145 6 1 2 0 
146 6 3 5 4 2 
147 5 4 6 2 
148 7 1 6 4 3 0 
149 4 1 2 0 
150 1 7 4 5 2 3 0 
151 7 2 5 6 4 0 1 
152 7 6 4 5 2 
153 2 6 5 4 3 
154 6 4 5 3 1 7 
155 7 2 3 1 
156 6 3 2 1 
157 4 5 6 2 3 
158 6 2 5 4 0 1 
159 1 4 2 5 6 3 
160 7 5 4 2 1 
161 4 5 1 7 0 
162 6 5 1 7 0 
163 0 7 4 5 6 
164 0 3 2 1 
165 5 4 6 2 1 
166 1 2 3 7 6 0 
167 5 4 6 2 1 
168 7 6 5 4 3 2 
169 2 4 7 5 1 6 
170 0 7 6 5 4 3 2 
171 0 6 7 5 4 3 2 
172 2 4 5 6 3 
173 0 4 5 6 2 3 
174 3 7 4 5 6 
175 0 4 5 6 1 
176 2 7 5 4 1 0 6 
177 4 7 3 6 1 
178 3 4 5 1 7 
179 4 6 3 5 2 
180 2 6 7 4 5 
181 0 5 1 6 3 
182 2 4 5 6 1 0 
183 7 6 2 5 3 
184 0 2 7 1 6 3 
185 6 4 5 0 1 
186 4 7 6 5 3 
187 3 2 0 1 
188 7 4 2 6 5 1 0 3 
189 4 5 2 7 1 
190 3 4 5 1 7 
191 0 5 6 1 4 7 2 3 
192 2 3 7 6 0 1 
193 4 3 6 7 2 1 0 
194 2 7 1 6 3 0 
195 4 1 2 0 
196 2 6 1 7 3 0 
197 1 4 2 6 5 0 3 
198 3 5 4 6 2 
199 6 3 5 4 2 
200 2 6 5 7 
201 2 6 5 4 3 
202 4 5 6 2 
203 4 7 5 1 6 
204 1 7 4 6 5 3 
205 5 6 7 4 1 2 
206 2 6 7 5 4 1 
207 4 5 6 7 
208 3 7 1 4 5 2 0 
209 7 4 2 1 6 3 0 
210 6 7 4 5 
211 5 3 2 1 
212 7 4 5 1 6 
213 4 7 6 5 3 
214 1 7 5 4 0 6 
215 7 1 6 4 3 0 
216 7 6 5 4 3 2 
217 3 1 2 0 
218 7 6 5 4 3 2 
219 7 2 1 4 5 3 6 0 
220 6 4 5 2 3 
221 4 1 2 0 
222 6 3 2 1 
223 1 4 2 6 3 0 
224 7 1 2 
225 4 2 
226 6 7 3 0 1 
227 0 6 7 4 5 2 
228 0 4 2 6 5 1 3 
229 5 6 7 3 4 1 0 2 
230 1 7 4 5 2 3 0 
231 5 2 6 4 0 1 
232 6 5 1 7 0 
233 2 7 5 4 1 0 6 
234 0 6 5 7 2 
235 0 2 3 1 
236 2 7 4 6 5 3 
237 0 6 5 7 2 
238 3 4 5 1 7 
239 0 6 7 2 
240 2 4 5 7 6 
241 4 5 6 2 
242 2 4 5 6 1 3 
243 5 6 7 3 4 1 0 2 
244 2 6 7 5 
245 0 2 5 6 4 7 3 1 
246 2 3 1 
247 5 2 1 7 4 3 6 0 
248 0 6 1 7 3 2 
249 6 7 4 5 3 
250 5 2 3 0 1 
251 2 7 4 5 6 
252 7 6 1 0 
253 4 0 6 7 1 
254 3 7 4 5 6 
255 0 4 5 7 6 
256 3 5 7 6 
257 4 5 6 2 
258 2 6 5 1 7 
259 4 5 6 0 1 
260 3 4 6 2 1 
261 1 2 
262 3 2 
263 6 2 1 3 0 
264 2 3 7 6 0 1 
265 2 4 1 6 3 0 
266 4 1 2 0 
267 4 6 3 5 2 
268 3 7 6 4 5 
269 5 3 6 7 2 1 0 
270 3 6 5 4 2 
271 7 6 2 5 3 
272 3 6 5 2 
273 6 2 3 
274 6 7 5 4 3 2 
275 5 4 7 1 6 
276 7 4 6 5 3 
277 4 2 5 6 0 1 
278 1 6 5 2 7 
279 7 2 3 6 0 1 
280 7 4 2 5 6 1 3 
281 3 7 4 5 6 2 
282 6 7 4 5 3 
283 7 6 5 3 2 
284 7 4 6 5 3 
285 4 2 3 1 
286 6 5 7 2 
287 1 6 5 2 7 
288 7 6 5 1 2 
289 4 7 5 6 
290 6 4 2 5 1 0 3 
291 0 2 3 7 6 1 
292 0 4 5 6 2 1 
293 5 6 7 4 1 2 
294 1 7 4 5 2 3 0 
295 5 6 7 3 2 
296 6 7 5 4 3 2 
297 2 6 7 3 4 5 1 0 
298 0 7 4 5 6 2 
299 0 1 6 4 3 
300 2 5 6 1 4 7 3 0 
301 0 4 5 6 2 3 
302 3 6 7 5 4 2 
303 0 1 2 
304 2 4 5 6 3 
305 5 4 7 6 
306 0 4 2 1 6 3 
307 4 0 6 7 1 
308 2 4 6 1 
309 1 2 3 0 
310 2 6 5 7 
311 7 3 2 
312 0 2 3 7 6 1 
313 1 3 2 
314 4 6 7 5 1 2 
315 3 1 2 0 
316 7 6 3 0 1 
317 5 3 6 7 2 1 0 
318 3 4 5 6 2 1 0 
319 0 5 1 7 
320 1 5 4 6 2 
321 4 3 1 2 
322 2 5 4 6 7 
323 4 5 7 6 
324 1 7 6 0 
325 1 2 7 6 3 0 
326 1 3 2 
327 6 7 4 5 2 
328 2 4 5 6 0 1 
329 2 5 1 6 0 3 
330 5 2 3 0 1 
331 4 7 5 6 
332 3 5 4 6 2 
333 5 7 6 4 3 2 
334 3 2 7 1 6 0 
335 7 4 2 5 6 1 3 
336 3 6 7 4 5 2 
337 6 2 
338 6 5 1 0 3 
339 5 7 6 1 0 
340 7 4 5 6 0 1 
341 4 6 7 3 5 1 0 2 
342 3 7 4 5 6 
343 7 6 5 2 
344 7 6 1 0 
345 3 5 4 6 2 
346 6 5 1 4 7 2 3 0 
347 7 4 5 1 6 
348 6 5 4 7 
349 4 5 2 7 1 
350 7 4 5 6 
351 1 2 3 0 
352 7 0 6 1 
353 5 6 7 4 2 
354 6 2 3 1 
355 0 6 3 5 4 2 
356 0 6 5 1 2 7 
357 5 2 3 1 
358 1 5 7 0 
359 5 2 6 4 7 3 1 
360 6 4 5 7 
361 0 7 4 5 6 2 
362 0 6 3 5 4 2 
363 0 6 7 5 4 3 2 
364 2 4 5 6 1 0 
365 0 4 5 6 2 3 
366 3 7 5 4 1 0 6 
367 0 5 7 6 
368 2 4 6 1 
369 4 6 7 5 1 2 
370 3 7 4 5 6 2 
371 4 5 6 2 1 0 
372 2 0 6 7 1 
373 0 4 6 2 1 
374 2 3 0 1 
375 7 5 6 
376 0 7 1 2 
377 5 4 2 6 1 3 
378 4 6 5 3 2 
379 3 6 7 5 2 
380 7 4 5 6 2 1 0 
381 4 7 6 5 3 
382 0 7 4 6 5 3 
383 0 2 1 7 4 5 3 6 
384 3 7 1 2 
385 4 7 2 3 
386 2 7 4 5 6 
387 4 7 6 1 0 
388 3 4 7 5 1 6 
389 1 4 6 2 
390 3 7 6 5 4 2 
391 6 7 3 0 1 
392 2 5 4 6 
393 2 6 7 3 0 1 
394 4 7 6 1 0 
395 4 2 
396 3 2 1 
397 5 4 2 6 1 3 
398 3 6 5 4 2 
399 7 6 5 3 2 
400 3 6 5 7 2 
401 7 4 5 6 2 3 
402 6 2 3 0 1 
403 5 6 1 4 7 2 3 0 
404 7 6 5 3 2 
405 4 7 3 6 1 
406 3 2 7 6 0 1 
407 7 4 5 3 1 
408 7 6 4 5 2 
409 3 4 5 6 2 1 0 
410 5 6 4 3 2 
411 7 2 3 
412 6 7 5 4 3 2 
413 4 7 6 5 3 2 
414 6 3 5 4 2 
415 1 4 5 6 2 0 
416 7 2 3 0 1 
417 4 5 7 6 
418 7 4 5 6 
419 1 6 5 2 7 
420 0 6 7 5 2 
421 5 2 6 4 7 3 1 
422 1 6 7 3 2 
423 5 1 6 4 3 0 
424 6 3 5 4 2 
425 2 6 7 3 
426 0 4 2 5 6 1 3 
427 1 6 7 3 0 
428 2 7 1 
429 0 5 4 6 2 
430 3 6 2 5 
431 1 5 6 4 7 2 3 0 
432 2 4 5 7 6 
433 5 3 1 2 
434 3 6 7 2 1 0 
435 4 7 1 2 
436 2 7 3 
437 0 2 
438 2 5 4 7 1 
439 7 6 5 4 3 2 
440 0 7 5 4 1 6 
441 6 7 2 
442 4 2 1 6 3 0 
443 3 5 4 2 7 1 
444 7 6 5 2 
445 4 2 1 7 5 3 6 0 
446 3 7 4 5 6 2 
447 0 6 7 3 4 5 1 2 
448 3 7 4 5 6 2 
449 4 7 3 6 1 
450 2 4 6 5 1 0 3 
451 4 0 6 7 1 
452 3 6 7 0 1 
453 1 7 4 5 6 
454 2 6 7 5 4 1 
455 6 2 5 4 0 1 
456 2 6 5 4 3 
457 2 7 1 
458 4 6 5 3 2 
459 4 2 1 6 3 0 
460 3 4 2 5 6 1 
461 7 4 5 1 6 
462 3 2 
463 7 6 5 4 3 2 
464 3 2 1 
465 6 3 1 2 
466 6 5 7 
467 5 4 6 2 
468 7 5 6 
469 4 7 6 5 3 
470 1 6 7 3 0 2 
471 7 3 2 
472 7 6 3 2 
473 3 7 6 1 
474 6 7 4 5 3 
475 7 4 5 6 2 3 
476 6 7 3 1 
477 5 3 1 2 
478 6 2 5 4 7 3 1 
479 1 7 2 
480 7 5 1 6 0 3 
481 4 2 3 1 
482 6 2 3 1 
483 0 2 5 6 4 1 
484 0 6 5 7 2 
485 5 6 1 4 7 2 3 0 
486 1 5 7 6 
487 5 2 3 1 
488 6 4 7 5 1 
489 2 6 7 4 5 
490 0 2 7 1 6 3 
491 0 2 3 7 6 1 
492 2 7 1 
493 0 7 4 5 6 2 
494 3 5 1 7 0 
495 0 7 2 3 
496 2 7 1 4 5 3 0 
497 4 6 7 5 1 2 
498 3 5 4 6 2 
499 4 6 2 1 
500 2 6 7 5 
501 0 7 6 4 5 3 
502 2 6 7 5 4 3 
503 7 6 5 2 
504 0 4 2 1 6 3 
505 6 7 5 4 1 0 
506 4 6 2 1 
507 3 6 2 5 
508 7 5 4 6 2 
509 4 7 1 5 2 3 0 
510 2 7 4 5 6 
511 0 6 2 5 3 
512 3 5 1 6 0 
513 4 7 6 5 3 2 
514 2 6 5 7 
515 4 7 3 6 1 
516 3 5 1 7 0 
517 1 5 6 0 3 
518 3 5 1 6 0 
519 6 2 3 
520 1 5 7 6 
521 2 3 0 1 
522 4 7 5 1 0 6 
523 4 2 5 6 1 3 
524 3 1 2 0 
525 5 4 2 7 1 
526 3 6 7 2 
527 6 5 1 0 3 
528 3 2 1 0 
529 6 7 4 5 3 
530 6 3 5 4 2 
531 5 6 7 2 
532 7 6 5 1 2 
533 4 6 2 5 3 
534 1 7 2 3 
535 7 6 4 5 2 
536 7 6 2 5 3 
537 3 5 1 6 0 
538 6 7 1 0 
539 7 6 1 0 
540 6 5 3 2 
541 5 6 3 4 2 
542 6 5 4 2 7 1 
543 1 0 6 7 
544 7 6 2 5 3 
545 4 2 3 
546 6 5 1 4 7 2 3 0 
547 0 3 2 1 
548 0 4 2 1 6 3 
549 5 4 2 7 1 
550 1 4 5 3 7 
551 5 2 
552 6 0 7 1 
553 2 7 4 5 6 
554 0 1 2 
555 0 5 1 6 3 
556 2 7 1 4 5 3 0 
557 0 7 1 4 5 2 3 
558 2 7 1 6 3 0 
559 0 7 4 6 5 3 
560 2 0 6 7 1 
561 4 6 7 5 1 2 
562 3 4 2 5 6 1 
563 4 2 3 1 
564 2 7 4 5 6 
565 0 6 5 7 2 
566 3 2 7 1 6 0 
567 7 3 2 
568 0 5 7 6 
569 6 7 2 
570 4 6 2 1 
571 3 6 5 4 2 
572 7 6 2 
573 4 6 5 1 2 7 
574 3 6 7 5 2 
575 0 5 4 2 7 1 
576 2 7 4 6 5 3 
577 4 5 1 7 0 
578 1 6 5 2 7 
579 5 6 7 3 2 
580 3 7 4 6 5 
581 1 5 6 4 7 2 3 0 
582 3 7 1 4 5 2 0 
583 6 4 2 5 1 3 
584 2 6 7 3 4 5 1 0 
585 2 6 7 
586 4 7 6 5 3 2 
587 4 2 6 5 1 0 3 
588 3 6 7 5 4 1 2 
589 5 7 6 4 3 
590 2 1 6 4 3 0 
591 6 4 2 1 
592 3 5 7 6 
593 6 4 5 7 
594 6 7 5 2 
595 5 4 6 2 1 
596 7 1 6 4 3 0 
597 4 7 5 6 
598 1 2 5 6 4 7 3 
599 7 4 5 6 
600 4 6 7 2 
601 3 7 6 1 
602 6 5 4 2 7 1 
603 7 2 5 6 4 3 1 
604 6 2 5 4 0 1 
605 4 1 6 3 0 
606 6 7 4 5 3 
607 1 6 7 4 5 2 
608 7 4 5 6 
609 4 7 3 6 1 
610 6 5 1 7 0 
611 0 4 6 2 1 
612 0 3 2 
613 5 6 3 2 
614 1 0 6 7 
615 5 1 7 0 
616 6 2 1 3 0 
617 2 4 5 6 1 3 
618 0 2 3 1 
619 0 6 7 1 
620 2 6 7 5 4 3 
621 0 2 1 3 
622 3 7 2 
623 0 2 1 3 
624 2 5 4 6 
625 4 2 5 6 0 1 
626 3 4 2 5 6 1 
627 5 7 4 6 2 
628 2 6 1 7 3 0 
629 0 2 1 3 
630 3 6 2 5 
631 7 1 2 
632 0 6 7 2 
633 6 5 1 0 3 
634 4 5 1 6 0 3 
635 2 7 6 1 0 
636 7 4 5 6 0 1 
637 4 3 2 
638 3 6 5 2 
639 0 1 2 
640 3 7 2 
641 4 2 5 6 7 3 1 
642 2 7 4 5 6 
643 4 2 6 5 1 0 3 
644 2 6 7 5 4 1 
645 1 4 5 6 0 
646 2 6 1 7 3 0 
647 6 4 5 7 
648 2 3 
649 2 4 1 6 3 0 
650 4 7 5 1 0 6 
651 5 2 1 7 4 3 6 0 
652 3 2 7 1 6 0 
653 5 4 6 0 1 
654 1 6 7 3 0 2 
655 7 2 1 3 0 
656 2 6 7 5 4 1 
657 6 4 5 2 1 0 
658 6 7 3 0 1 
659 5 3 2 
660 7 3 6 1 
661 4 6 5 3 2 
662 1 6 7 5 4 3 2 
663 7 4 5 6 
664 7 5 4 2 1 
665 1 0 6 7 
666 6 7 3 0 1 
667 7 5 4 1 0 6 
668 6 1 7 3 0 2 
669 4 6 1 7 3 0 2 
670 6 3 5 4 2 
671 1 7 2 3 
672 7 5 4 1 0 6 
673 4 6 7 3 0 1 
674 4 7 6 5 3 2 
675 0 4 6 2 1 
676 0 3 1 2 
677 5 6 7 3 4 1 0 2 
678 1 4 2 5 6 3 
679 5 4 6 2 3 
680 6 7 2 
681 2 5 4 6 
682 0 6 7 3 4 5 1 2 
683 0 1 6 4 3 
684 2 3 
685 0 2 3 1 
686 2 1 6 4 3 0 
687 0 7 6 4 5 3 
688 2 6 7 5 4 3 
689 4 2 
691 4 2 3 1 
692 2 3 1 
693 0 2 3 
694 2 7 3 
695 7 2 5 6 4 3 1 
696 0 2 3 1 
697 7 3 6 2 1 0 
698 4 5 6 2 
699 1 7 2 3 
700 6 3 1 2 
701 4 7 6 5 3 
702 3 4 5 1 7 
703 7 2 1 6 3 0 
704 3 6 7 2 
705 4 6 5 3 2 
706 2 7 4 5 6 
707 4 6 7 5 3 2 
708 3 5 4 6 2 
709 1 6 4 3 0 
710 3 6 2 5 
711 6 2 3 1 
712 2 4 5 6 1 0 
713 2 3 0 1 
714 5 7 4 6 
715 5 3 6 7 2 1 0 
716 3 7 5 4 1 0 6 
717 5 4 3 1 7 
718 3 2 0 1 
719 7 4 6 2 1 
720 3 7 1 2 
721 6 5 4 2 
722 6 5 4 2 
723 5 2 3 
724 7 4 5 6 2 3 
725 5 2 
726 1 5 6 4 7 2 3 0 
727 7 2 1 3 0 
728 7 4 5 6 
729 3 7 6 4 5 
730 6 2 5 4 7 3 1 
731 7 3 2 1 
732 6 5 3 2 
733 5 2 1 3 0 
734 6 4 5 2 1 0 
735 1 6 7 4 5 2 
736 7 4 5 6 0 1 
737 5 6 7 2 
738 6 5 3 2 
739 0 5 4 6 7 
740 0 6 1 7 3 2 
741 5 4 7 1 6 
742 1 7 4 5 2 3 0 
743 5 4 6 2 1 0 
744 6 2 3 1 
745 2 1 3 0 
746 0 2 1 3 
747 0 6 7 5 2 
748 2 6 5 4 3 
749 0 6 5 1 2 7 
750 3 6 7 4 5 2 
751 0 7 6 5 4 3 2 
752 2 3 1 
753 5 2 3 
754 3 2 1 7 4 5 6 0 
755 5 4 6 2 1 0 
756 2 3 6 7 1 0 
757 0 7 6 1 
758 2 3 
759 7 6 1 3 0 2 
760 0 5 1 7 
761 5 2 3 1 
762 5 3 2 1 
763 3 4 5 1 7 
764 7 6 5 1 2 
765 5 6 1 7 3 0 2 
766 3 4 6 2 1 
767 0 7 1 4 5 2 3 
768 3 7 4 6 5 
769 4 5 7 6 
770 2 5 1 6 0 3 
771 5 3 6 7 2 1 0 
772 3 7 4 6 5 
773 1 6 5 7 2 
774 3 2 5 6 4 0 1 
775 6 5 7 2 
776 2 7 1 6 3 0 
777 2 1 7 4 5 3 6 0 
778 5 6 7 3 2 
779 5 4 2 6 1 0 3 
780 3 6 5 2 
781 5 6 1 4 7 2 3 0 
782 3 7 5 4 1 0 6 
783 7 5 4 2 1 
784 3 7 1 4 5 2 0 
785 6 7 4 5 2 
786 6 2 5 3 
787 5 4 3 1 7 
788 7 4 5 6 2 
789 5 7 2 3 
790 1 4 5 3 7 
791 7 2 1 6 3 0 
792 7 6 1 3 0 2 
793 3 4 5 6 2 
794 6 2 3 0 1 
795 7 2 3 1 
796 6 7 5 4 3 2 
797 5 2 7 1 6 3 0 
798 6 5 7 
799 1 6 7 3 4 5 0 2 
800 7 6 3 2 
801 5 7 6 4 3 
802 6 2 3 
803 0 7 2 3 
804 0 7 6 5 4 3 2 
805 5 2 7 1 6 3 0 
806 1 4 5 6 0 
807 5 7 6 4 3 2 
808 6 7 5 2 
809 2 5 4 6 
810 0 5 4 6 7 
811 0 2 3 1 
812 2 6 7 3 
813 0 7 4 5 6 2 
814 3 2 
815 0 4 5 6 2 1 
816 2 7 4 5 6 
817 5 6 2 3 
818 3 5 4 6 2 
819 5 6 7 2 
820 2 3 1 
821 0 6 7 5 4 1 2 
822 2 5 1 7 0 
823 7 4 5 6 
824 1 2 5 6 4 7 3 
825 6 7 4 5 2 
826 5 6 3 2 
827 3 2 0 1 
828 7 6 5 2 
829 5 7 3 6 1 
830 3 6 7 2 1 0 
831 0 6 5 1 2 7 
832 3 7 4 5 6 2 
833 4 1 6 3 0 
834 2 5 6 4 7 3 1 
835 5 4 6 2 3 
836 3 7 4 5 6 
837 1 4 7 5 6 
838 3 4 2 6 5 1 0 
839 6 3 7 2 1 0 
840 2 0 6 7 1 
841 2 7 3 
842 5 4 2 6 1 0 3 
843 5 7 4 1 0 6 
844 3 2 7 6 0 1 
845 5 6 3 4 2 
846 3 7 1 2 
847 7 2 3 0 1 
848 3 6 7 2 1 0 
849 6 7 2 
850 6 3 1 2 
851 5 7 3 6 1 
852 7 2 5 6 4 3 1 
853 5 7 1 4 2 3 0 
854 1 0 6 7 
855 7 3 6 2 1 0 
856 7 4 5 6 
857 3 2 5 6 4 0 1 
858 6 1 7 3 0 2 
859 7 1 4 5 2 3 0 
860 6 2 5 4 0 1 
861 5 7 6 
862 6 4 5 2 3 
863 1 2 5 6 4 0 
864 7 6 5 4 1 2 
865 5 6 7 2 
866 6 5 4 3 2 
867 1 2 
868 0 6 5 4 3 2 
869 5 4 6 7 
870 1 2 0 
871 5 3 2 
872 6 7 5 4 1 2 
873 2 6 7 
874 1 2 7 4 5 3 6 0 
875 1 2 3 
876 2 7 6 1 0 
877 1 5 4 6 2 
878 3 4 2 1 6 0 
879 1 2 3 7 6 0 
880 2 5 4 6 7 
881 5 4 2 1 6 3 0 
882 3 6 7 4 5 2 
883 0 6 7 2 
884 5 3 1 2 
885 5 7 4 6 
886 5 7 4 6 3 
887 1 6 7 4 5 2 
888 5 4 2 6 1 0 3 
889 1 7 3 6 
890 1 2 3 
891 5 7 6 
892 1 6 7 5 2 
893 1 0 6 7 
894 6 7 4 5 3 
895 7 6 3 2 
896 4 5 6 2 
897 4 6 7 3 5 1 0 2 
898 5 2 3 
899 1 2 7 6 3 0 
900 1 6 5 4 3 2 
901 1 5 7 0 
902 1 5 6 4 7 2 3 0 
903 6 7 3 0 1 
904 1 7 6 4 5 3 
905 0 7 6 4 5 3 
906 5 4 6 2 
907 5 3 2 
908 1 6 7 3 0 2 
909 7 4 5 6 
910 4 5 1 6 0 3 
911 1 7 4 6 5 3 
912 4 5 6 0 1 
913 4 5 6 7 
914 5 7 1 2 
915 5 3 2 1 
916 5 4 7 6 
917 5 6 3 2 
918 4 2 
919 7 1 2 0 
920 7 4 2 6 5 1 0 3 
921 6 2 3 7 0 1 
922 5 3 2 1 
923 6 5 3 2 
924 6 5 1 0 3 
925 5 7 6 1 0 
926 7 4 5 6 2 3 
927 1 6 7 3 2 
928 7 4 5 3 1 
929 6 7 3 2 
930 4 2 3 1 
931 1 5 4 6 2 
932 0 3 6 7 2 1 
933 0 6 7 5 4 3 2 
934 1 5 6 4 7 2 3 0 
935 5 6 7 3 0 1 
936 6 7 3 1 
937 2 3 1 
938 1 6 7 3 0 
939 1 7 6 4 5 3 
940 1 4 7 5 6 
941 1 7 4 6 5 3 
942 3 1 6 4 0 
943 1 2 5 6 4 0 
944 2 6 7 5 
946 1 7 6 0 
947 0 7 6 1 
948 2 5 4 6 
949 2 6 7 3 
950 1 7 3 6 
951 1 3 2 
952 1 5 4 6 7 
953 1 2 7 4 5 3 6 0 
954 1 5 4 2 7 
955 1 7 2 
956 6 1 4 3 0 
957 1 6 7 3 0 
958 7 4 5 1 6 
959 7 5 6 1 4 2 3 0 
960 1 7 4 6 5 3 
961 4 5 6 0 1 
962 5 4 2 1 6 3 0 
963 5 6 7 2 
964 1 2 3 
965 1 6 7 5 2 
966 1 3 2 
967 6 4 2 5 1 3 
968 1 5 4 6 7 
969 0 7 1 4 5 2 3 
970 5 6 7 2 
971 5 3 2 
972 1 6 5 2 7 
973 5 6 2 3 
974 1 7 6 4 5 3 
975 1 7 4 5 6 
976 4 3 1 2 
977 6 7 4 5 3 
978 6 5 3 2 
979 7 6 3 0 1 
980 7 2 3 
981 5 7 4 6 
982 1 5 4 6 2 
983 4 6 7 3 5 1 0 2 
984 4 5 2 7 1 
985 1 6 7 5 4 3 2 
986 6 2 3 7 0 1 
987 7 6 2 5 3 
988 4 5 3 1 7 
989 5 2 7 1 6 3 0 
990 6 2 5 3 
991 1 2 
992 5 6 7 3 0 1 
993 5 1 2 0 
994 6 5 4 2 
995 1 4 5 3 7 
996 0 5 1 6 3 
997 5 4 7 1 6 
998 1 3 2 
999 5 6 3 4 2 
1000 5 4 3 1 7 
1001 0 2 1 7 4 5 3 6 
1002 1 5 4 6 2 
1003 1 6 7 2 
1004 1 6 7 5 4 2 
1005 1 2 7 4 5 3 6 0 
1006 1 7 4 6 5 3 
1007 1 2 3 
1008 0 6 7 5 2 
1009 0 4 2 1 6 3 
1010 1 6 7 3 4 5 0 2 
1011 0 2 1 7 4 5 3 6 
1012 0 7 4 5 6 2 
1013 1 6 5 2 7 
1014 1 5 4 2 7 
1015 1 7 5 4 0 6 
1016 5 3 2 1 
1017 5 4 7 6 
1018 1 2 3 0 
1019 5 7 4 6 3 
1020 5 6 3 4 2 
1021 1 2 3 7 6 0 
1022 6 4 7 5 1 
1023 7 3 2 
