0 7 1 3 6 0 4 
1 5 4 1 2 3 
2 5 3 1 0 4 
3 2 3 1 
4 3 5 4 1 
5 1 2 3 4 0 
6 6 0 7 4 1 
7 1 2 4 0 
8 7 2 1 4 0 
9 2 1 5 0 4 3 
10 3 2 7 6 5 
11 3 1 0 4 
12 4 0 2 
13 2 3 1 0 7 6 
14 6 0 2 
15 7 1 2 3 4 0 
16 6 4 7 5 2 
17 4 2 3 5 0 1 
18 6 5 3 1 0 4 
19 6 4 7 
20 5 2 0 1 
21 7 6 4 2 
22 4 7 6 5 2 
23 0 6 5 1 
24 2 3 1 0 
25 5 2 7 4 6 1 
26 5 7 6 4 2 
27 4 6 1 7 
28 6 1 7 5 3 2 
29 7 2 3 6 
30 3 2 1 
31 6 7 2 4 3 
32 7 5 6 3 2 
33 5 4 3 7 6 
34 5 1 3 0 
35 2 0 
36 3 2 7 6 5 
37 1 3 0 
38 6 4 3 0 5 
39 1 6 0 7 4 
40 7 5 4 
41 2 0 5 1 
42 3 5 6 4 7 
43 3 7 5 6 
44 4 7 1 
45 2 1 
46 6 2 1 0 4 3 
47 7 5 4 
48 6 7 4 1 
49 4 7 6 2 
50 6 5 4 
51 6 2 4 1 
52 5 1 2 0 6 7 4 
53 7 2 3 6 5 
54 4 2 0 
55 0 1 2 6 7 4 
56 2 1 
57 5 6 3 0 7 1 
58 5 0 6 1 
59 4 1 2 
60 6 7 4 2 
61 7 2 4 6 
62 3 5 7 2 6 4 0 
63 6 7 5 
64 7 3 1 2 
65 5 3 2 1 0 
66 5 2 3 4 0 1 
67 2 3 1 
68 3 4 2 0 
69 1 3 5 4 
70 6 3 2 1 0 
71 1 5 4 
72 7 6 3 0 5 1 
73 2 3 1 
74 3 1 4 2 
75 3 2 4 5 0 1 
76 4 1 2 
77 2 7 6 4 
78 6 2 1 0 4 3 
79 7 5 3 1 0 4 
80 6 5 4 
81 4 2 3 
82 7 0 6 5 1 
83 6 2 5 4 3 
84 5 2 4 3 
85 7 3 1 2 
86 4 1 0 3 
87 0 2 7 4 6 1 
88 2 5 6 7 3 
89 5 6 4 7 
90 5 6 7 3 2 
91 4 0 2 
92 6 1 2 0 7 4 
93 7 2 3 1 
94 3 0 2 
95 6 4 1 5 2 3 
96 7 6 2 4 3 
97 5 1 2 
98 5 7 6 4 2 
99 2 6 4 1 7 
100 3 6 4 5 7 
101 1 6 3 0 7 5 
102 6 7 4 3 1 
103 1 2 0 4 3 
104 7 0 6 5 1 
105 2 3 1 
106 3 6 1 2 4 7 
107 3 2 1 0 
108 4 1 2 
109 2 1 5 0 4 
110 6 2 0 1 
111 7 1 3 0 
112 6 4 1 7 
113 4 6 3 1 2 7 
114 6 5 4 
115 6 2 7 4 1 
116 5 7 6 2 4 3 
117 7 0 5 1 
118 4 2 1 0 3 
119 0 5 7 2 6 3 4 
120 2 4 1 
121 5 1 2 4 6 7 
122 5 1 7 2 4 6 
123 4 5 
124 7 6 3 1 2 4 
125 7 4 6 
126 3 6 1 2 4 7 
127 6 4 5 7 
128 7 1 2 4 6 
129 5 7 6 
130 5 6 0 7 4 1 
131 2 7 6 4 3 
132 3 2 1 0 
133 1 7 5 3 6 2 
134 6 1 4 2 
135 1 0 4 3 
136 7 1 2 0 6 4 
137 2 6 4 7 5 
138 3 1 2 
139 3 6 1 2 4 7 
140 4 3 1 0 7 6 
141 2 5 6 7 4 
142 6 2 3 7 
143 7 5 6 4 
144 6 2 1 5 0 4 3 
145 4 5 6 7 
146 6 4 0 2 
147 6 4 3 0 5 
148 5 4 7 6 
149 7 5 4 
150 4 6 7 3 1 
151 0 1 2 4 6 7 
152 2 3 5 4 1 
153 5 4 2 0 
154 5 2 4 1 
155 4 6 7 5 2 
156 6 0 2 
157 7 2 1 0 4 3 
158 3 6 4 7 5 2 
159 6 5 7 3 2 
160 7 4 0 2 
161 5 6 3 0 7 1 
162 5 4 0 2 
163 2 4 6 7 
164 3 7 6 4 2 
165 1 2 0 4 3 
166 6 5 7 4 
167 1 0 4 3 
168 7 2 5 4 3 
169 2 7 1 3 6 0 4 
170 3 5 4 
171 3 1 4 7 
172 4 3 5 1 
173 2 0 
174 6 2 3 7 
175 7 0 5 1 
176 6 3 1 4 7 
177 4 1 7 2 6 
178 6 4 7 5 2 
179 6 1 0 2 3 
180 5 7 6 
181 7 4 0 2 
182 4 7 6 5 2 
183 0 5 6 7 3 2 
184 2 1 5 0 4 
185 5 6 3 0 7 1 
186 5 1 2 0 4 
187 4 6 7 
188 6 4 3 7 5 
189 7 6 0 4 1 
190 3 6 4 7 5 2 
191 6 2 5 4 3 
192 7 4 6 
193 5 6 0 7 4 1 
194 5 0 2 
195 2 1 4 
196 3 2 1 
197 1 2 3 4 0 
198 6 1 3 0 
199 1 5 4 
200 7 3 1 0 6 
201 2 1 0 6 7 4 
202 3 5 6 7 2 
203 3 2 1 0 4 
204 4 5 6 7 
205 2 1 3 4 0 
206 6 3 1 4 7 
207 7 2 3 6 5 
208 6 7 5 
209 4 6 3 0 7 5 1 
210 6 1 2 5 0 4 
211 7 6 4 5 2 
212 5 2 1 4 0 
213 7 3 4 5 2 
214 4 3 5 1 
215 0 5 7 2 6 3 4 
216 2 1 
217 5 6 0 7 4 1 
218 5 6 3 0 7 1 
219 4 2 0 1 
220 6 5 4 
221 7 5 6 3 2 
222 3 7 6 4 2 
223 7 5 6 4 
224 7 5 6 3 2 
225 5 1 2 0 4 
226 5 3 1 4 7 
227 2 1 3 0 
228 3 6 0 7 4 1 
229 1 2 4 
230 6 2 1 5 0 4 3 
231 1 7 2 4 6 
232 7 1 2 4 
233 2 4 6 7 
234 3 1 2 0 6 7 4 
235 3 4 2 0 
236 4 2 1 0 3 
237 2 1 7 5 3 6 
238 6 0 5 1 
239 7 2 4 6 1 
240 6 4 2 0 
241 4 6 7 5 2 
242 6 5 7 2 3 4 0 
243 6 1 0 2 3 
244 5 1 2 0 6 7 4 
245 7 1 3 0 
246 4 5 6 7 
247 0 1 2 3 4 
248 2 1 4 6 7 
249 4 2 1 0 
250 5 3 4 2 
251 4 5 7 2 6 3 0 
252 6 1 2 4 7 
253 7 3 1 0 6 
254 3 1 2 
255 6 2 1 0 4 3 
256 7 1 0 4 3 
257 5 3 4 1 
258 5 4 3 7 6 
259 2 5 6 7 4 
260 3 4 5 2 
261 1 2 4 3 
262 6 2 1 5 0 4 3 
263 1 5 3 0 4 
264 7 1 2 4 
265 2 3 6 7 
266 3 2 4 
267 3 1 2 4 7 
268 4 3 1 7 
269 2 4 3 
270 7 1 2 0 6 4 
271 7 1 3 0 
272 6 2 4 1 
273 4 2 1 5 0 3 
274 6 4 0 2 
275 6 2 4 1 
276 5 1 2 0 4 
277 7 3 1 4 
278 4 6 7 1 2 
279 0 1 2 3 
280 2 3 4 5 0 1 
281 5 1 2 4 7 
282 5 1 2 4 7 
283 4 5 
284 6 3 1 0 7 
285 7 5 6 4 
286 3 6 0 7 5 1 
287 6 3 1 0 7 
288 7 1 0 2 3 
289 5 6 4 7 
290 5 1 2 4 6 7 
291 2 6 7 4 3 1 
292 2 0 
293 1 0 2 3 
294 4 6 3 0 7 5 1 
295 1 3 0 7 6 
296 7 4 0 2 
297 2 0 5 1 
298 3 2 5 4 
299 3 2 1 5 0 4 
300 4 2 3 
301 2 5 6 4 7 
302 6 3 1 0 7 
303 7 4 1 
304 4 1 2 6 7 
305 4 1 2 5 0 
306 6 2 7 4 1 
307 6 7 1 3 0 4 
308 5 1 2 4 7 
309 4 1 7 5 3 6 2 
310 4 7 6 2 
311 0 3 1 2 
312 2 5 6 7 4 
313 5 6 4 7 
314 4 7 6 5 2 
315 4 5 6 7 
316 6 4 3 0 5 
317 7 5 3 1 0 4 
318 3 6 7 1 4 2 
319 6 0 5 1 
320 7 4 0 2 
321 5 3 1 4 7 
322 5 6 3 0 7 1 
323 2 4 6 7 
324 3 2 0 1 
325 1 3 5 4 
326 6 7 2 4 3 
327 1 3 4 5 2 
328 5 0 2 
329 2 7 5 6 
330 3 1 0 7 6 
331 3 6 7 4 1 
332 4 5 
333 3 5 1 0 4 
334 6 5 3 1 0 4 
335 7 5 3 1 0 4 
336 6 0 5 1 
337 4 0 6 5 1 
338 6 0 2 
339 4 2 3 5 0 1 
340 5 4 3 7 6 
341 7 5 6 4 
342 4 5 
343 0 4 2 
344 3 4 2 0 
345 5 4 
346 5 2 4 3 
347 4 2 3 6 7 
348 6 3 1 0 7 
349 5 7 6 4 2 
350 3 1 0 
351 6 4 7 5 2 
352 5 2 3 4 0 1 
353 4 7 6 5 2 
354 4 7 1 3 6 0 
355 2 4 1 5 3 
356 3 6 7 1 4 2 
357 1 4 7 6 
358 7 5 2 6 3 4 0 
359 1 4 5 2 3 
360 7 1 0 4 3 
361 2 7 4 6 1 
362 3 1 0 2 
363 3 5 6 7 2 
364 4 7 6 2 3 
365 2 6 4 7 
366 5 2 7 4 6 1 
367 4 7 6 2 3 
368 7 6 4 
369 4 3 0 5 6 
370 4 1 5 2 3 
371 6 3 4 5 2 
372 4 3 0 5 6 
373 7 6 1 4 2 
374 4 7 1 
375 0 7 4 1 
376 2 6 7 1 4 
377 5 6 7 3 2 
378 5 3 4 2 
379 4 2 0 1 
380 5 4 3 7 6 
381 7 4 2 0 
382 2 7 4 6 1 
383 5 2 4 3 
384 7 6 4 2 
385 5 2 1 0 4 3 
386 5 3 4 1 
387 2 4 6 7 
388 0 6 7 1 4 2 
389 1 6 4 5 7 
390 6 4 3 7 5 
391 1 5 7 2 6 3 4 0 
392 7 2 3 6 
393 2 4 3 7 6 5 
394 3 2 1 
395 3 7 1 6 0 4 
396 4 6 7 5 2 
397 2 3 1 0 
398 6 5 4 
399 7 6 4 3 1 
400 6 1 0 4 3 
401 4 1 2 6 7 
402 6 4 3 7 5 
403 6 1 7 2 4 
404 5 6 4 7 
405 7 4 6 
406 4 1 2 0 6 7 
407 0 3 5 4 1 
408 2 4 0 
409 5 2 7 4 6 1 
410 5 0 1 
411 4 5 
412 6 3 1 2 
413 7 2 3 6 
414 3 2 1 
415 6 3 1 0 7 
416 7 1 2 3 4 0 
417 5 6 7 1 4 2 
418 5 1 3 0 
419 2 1 0 3 
420 3 2 5 4 
421 1 4 6 7 
422 6 1 7 2 4 
423 1 7 6 2 4 3 
424 7 1 2 4 6 
425 2 4 7 6 
426 3 1 7 5 6 2 
427 3 2 4 5 0 1 
428 4 3 2 1 0 
429 2 3 4 5 0 1 
430 6 2 7 3 5 
431 7 4 0 2 
432 6 3 1 2 
433 4 2 5 3 
434 6 1 7 5 3 2 
435 6 4 1 7 
436 5 7 6 
437 7 6 4 1 
438 4 6 1 7 
439 0 2 
440 2 4 3 
441 5 1 0 4 3 
442 5 0 6 1 
443 4 1 7 2 6 
444 6 1 0 2 3 
445 7 1 2 4 
446 3 6 7 1 4 2 
447 6 4 1 7 
448 7 6 4 5 
449 5 6 7 4 3 1 
450 5 6 4 7 
451 2 1 7 4 6 
452 3 4 1 5 2 
453 1 7 5 3 6 2 
454 6 4 7 
455 1 2 3 4 5 0 
456 7 1 0 2 3 
457 3 2 1 
458 3 5 4 1 
459 3 1 2 
460 4 3 0 5 6 
461 2 7 5 6 
462 6 1 3 0 
463 7 4 1 5 2 3 
464 6 2 1 4 0 
465 4 5 6 7 
466 6 3 1 0 7 
467 6 2 7 3 5 
468 5 2 3 1 
469 7 4 1 
470 4 3 1 0 7 6 
471 0 4 3 5 6 
472 2 3 4 5 
473 5 4 1 2 3 
474 5 1 2 3 4 0 
475 4 5 6 7 
476 6 7 2 4 3 
477 7 4 1 5 2 3 
478 3 7 1 6 0 4 
479 6 3 1 4 7 
480 7 2 1 4 0 
481 5 3 2 1 
482 5 1 2 
483 2 3 4 5 
484 3 6 4 1 7 
485 1 4 5 2 3 
486 6 2 5 4 3 
487 1 3 4 7 
488 7 6 2 4 3 
489 2 4 7 6 
490 3 1 4 2 
491 3 1 0 4 
492 4 7 6 2 
493 2 0 1 
494 6 5 7 2 3 4 0 
495 7 4 6 
496 6 0 2 
497 4 5 
498 6 7 2 4 3 
499 6 2 5 4 3 
500 5 7 6 
501 7 6 4 3 1 
502 4 3 1 7 
503 0 5 7 2 6 3 4 
504 2 1 5 0 4 3 
505 5 1 7 2 4 6 
506 5 6 3 1 2 4 7 
507 4 3 1 2 
508 6 2 3 7 
509 7 6 5 4 2 
510 3 2 4 1 
511 6 2 3 1 
512 7 5 6 
513 5 3 1 4 7 
514 5 1 2 4 6 7 
515 3 5 4 
516 3 5 6 7 4 
517 1 2 3 4 5 0 
518 6 1 2 3 4 0 
519 1 0 2 
520 7 4 6 
521 2 3 4 5 0 1 
522 3 5 6 7 4 
523 3 4 7 6 5 
524 4 7 1 
525 2 0 
526 6 7 1 3 0 4 
527 7 4 1 
528 6 2 7 4 1 
529 4 7 6 2 3 
530 6 4 7 
531 6 1 7 2 4 
532 5 6 7 4 3 1 
533 7 2 1 4 0 
534 4 6 7 
535 0 5 7 2 6 3 4 
536 2 1 0 3 
537 5 0 1 
538 5 3 2 1 
539 4 6 7 1 2 
540 6 1 0 4 3 
541 7 4 6 
542 3 2 6 7 
543 6 5 4 
544 7 2 1 0 4 3 
545 5 2 1 0 4 3 
546 5 7 2 6 3 4 0 
547 2 3 4 5 0 1 
548 3 1 2 4 7 
549 1 3 5 4 
550 6 5 3 1 0 4 
551 1 5 6 4 7 
552 7 1 5 3 6 2 
553 2 1 4 0 
554 3 1 2 4 6 7 
555 3 1 2 5 0 4 
556 4 7 6 5 2 
557 2 1 4 0 
558 6 2 0 1 
559 7 2 4 3 
560 6 2 7 4 1 
561 4 1 2 
562 6 4 3 7 5 
563 6 5 7 3 2 
564 5 4 2 0 
565 7 3 1 4 
566 4 2 1 
567 0 2 4 6 7 
568 2 7 4 6 1 
569 5 6 3 0 7 1 
570 5 4 3 0 6 
571 4 2 3 1 
572 6 5 7 2 3 4 0 
573 7 5 4 
574 3 2 1 0 4 
575 6 7 4 2 
576 7 6 4 5 
577 5 2 4 6 7 
578 5 1 3 0 
579 2 3 1 4 7 
580 3 4 5 2 
581 1 3 5 4 
582 6 2 5 4 3 
583 1 7 3 6 0 4 
584 7 1 3 0 
585 2 1 4 6 7 
586 3 6 4 7 5 2 
587 3 0 6 5 1 
588 4 7 1 3 6 0 
589 2 7 5 6 
590 6 7 5 4 2 
591 7 6 4 1 
592 6 2 4 1 
593 4 2 7 6 1 
594 6 2 7 3 5 
595 6 7 1 4 2 
596 5 4 0 2 
597 7 3 1 4 
598 4 7 6 
599 0 7 6 5 4 2 
600 2 7 5 6 
601 5 4 
602 5 0 1 
603 4 6 7 1 2 
604 6 5 7 3 2 
605 7 3 2 1 0 
606 3 2 1 
607 6 2 7 3 5 
608 7 1 2 4 6 
609 5 1 2 
610 5 4 1 2 3 
611 2 3 1 0 
612 3 1 2 4 0 
613 1 6 7 4 2 
614 6 1 2 5 0 4 
615 1 2 4 7 
616 7 0 6 5 1 
617 2 3 1 
618 3 2 7 4 6 1 
619 3 1 4 2 
620 4 2 6 7 
621 2 3 5 4 1 
622 6 5 3 1 0 4 
623 7 2 3 6 
624 6 7 4 1 
625 4 1 7 2 6 
626 6 0 5 1 
627 6 2 3 7 
628 5 1 3 0 
629 7 3 1 2 
630 4 2 1 0 
631 0 1 4 2 
632 2 4 7 6 
633 5 3 1 0 4 
634 5 4 3 0 6 
635 4 6 1 7 
636 6 1 0 2 3 
637 7 3 5 4 1 
638 3 4 1 5 2 
639 6 2 7 3 5 
640 7 3 1 0 6 
641 5 6 3 0 7 1 
642 5 2 7 3 6 
643 2 7 5 6 
644 3 1 0 4 
645 1 7 4 
646 6 1 7 2 4 
647 1 2 0 6 7 4 
648 7 6 3 1 2 4 
649 2 3 4 5 
650 3 1 0 2 
651 3 2 0 1 
652 4 2 6 7 
653 2 1 4 
654 6 3 1 2 4 7 
655 7 3 4 5 2 
656 7 2 1 5 0 4 3 
657 4 6 0 7 1 
658 7 1 3 6 0 4 
659 7 6 4 2 
660 5 0 2 
661 7 2 1 5 0 4 3 
662 4 6 0 7 1 
663 0 2 3 4 5 1 
664 2 3 1 
665 5 2 7 3 6 
666 5 1 0 2 3 
667 4 3 5 2 
668 7 2 3 4 5 0 1 
669 7 2 4 3 
670 3 5 4 1 
671 7 2 3 1 
672 7 1 2 0 6 4 
673 5 6 4 7 2 
674 5 6 3 0 7 1 
675 2 4 1 5 3 
676 3 0 5 1 
677 1 2 5 0 4 
678 7 4 3 6 5 
679 1 2 4 6 7 
680 7 6 4 1 
681 2 3 1 0 
682 3 1 7 5 6 2 
683 3 1 2 
684 4 7 6 2 3 
685 2 4 1 
686 7 6 4 
687 7 1 2 3 4 0 
688 7 0 2 
689 4 6 3 0 7 5 1 
690 7 6 0 4 1 
691 7 2 4 3 
692 5 6 4 7 
693 7 1 2 
694 4 1 2 
695 0 2 4 3 
696 2 6 7 4 3 1 
697 5 1 2 0 6 7 4 
698 5 1 7 3 6 2 
699 4 3 2 1 0 
700 7 6 4 1 
701 7 5 4 
702 3 4 7 6 
703 7 6 4 
704 7 6 5 4 2 
705 5 0 1 
706 5 3 1 0 4 
707 2 4 3 0 5 6 
708 3 1 0 
709 1 2 4 7 
710 7 5 6 3 2 
711 1 2 5 4 3 
712 7 5 3 1 0 4 
713 2 6 7 1 4 
714 3 1 0 7 6 
715 3 1 2 
716 4 6 5 7 
717 2 5 6 4 7 
718 7 5 2 6 3 4 0 
719 4 6 1 7 
720 4 1 2 7 
721 4 1 0 2 3 
722 4 5 
723 4 1 7 5 3 6 2 
724 5 7 2 6 3 4 0 
725 4 6 7 5 2 
726 4 5 
727 0 2 1 4 3 
728 2 4 7 6 
729 5 4 3 0 6 
730 5 0 1 
731 4 2 1 
732 5 3 1 0 4 
733 5 4 2 0 
734 3 5 6 7 4 
735 5 0 6 1 
736 5 3 1 0 7 6 
737 5 6 7 4 
738 5 2 7 3 6 
739 2 4 7 6 
740 3 1 4 7 
741 1 5 4 
742 4 1 2 3 0 
743 1 6 4 7 
744 5 2 4 6 7 
745 2 7 6 4 3 
746 3 1 0 4 
747 3 2 1 5 0 4 
748 4 6 0 7 1 
749 2 5 6 7 4 
750 5 6 3 1 2 4 7 
751 4 1 2 7 
752 4 2 3 
753 4 5 
754 4 2 1 0 
755 4 5 3 1 0 
756 5 6 4 1 7 
757 4 3 2 1 0 
758 4 3 2 1 
759 0 5 7 2 6 3 4 
760 2 1 4 0 
761 4 1 0 2 3 
762 4 6 3 1 2 7 
763 4 7 1 
764 4 7 1 
765 5 1 2 3 4 0 
766 3 5 6 7 4 
767 5 2 0 1 
768 4 1 5 2 3 
769 4 1 2 6 7 
770 4 2 1 0 3 
771 2 3 6 7 
772 3 1 2 
773 1 2 4 3 
774 4 0 6 5 1 
775 1 6 4 7 
776 5 6 7 4 3 1 
777 2 4 7 6 
778 3 7 1 6 0 4 
779 3 2 0 1 
780 4 6 7 5 2 
781 2 4 0 
782 4 5 
783 4 7 1 
784 1 5 6 7 3 2 
785 0 2 3 1 
786 0 2 
787 0 4 3 7 6 5 
788 0 3 2 1 
789 2 3 1 
790 2 0 1 
791 0 2 4 1 
792 2 0 6 5 1 
793 3 7 6 4 2 
794 0 2 3 1 
795 2 4 7 6 
796 1 2 0 
797 3 6 7 4 1 
798 3 2 4 
799 2 4 6 7 
800 2 7 1 3 6 0 4 
801 1 2 4 0 
802 3 4 6 7 
803 2 6 4 7 
804 3 2 1 4 0 
805 1 7 5 3 6 2 
806 0 2 3 1 
807 1 2 5 0 4 
808 2 6 7 4 3 1 
809 2 7 3 6 5 
810 3 2 7 6 5 
811 3 7 4 1 
812 3 1 0 2 
813 2 4 6 7 
814 2 1 5 0 4 
815 1 4 3 7 6 5 
816 1 6 0 7 4 
817 0 4 3 7 6 5 
818 0 1 2 4 6 7 
819 0 1 2 4 6 7 
820 1 6 3 2 4 7 
821 3 2 1 0 4 
822 2 3 1 
823 0 2 4 1 
824 2 3 1 
825 3 1 7 2 4 6 
826 0 1 4 3 
827 2 4 3 0 5 6 
828 1 5 6 4 7 
829 3 5 6 7 2 
830 3 2 6 7 
831 2 1 3 0 
832 2 4 6 7 
833 3 2 1 5 0 4 
834 3 2 1 0 4 
835 2 6 4 7 
836 3 1 4 2 
837 1 0 6 5 
838 0 2 3 6 7 
839 1 2 3 
840 2 5 4 
841 2 6 3 1 4 7 
842 3 2 1 
843 3 6 7 1 4 2 
844 3 4 2 0 
845 2 1 4 7 
846 2 4 6 7 
847 1 3 2 
848 1 2 3 4 0 
849 0 6 5 1 
850 1 7 5 3 6 2 
851 0 7 4 1 
852 1 4 5 2 3 
853 2 4 0 
854 3 6 1 2 4 7 
855 0 2 1 5 4 3 
856 2 4 6 7 
857 3 7 6 5 4 2 
858 0 4 2 
859 3 7 1 6 0 4 
860 1 5 4 
861 3 1 4 2 
862 3 1 2 
863 2 1 4 7 
864 2 3 1 
865 2 1 4 
866 3 6 4 5 7 
867 2 4 1 5 3 
868 3 7 6 5 4 2 
869 1 5 4 
870 0 4 2 
871 1 5 6 7 4 
872 2 4 0 
873 2 6 4 5 7 
874 3 0 6 5 1 
875 3 1 7 5 6 2 
876 3 6 4 7 5 2 
877 2 1 4 
878 2 1 
879 1 3 4 5 2 
880 1 4 3 0 5 6 
881 0 5 6 7 3 2 
882 0 2 7 3 6 5 
883 0 7 6 4 2 
884 1 3 2 
885 0 6 7 1 4 2 
886 1 3 2 
887 0 5 4 
888 1 2 4 6 7 
889 0 6 7 4 3 1 
890 0 5 6 7 4 
891 1 2 4 6 7 
892 0 2 7 3 6 5 
893 0 5 1 
894 0 7 6 4 2 
895 0 4 7 6 
896 1 2 5 4 3 
897 1 2 5 0 4 
898 0 2 3 6 7 
899 0 4 7 6 
900 0 6 7 4 1 
901 1 7 6 5 4 2 
902 1 4 3 7 6 5 
903 1 6 7 4 2 
904 0 6 4 7 5 2 
905 0 4 3 5 6 
906 0 5 6 4 7 
907 1 2 4 6 7 
908 0 2 5 4 3 
909 0 2 3 4 5 1 
910 1 4 6 7 
911 1 6 7 4 3 
912 1 7 5 3 6 2 
913 0 6 3 1 2 4 7 
914 0 2 4 6 7 
915 0 2 1 
916 1 6 4 7 
917 0 7 5 6 
918 1 7 3 6 0 4 
919 0 2 1 5 4 3 
920 0 4 6 7 
921 0 2 1 
922 0 4 3 5 6 
923 1 5 3 0 4 
924 1 2 3 6 7 
925 0 5 1 
926 0 6 7 4 1 
927 0 6 7 4 1 
928 1 2 4 6 7 
929 1 4 6 7 
930 0 5 7 2 6 3 4 
931 0 6 4 5 7 
932 0 5 6 4 7 
933 0 3 1 4 7 
934 0 1 4 3 
935 1 2 4 
936 0 3 2 1 
937 0 4 7 6 
938 0 2 3 4 5 1 
939 1 6 3 0 7 5 
940 1 7 2 4 6 
941 0 2 1 4 3 
942 1 2 0 
943 1 2 3 
944 1 2 4 6 7 
945 0 1 4 3 
946 0 1 2 5 4 
947 1 0 5 
948 1 7 6 5 4 2 
949 0 2 4 1 
950 1 7 5 6 
951 0 1 3 
952 0 3 4 5 2 
953 0 7 1 3 6 4 
954 0 2 3 1 
955 1 4 2 
956 1 5 6 4 7 
957 0 1 4 2 
958 0 2 1 4 
959 0 1 2 3 4 
960 1 2 
961 0 5 6 4 7 
962 1 7 6 4 2 
963 1 6 7 4 3 
964 0 4 3 7 6 5 
965 1 2 4 3 
966 0 2 1 5 4 3 
967 0 1 2 4 7 
968 0 3 4 5 2 
969 0 1 2 4 6 7 
970 1 2 0 6 7 4 
971 0 7 6 2 4 3 
972 0 2 5 4 3 
973 1 3 2 0 
974 1 4 3 0 5 6 
975 0 6 4 7 
976 0 3 1 2 
977 0 4 2 
978 0 1 2 3 4 
979 0 7 5 6 
980 1 6 7 4 3 
981 1 6 3 2 4 7 
982 1 7 6 2 4 3 
983 1 4 7 6 
984 0 4 2 
985 1 2 0 6 7 4 
986 1 7 5 3 6 2 
987 1 2 4 
988 1 2 5 4 3 
989 1 3 2 
990 0 1 2 5 4 
991 0 7 4 1 
992 1 3 5 4 
993 1 2 0 6 7 4 
994 0 1 2 4 7 
995 0 6 3 7 5 1 
996 0 4 2 
997 1 6 4 7 
998 0 1 2 6 7 4 
999 1 6 4 7 
1000 0 6 4 5 7 
1001 0 3 1 2 
1002 0 2 1 
1003 1 2 5 4 3 
1004 0 1 2 5 4 
1005 0 6 7 4 1 
1006 1 6 4 7 
1007 1 0 5 
1008 1 6 4 5 7 
1009 0 3 2 1 
1010 0 4 2 
1011 0 3 1 2 
1012 1 2 3 4 0 
1013 0 7 1 3 6 4 
1014 1 2 3 
1015 0 6 3 1 2 4 7 
1016 0 2 7 4 6 1 
1017 0 2 1 4 
1018 0 2 7 4 6 1 
1019 1 7 6 4 2 
1020 1 6 4 5 7 
1021 0 5 6 4 7 
1022 0 1 4 3 
1023 0 3 4 5 2 
