0 4 6 7 1 3 
1 0 2 7 6 4 3 
2 3 4 1 0 
3 1 6 4 2 
4 1 3 2 4 
5 0 7 2 6 4 3 
6 5 7 6 4 
7 2 6 7 1 0 4 
8 5 1 2 4 3 0 
9 2 7 6 5 0 4 
10 6 5 2 3 4 
11 4 6 7 5 
12 5 6 7 0 1 4 
13 2 5 4 
14 1 4 0 
15 2 6 7 1 4 
16 4 6 
17 5 4 1 3 0 
18 2 6 7 1 3 5 
19 4 1 0 7 3 
20 3 4 1 0 
21 5 2 4 3 
22 1 7 2 6 4 3 
23 6 7 1 3 4 
24 2 3 1 4 
25 3 1 5 0 4 
26 1 2 5 0 3 4 
27 6 2 7 4 3 
28 3 6 7 4 
29 4 6 7 0 1 
30 3 5 1 0 4 
31 5 6 4 2 
32 3 5 4 
33 7 6 3 4 
34 6 5 1 0 4 
35 6 5 7 4 
36 6 4 
37 0 1 7 3 2 
38 5 2 0 1 3 4 
39 4 6 7 
40 3 6 7 1 5 0 
41 0 7 1 6 3 2 
42 3 6 7 4 
43 5 7 6 0 4 
44 1 4 0 
45 0 2 4 3 1 
46 2 6 4 
47 5 4 0 1 
48 4 2 3 
49 6 7 5 4 
50 3 7 6 5 4 
51 4 7 2 6 3 
52 2 6 7 4 
53 6 7 3 4 
54 5 2 4 3 
55 6 1 0 2 4 
56 7 6 5 4 
57 7 0 2 4 3 1 
58 3 7 1 0 6 2 
59 6 7 4 
60 1 7 2 6 4 3 
61 2 6 7 5 4 
62 4 7 1 0 6 3 2 
63 1 6 7 0 4 
64 4 6 7 5 
65 0 2 4 3 1 
66 3 6 7 1 5 0 
67 1 7 6 0 2 4 
68 1 6 7 5 4 
69 0 6 1 7 4 
70 7 4 1 0 
71 2 4 0 1 
72 5 2 0 1 3 4 
73 2 6 4 
74 6 7 1 4 3 
75 4 1 2 0 
76 5 7 6 0 4 
77 2 5 4 3 
78 1 2 4 3 
79 2 1 4 3 0 
80 4 5 
81 5 4 1 3 0 
82 2 6 1 7 0 4 
83 4 2 6 7 3 
84 3 6 2 7 1 5 
85 6 5 1 0 2 4 
86 1 7 6 5 4 
87 6 1 0 2 4 
88 2 1 6 7 0 4 
89 3 2 7 1 6 4 
90 1 2 4 3 0 
91 6 4 
92 3 5 4 
93 4 6 7 3 5 
94 3 2 5 4 
95 5 6 2 7 1 3 
96 3 1 2 4 0 
97 7 2 6 4 3 
98 6 7 4 
99 6 4 
100 6 2 4 3 
101 0 4 1 3 
102 5 6 7 4 
103 4 6 7 5 
104 3 7 6 4 
105 0 5 4 
106 3 6 7 1 4 
107 5 6 2 7 1 3 
108 1 6 7 0 4 
109 0 7 1 3 
110 2 5 1 0 4 
111 5 6 7 3 4 
112 4 7 6 5 0 
113 6 2 1 5 0 3 4 
114 3 0 1 2 7 
115 4 7 6 3 
116 2 1 4 3 0 
117 6 2 0 1 3 4 
118 5 6 7 4 
119 6 1 0 7 3 
120 7 1 2 4 3 0 
121 7 6 1 4 
122 3 4 1 0 
123 6 1 0 2 4 
124 1 7 6 5 4 
125 2 5 1 0 4 
126 4 0 1 
127 1 5 4 
128 4 7 0 6 
129 0 5 4 
130 3 1 0 7 2 
131 1 0 5 4 
132 1 6 7 3 5 
133 0 6 7 5 4 
134 7 6 4 
135 2 6 1 7 0 4 
136 5 6 4 2 
137 2 4 0 1 
138 6 5 2 3 4 
139 4 5 1 
140 5 2 4 3 
141 2 6 7 3 5 
142 1 2 5 0 3 4 
143 2 5 4 1 
144 4 0 1 2 7 3 
145 5 2 7 1 6 4 3 
146 2 6 7 4 3 
147 4 3 5 2 
148 3 2 0 1 4 
149 5 1 2 7 0 6 4 3 
150 1 6 7 0 4 
151 6 5 1 0 4 
152 2 6 7 3 4 
153 3 1 0 7 2 
154 1 5 4 
155 6 1 5 0 4 3 
156 3 1 2 7 0 6 4 
157 4 1 3 0 
158 3 1 0 7 
159 5 4 1 0 
160 3 7 2 6 4 
161 7 0 2 4 3 1 
162 6 1 0 7 3 
163 6 2 7 4 3 
164 6 7 1 3 4 
165 3 1 5 0 4 
166 5 6 2 7 1 3 
167 4 5 6 7 
168 3 4 1 0 
169 0 4 1 
170 3 7 1 
171 5 6 2 7 1 3 
172 1 6 7 0 4 
173 0 6 7 4 
174 2 6 7 0 1 4 
175 5 6 1 7 0 4 
176 4 0 5 1 
177 6 7 4 
178 3 5 2 4 
179 4 6 7 
180 2 6 7 0 1 4 
181 6 7 1 3 
182 5 7 2 6 4 3 
183 6 2 7 4 3 
184 7 6 5 1 0 2 4 
185 7 6 5 0 4 
186 3 1 0 7 
187 6 7 5 4 
188 0 6 7 3 4 
189 2 7 1 0 6 3 
190 4 6 1 7 0 
191 1 6 7 5 0 
192 4 1 5 0 3 
193 0 2 6 7 4 3 
194 3 0 5 4 1 
195 1 6 7 4 
196 1 6 4 
197 0 2 1 3 4 
198 7 1 2 4 3 0 
199 2 5 3 4 
200 5 0 4 1 
201 2 5 3 4 
202 6 7 1 3 
203 4 2 7 1 6 3 
204 5 6 7 4 
205 2 1 7 0 6 4 3 
206 1 3 2 4 
207 2 4 0 1 
208 7 1 0 3 2 
209 5 6 0 1 7 4 2 
210 2 6 4 
211 4 1 2 0 
212 3 7 6 4 
213 5 6 0 1 7 4 2 
214 1 2 5 0 3 
215 6 5 4 
216 2 1 5 0 3 4 
217 3 1 0 7 
218 1 2 6 7 4 3 
219 6 1 4 2 0 
220 3 5 1 0 4 
221 4 6 2 7 1 3 5 
222 3 0 2 4 1 
223 5 1 4 2 0 
224 3 1 5 0 4 
225 7 1 6 0 4 
226 6 1 0 7 3 
227 6 7 1 0 3 2 
228 6 5 4 
229 3 7 1 
230 5 1 4 2 0 
231 4 6 5 1 0 2 
232 3 7 6 1 4 
233 0 1 2 4 3 
234 3 7 6 5 0 4 
235 4 1 2 3 0 
236 1 5 0 4 3 
237 0 7 1 6 3 2 
238 2 1 7 0 6 4 3 
239 5 6 7 4 
240 4 6 7 
241 6 7 4 
242 3 6 2 4 
243 4 7 6 5 
244 2 0 5 4 1 
245 6 7 0 1 4 
246 5 6 7 4 
247 7 1 2 4 3 0 
248 7 1 0 6 3 2 
249 7 1 2 4 3 0 
250 3 1 5 0 4 
251 6 1 2 4 3 0 
252 1 2 5 4 3 
253 2 7 6 1 3 4 
254 4 6 7 1 0 
255 0 6 1 7 4 2 
256 4 6 7 5 
257 0 6 7 5 4 
258 3 7 1 0 6 2 
259 1 7 6 3 4 
260 1 2 7 6 4 3 
261 0 6 1 2 4 
262 7 2 0 1 3 4 
263 0 1 2 5 3 
264 5 7 1 0 6 3 2 
265 2 6 7 1 4 
266 6 7 5 4 
267 4 6 7 1 0 
268 5 7 6 4 
269 2 7 6 4 
270 1 2 5 0 3 
271 2 7 1 3 
272 4 0 5 1 
273 5 1 2 4 3 0 
274 0 1 7 3 2 
275 4 2 5 3 
276 0 1 7 3 2 
277 5 6 7 1 4 
278 1 2 4 3 
279 6 7 0 1 2 4 
280 1 2 7 6 4 3 
281 3 6 7 0 1 4 
282 1 7 6 3 4 
283 6 2 1 5 0 3 4 
284 2 1 7 0 6 4 3 
285 4 1 3 0 
286 3 6 7 1 0 4 
287 5 4 1 0 
288 3 2 6 7 4 
289 7 6 5 1 0 2 4 
290 6 7 2 4 3 
291 6 7 0 1 2 4 
292 6 5 4 
293 3 6 7 5 4 
294 4 0 5 1 
295 4 6 7 
296 1 3 5 2 4 
297 0 7 6 4 
298 3 2 5 4 
299 5 1 2 0 3 
300 6 7 4 3 
301 0 6 7 1 4 3 
302 2 6 7 1 4 
303 5 7 6 4 3 
304 5 3 2 1 4 
305 6 7 3 5 
306 3 7 0 6 4 
307 4 1 2 3 0 
308 2 6 7 4 
309 7 6 3 4 
310 5 6 1 0 2 4 
311 6 7 0 1 4 
312 7 6 5 4 
313 7 4 1 0 
314 3 5 2 4 
315 6 7 5 4 
316 1 0 7 3 
317 2 6 1 0 4 
318 4 6 7 3 
319 1 7 3 
320 4 0 2 3 1 
321 0 7 6 1 3 4 
322 3 1 2 4 0 
323 1 6 7 4 
324 1 5 2 3 4 
325 0 7 6 4 3 
326 5 1 2 0 3 
327 2 1 4 3 0 
328 5 7 0 6 4 
329 2 1 0 7 3 
330 6 7 2 4 3 
331 4 1 2 0 
332 5 6 4 2 
333 3 4 0 1 
334 0 6 4 2 
335 2 6 7 1 4 3 
336 4 5 
337 5 3 2 1 4 
338 2 5 4 1 
339 4 2 5 3 
340 3 6 7 5 4 
341 5 1 2 4 3 0 
342 1 6 5 0 2 4 
343 6 7 1 3 4 
344 2 0 4 3 1 
345 2 6 7 4 
346 1 2 7 0 6 4 3 
347 6 7 5 0 4 
348 3 1 0 7 2 
349 5 2 1 0 3 4 
350 2 7 6 0 1 4 
351 5 1 2 7 0 6 4 3 
352 2 6 7 1 0 4 
353 7 6 1 0 4 
354 6 1 7 0 4 
355 6 1 7 0 4 
356 6 5 4 
357 3 5 2 4 
358 5 6 7 4 
359 7 2 1 5 0 3 4 
360 3 5 4 
361 0 5 4 
362 3 5 2 4 
363 5 1 4 2 0 
364 0 6 4 
365 0 6 7 3 5 
366 2 7 6 4 3 
367 5 6 7 1 0 
368 4 6 7 5 
369 6 5 2 3 4 
370 3 6 7 2 4 
371 4 6 7 5 
372 2 6 3 4 
373 6 7 5 4 
374 5 6 7 1 4 3 
375 6 7 0 1 4 
376 7 6 1 4 
377 7 0 6 4 
378 3 6 7 5 4 
379 5 0 1 2 7 3 
380 1 5 4 
381 1 6 7 0 4 
382 4 1 2 3 0 
383 1 6 2 3 4 
384 4 5 6 7 
385 0 5 4 
386 2 5 1 0 4 
387 1 6 7 4 
388 1 4 3 0 
389 0 7 6 4 
390 5 1 2 0 3 
391 2 6 7 0 1 4 
392 5 3 2 1 4 
393 2 6 1 0 4 
394 6 1 0 7 3 
395 4 7 6 0 1 2 
396 5 6 4 
397 3 1 2 7 0 6 4 
398 1 7 2 6 4 3 
399 2 6 4 
400 4 6 0 1 7 2 
401 4 0 2 3 1 
402 2 1 5 0 4 3 
403 7 2 1 5 0 3 4 
404 3 2 6 7 4 
405 5 1 4 2 0 
406 1 6 7 3 5 
407 6 7 2 4 3 
408 1 7 6 5 0 4 
409 3 1 6 7 0 4 
410 1 6 0 7 4 2 
411 6 5 2 3 4 
412 3 6 7 5 
413 4 6 7 3 5 
414 3 7 6 5 4 
415 5 0 2 4 3 1 
416 3 1 6 7 0 4 
417 7 6 1 3 4 
418 6 7 2 3 4 
419 6 2 4 3 
420 6 7 5 4 
421 3 6 1 7 0 4 
422 5 6 7 1 0 
423 4 1 2 3 0 
424 3 6 7 5 
425 0 7 1 6 3 2 
426 3 4 0 1 
427 5 2 6 7 4 3 
428 1 6 7 4 
429 0 6 1 2 4 
430 2 6 5 1 0 4 
431 5 3 2 1 4 
432 4 6 7 1 0 
433 6 1 2 4 3 0 
434 2 6 1 7 0 4 
435 4 6 7 1 3 
436 2 6 7 0 1 4 
437 7 5 4 
438 5 7 6 4 
439 6 2 7 1 4 3 
440 7 6 0 1 4 2 
441 7 6 4 
442 3 2 0 1 4 
443 5 6 7 1 4 3 
444 5 2 3 4 
445 2 1 5 0 3 4 
446 4 5 2 3 
447 1 6 0 7 4 2 
448 4 6 7 1 3 
449 0 5 1 4 
450 3 2 6 7 4 
451 1 2 5 0 3 4 
452 1 6 7 3 4 
453 0 6 2 3 4 
454 5 6 7 1 4 
455 2 5 4 3 
456 5 6 2 7 1 3 
457 2 4 3 
458 6 7 3 5 
459 5 7 2 6 4 3 
460 5 1 0 4 
461 2 5 3 4 
462 1 2 6 7 4 3 
463 2 5 6 7 4 
464 4 1 2 5 0 3 
465 5 4 
466 2 6 4 
467 4 0 5 1 
468 3 2 1 5 0 4 
469 5 4 0 1 
470 1 3 5 2 4 
471 6 4 0 1 
472 2 5 3 4 
473 3 7 6 1 4 
474 1 5 4 
475 6 2 1 5 0 3 4 
476 3 2 7 1 6 4 
477 4 2 7 1 6 3 
478 3 2 7 1 6 4 
479 5 6 7 1 0 
480 3 5 6 7 4 
481 7 2 6 4 3 
482 6 4 
483 6 3 5 2 4 
484 6 4 1 3 0 
485 3 2 7 6 4 
486 5 2 0 1 3 4 
487 4 6 
488 2 6 4 
489 0 7 6 4 
490 3 5 2 4 
491 5 4 
492 1 3 2 4 
493 0 1 4 2 
494 2 5 4 
495 4 2 3 
496 4 6 7 3 
497 6 2 7 1 4 3 
498 3 2 5 4 
499 4 6 7 3 5 
500 2 5 4 1 
501 6 2 3 4 
502 5 2 0 1 3 4 
503 6 7 1 3 4 
504 7 6 2 1 3 5 
505 7 4 1 0 
506 3 5 2 4 
507 4 6 2 3 
508 1 6 7 0 4 
509 2 5 4 
510 4 6 2 3 
511 1 5 4 
512 4 6 1 0 2 
513 0 1 2 4 3 
514 3 7 2 6 4 
515 1 5 6 7 4 
516 1 6 2 3 4 
517 0 4 1 
518 5 4 1 
519 2 0 1 3 4 
520 5 7 6 0 4 
521 2 6 0 1 7 4 
522 6 2 3 4 
523 5 1 4 2 0 
524 5 1 2 4 3 0 
525 2 5 4 3 
526 1 4 2 0 
527 2 5 3 4 
528 4 6 7 2 3 
529 5 6 7 2 3 4 
530 2 7 6 4 3 
531 4 1 2 5 0 3 
532 3 6 7 0 1 4 
533 5 6 7 4 
534 1 6 0 7 4 2 
535 6 2 4 3 
536 2 6 5 1 0 4 
537 3 6 2 4 
538 1 4 0 
539 6 0 1 2 7 3 
540 3 4 1 0 
541 4 7 6 5 0 
542 3 2 4 
543 5 1 0 7 3 2 
544 3 7 6 4 
545 7 3 2 1 4 
546 6 2 3 4 
547 6 0 1 7 4 2 
548 6 1 0 7 3 
549 3 1 2 4 0 
550 5 4 1 
551 4 6 7 2 3 
552 3 5 2 4 
553 0 6 1 7 4 2 
554 3 1 5 0 4 
555 5 6 1 0 2 4 
556 1 3 5 2 4 
557 0 6 7 3 4 
558 2 5 3 4 
559 5 7 2 6 4 3 
560 4 7 6 1 3 
561 6 7 4 3 
562 0 6 7 1 4 
563 4 1 2 3 0 
564 2 7 6 4 3 
565 6 7 5 4 
566 4 6 7 0 1 
567 6 7 4 
568 7 0 2 4 3 1 
569 7 6 4 
570 3 0 1 2 7 
571 5 7 2 6 4 3 
572 1 2 6 7 4 3 
573 2 7 6 4 3 
574 4 1 0 
575 1 5 6 7 4 
576 4 3 5 2 
577 0 6 4 2 
578 3 6 7 0 1 4 
579 1 7 6 5 0 4 
580 1 6 7 2 3 4 
581 0 6 7 3 5 
582 5 6 7 1 0 
583 2 5 3 4 
584 5 7 2 6 4 3 
585 2 7 6 4 
586 6 2 1 5 0 3 4 
587 4 2 7 6 3 
588 6 2 7 4 3 
589 2 7 6 5 4 
590 1 0 2 7 3 
591 2 7 6 4 3 
592 4 2 3 
593 5 7 2 6 4 3 
594 2 4 3 
595 4 6 7 2 3 
596 3 6 7 4 
597 4 7 0 6 
598 1 3 2 4 
599 6 7 5 4 
600 2 3 1 4 
601 3 6 7 5 4 
602 1 7 6 4 3 
603 6 5 4 
604 3 7 6 4 
605 4 6 7 1 5 0 
606 3 1 5 0 4 
607 5 0 2 4 3 1 
608 3 7 1 
609 7 6 2 1 3 5 
610 6 7 1 0 4 
611 6 5 1 0 4 
612 6 7 5 4 
613 2 4 1 0 
614 5 2 0 1 3 4 
615 4 7 6 
616 3 6 7 1 5 0 
617 0 2 4 3 
618 3 1 2 4 0 
619 5 6 7 1 4 
620 1 2 4 3 0 
621 0 6 4 2 
622 0 7 6 4 
623 5 1 0 7 3 2 
624 4 2 5 3 
625 6 7 0 1 4 
626 3 5 4 
627 4 2 6 7 3 
628 2 6 3 4 
629 6 5 1 0 4 
630 4 5 2 3 
631 6 7 1 3 4 
632 7 6 3 4 
633 7 6 2 1 3 5 
634 3 0 1 2 7 
635 4 2 3 
636 1 5 0 4 3 
637 2 6 7 5 4 
638 4 6 1 0 2 
639 1 6 7 5 0 
640 4 6 1 0 2 
641 0 6 7 1 4 
642 3 0 5 4 1 
643 1 2 4 3 0 
644 1 5 6 7 4 
645 0 2 7 1 6 4 3 
646 5 6 1 0 2 4 
647 2 1 5 0 3 
648 5 4 1 
649 2 6 7 1 5 0 
650 6 7 4 
651 4 0 2 3 1 
652 5 6 7 3 4 
653 2 7 6 4 3 
654 1 0 7 3 
655 2 6 4 
656 5 6 7 4 
657 5 7 1 3 
658 2 7 6 4 3 
659 4 6 7 2 3 
660 2 6 7 4 3 
661 7 6 4 
662 1 7 6 0 2 4 
663 6 5 4 1 
664 2 5 4 3 
665 3 4 1 0 
666 1 5 4 
667 6 1 2 7 0 4 3 
668 3 6 7 5 
669 4 3 5 2 
670 3 7 6 5 0 4 
671 5 1 6 7 0 4 
672 3 6 7 1 0 4 
673 7 6 4 
674 6 7 4 3 
675 6 2 0 1 3 4 
676 6 4 
677 3 1 2 5 0 
678 7 6 0 1 4 2 
679 7 3 2 1 4 
680 5 7 6 4 
681 1 0 5 4 
682 3 1 2 5 0 
683 5 1 2 0 3 
684 1 6 7 4 3 
685 0 4 1 
686 2 4 3 
687 5 7 6 4 
688 6 5 2 3 4 
689 6 1 7 0 4 
690 3 6 7 1 4 
691 7 5 4 1 
692 2 6 7 0 1 4 
693 6 4 2 
694 6 5 2 3 4 
695 3 6 7 2 4 
696 7 6 1 0 4 
697 7 1 6 0 4 
698 3 5 4 1 
699 6 5 2 3 4 
700 1 5 0 4 3 
701 2 7 6 4 3 
702 4 7 6 5 
703 0 7 6 5 4 
704 6 7 3 5 
705 0 7 2 6 4 3 
706 1 6 7 4 3 
707 1 2 4 3 0 
708 1 0 2 4 3 
709 0 6 4 2 
710 7 4 1 0 
711 0 6 5 1 2 4 
712 7 2 1 6 4 3 
713 0 6 7 2 3 4 
714 6 4 2 
715 7 5 6 4 
716 6 7 5 4 
717 0 6 7 1 4 
718 1 7 6 4 3 
719 0 2 7 6 4 3 
720 7 1 0 6 3 2 
721 7 6 0 1 4 
722 0 7 6 5 4 
723 7 0 1 2 3 
724 0 6 7 1 5 
725 6 7 3 5 
726 1 6 2 7 3 5 
727 6 7 5 0 4 
728 0 3 5 2 4 
729 1 7 6 5 0 4 
730 1 7 2 6 4 3 
731 6 2 7 1 4 3 
732 1 5 4 
733 4 1 2 7 0 6 3 
734 1 6 7 5 4 
735 5 6 7 4 
736 0 2 7 6 4 3 
737 7 1 0 3 
738 6 1 7 0 4 
739 6 7 0 1 4 
740 6 2 3 4 
741 0 1 2 5 3 
742 7 0 5 4 1 
743 4 5 6 7 
744 1 5 0 4 
745 0 6 7 1 4 
746 1 7 6 3 4 
747 5 1 0 4 3 
748 1 7 3 
749 0 2 7 1 6 4 3 
750 0 6 5 1 2 4 
751 5 7 6 4 
752 4 7 6 
753 6 4 1 3 0 
754 0 7 6 1 2 4 
755 4 5 1 0 
756 0 6 7 2 3 4 
757 7 0 5 4 1 
758 5 7 2 6 4 3 
759 7 6 5 1 0 2 4 
760 7 6 4 2 
761 7 6 4 
762 3 6 7 5 4 
763 6 7 4 
764 1 6 7 0 4 
765 1 7 6 0 2 4 
766 4 5 6 7 
767 1 0 2 7 3 
768 4 6 7 1 
769 0 7 6 4 
770 1 6 0 7 4 2 
771 1 6 5 0 2 4 
772 1 6 7 0 4 
773 0 7 1 3 
774 7 1 0 3 2 
775 0 6 1 2 4 
776 4 6 1 0 2 
777 0 6 7 1 4 3 
778 7 6 4 
779 4 5 2 3 
780 5 6 7 1 4 
781 0 6 1 2 4 
782 1 7 6 0 2 4 
783 0 6 7 1 4 
784 4 6 7 
785 5 3 2 4 
786 0 6 7 1 4 
787 4 3 5 2 
788 0 1 2 7 6 4 3 
789 5 4 
790 1 6 7 5 4 
791 7 5 4 1 
792 1 7 6 4 
793 1 5 0 4 
794 1 0 7 3 
795 6 5 7 4 
796 1 6 2 7 3 5 
797 4 5 2 3 
798 1 6 2 3 4 
799 5 6 7 4 
800 0 1 7 3 2 
801 7 6 0 1 2 4 
802 7 6 4 
803 7 0 2 4 3 1 
804 7 6 1 0 4 
805 0 6 7 1 4 
806 5 2 3 4 
807 4 6 5 1 0 2 
808 0 1 2 4 3 
809 0 3 2 1 4 
810 1 0 2 7 3 
811 5 2 6 7 4 3 
812 1 7 6 4 3 
813 0 2 5 4 3 
814 0 4 1 3 
815 5 6 7 0 1 4 
816 4 0 1 2 7 3 
817 6 7 4 
818 0 1 2 4 3 
819 4 1 2 7 0 6 3 
820 0 6 7 1 4 3 
821 7 6 3 4 
822 5 2 3 4 
823 7 1 2 5 0 3 
824 7 1 2 0 6 4 3 
825 7 6 0 1 4 
826 3 1 0 7 2 
827 6 0 5 4 1 
828 1 6 7 0 4 
829 1 2 6 7 4 3 
830 4 1 5 0 3 
831 1 0 2 4 3 
832 4 1 2 0 
833 0 6 7 2 3 4 
834 1 6 7 4 
835 1 7 6 0 2 4 
836 1 6 7 3 4 
837 0 5 4 1 
838 7 6 5 4 
839 0 2 7 1 6 4 3 
840 5 6 4 2 
841 0 6 7 4 
842 7 6 5 4 
843 4 0 1 2 7 3 
844 5 7 6 4 
845 0 6 7 2 3 4 
846 1 0 2 7 3 
847 0 6 1 2 4 
848 4 7 6 
849 5 4 
850 0 2 7 1 6 4 3 
851 4 1 2 7 0 6 3 
852 3 7 6 5 4 
853 5 6 7 1 0 
854 1 7 2 6 4 3 
855 7 0 6 4 
856 2 5 4 1 
857 3 6 7 1 4 
858 1 5 4 
859 6 2 5 4 3 
860 3 2 1 5 0 4 
861 4 2 1 5 0 3 
862 3 7 6 4 
863 5 4 1 3 0 
864 4 7 0 6 
865 7 1 4 2 0 
866 7 5 2 3 4 
867 7 0 6 4 
868 7 6 5 0 4 
869 7 0 1 2 3 
870 5 4 0 1 
871 4 6 1 7 0 
872 5 6 7 2 3 4 
873 0 6 7 1 4 
874 3 7 1 
875 0 7 1 3 
876 6 7 1 4 3 
877 0 5 2 3 4 
878 2 3 5 4 
879 0 1 6 7 4 
880 0 4 1 
881 0 2 7 1 6 4 3 
882 7 6 4 
883 2 1 6 7 0 4 
884 7 6 0 1 2 4 
885 0 1 2 7 6 4 3 
886 0 6 1 2 4 
887 2 6 7 1 3 5 
888 7 6 0 1 4 
889 7 6 0 1 4 
890 7 1 4 2 0 
891 2 6 4 
892 5 4 0 1 
893 4 2 0 1 3 
894 1 5 6 7 4 
895 4 6 7 5 
896 0 1 5 4 3 
897 0 2 1 3 4 
898 1 7 6 4 3 
899 0 2 7 6 4 3 
900 1 3 2 4 
901 5 6 7 1 0 4 
902 7 4 1 0 
903 4 0 1 
904 2 3 5 4 
905 2 6 7 4 
906 7 6 0 1 4 2 
907 7 1 2 4 3 0 
908 7 6 0 1 2 4 
909 2 7 6 4 3 
910 2 7 6 0 1 4 
911 2 4 3 
912 7 1 2 0 6 4 3 
913 7 2 6 4 3 
914 7 6 0 1 2 4 
915 2 7 6 4 3 
916 3 7 1 0 6 2 
917 7 6 1 5 0 
918 7 5 2 3 4 
919 0 1 7 3 
920 2 6 7 1 5 0 
921 3 6 7 2 4 
922 1 2 0 3 4 
923 1 6 7 5 4 
924 7 5 2 3 4 
925 2 1 4 0 
926 5 0 2 4 3 1 
927 4 2 7 6 3 
928 4 2 7 6 3 
929 7 6 4 
930 7 6 1 0 4 
931 7 1 0 6 3 2 
932 7 2 0 1 3 4 
933 7 1 3 
934 7 3 2 1 4 
935 7 1 0 3 2 
936 5 7 6 4 3 
937 3 5 6 7 4 
938 3 7 0 6 4 
939 0 1 5 4 3 
940 6 5 1 0 2 4 
941 0 7 1 6 3 2 
942 2 0 1 7 3 
943 0 1 2 4 3 
944 0 6 7 1 5 
945 0 7 6 4 
946 7 1 4 2 0 
947 7 6 5 4 
948 7 0 1 2 3 
949 0 7 6 4 
950 0 1 6 7 4 
951 3 6 7 0 1 4 
952 7 2 6 4 3 
953 7 2 6 4 3 
954 7 6 3 5 
955 2 6 1 0 4 
956 6 0 1 7 4 2 
957 2 7 6 4 
958 4 5 1 0 
959 4 7 6 0 1 2 
960 6 7 1 0 4 
961 0 5 4 
962 3 7 0 6 4 
963 0 4 1 
964 0 1 7 3 2 
965 0 7 6 4 
966 7 3 5 2 4 
967 7 6 0 1 4 2 
968 7 1 3 
969 2 6 7 4 
970 7 1 0 3 
971 7 6 1 0 4 
972 7 2 6 4 3 
973 2 6 7 1 4 3 
974 2 7 1 0 6 3 
975 2 1 5 0 3 
976 7 2 4 3 
977 7 5 4 
978 7 3 5 2 4 
979 2 6 7 0 1 4 
980 3 7 6 1 4 
981 0 1 7 3 2 
982 0 4 1 
983 0 1 6 7 4 
984 2 0 5 4 1 
985 3 7 6 4 
986 1 7 6 3 4 
987 0 1 7 3 
988 3 6 7 4 
989 2 6 4 
990 3 5 2 4 
991 2 5 4 
992 3 6 7 1 4 
993 7 1 3 
994 7 6 4 
995 7 1 2 5 0 3 
996 7 6 3 4 
997 7 6 4 
998 7 6 2 3 4 
999 7 0 5 4 1 
1000 5 2 1 0 3 4 
1001 2 6 7 1 4 
1002 3 7 2 6 4 
1003 0 7 6 4 3 
1004 6 2 3 4 
1005 0 1 6 7 4 
1006 2 7 1 0 6 3 
1007 0 6 2 7 1 3 5 
1008 0 1 6 7 4 
1009 0 4 1 
1010 7 6 4 
1011 7 6 1 4 
1012 7 2 6 4 3 
1013 0 5 1 4 
1014 0 5 4 
1015 2 6 4 
1016 7 6 2 1 3 5 
1017 7 2 6 4 3 
1018 7 6 0 1 4 
1019 2 7 0 6 4 
1020 6 3 2 1 4 
1021 6 5 4 
1022 4 1 3 0 
1023 4 6 7 1 0 
