0 1 3 2 6 7 4 
1 6 1 3 2 7 4 
2 1 4 5 0 7 
3 0 1 3 2 7 
4 3 1 2 6 7 4 
5 7 4 5 6 
6 1 4 0 5 7 
7 7 5 2 3 0 
8 1 0 3 2 7 
9 6 0 1 3 2 7 
10 6 4 7 
11 6 2 3 1 7 
12 0 5 4 7 
13 0 3 2 6 7 
14 3 2 0 6 
15 0 3 2 7 
16 1 6 4 7 
17 6 0 1 7 
18 0 4 1 7 
19 1 3 0 2 5 4 7 
20 2 4 5 6 7 
21 6 2 3 1 7 
22 7 1 3 2 6 4 
23 7 1 2 3 4 6 
24 2 0 1 3 7 
25 7 3 0 1 4 2 
26 1 6 5 4 7 
27 4 6 7 
28 5 4 6 7 
29 0 6 4 7 
30 4 1 2 3 0 
31 2 4 0 5 7 
32 7 1 2 4 3 5 
33 0 1 3 2 
34 7 1 2 3 4 6 
35 7 1 0 
36 0 1 6 7 
37 3 2 5 4 7 0 
38 6 0 2 1 3 
39 4 1 2 6 7 0 
40 6 3 2 7 0 
41 6 5 4 7 
42 0 1 5 7 
43 7 3 0 2 5 4 
44 1 5 4 7 
45 0 3 2 6 7 
46 7 2 3 5 4 0 
47 6 1 4 0 7 
48 7 1 0 
49 1 2 3 5 4 7 0 
50 7 1 2 0 3 4 
51 7 4 1 
52 7 6 5 4 
53 7 2 3 4 0 
54 1 2 3 4 7 6 
55 1 2 3 4 0 7 
56 1 2 3 4 0 7 
57 4 0 1 6 7 
58 2 6 5 4 7 
59 0 1 6 7 
60 7 0 1 6 
61 6 4 7 
62 1 3 2 6 7 4 
63 3 0 4 1 2 7 
64 1 0 4 5 7 
65 6 2 3 5 4 7 0 
66 1 2 3 5 4 7 0 
67 0 1 3 2 7 
68 3 5 4 7 
69 7 6 4 
70 1 4 6 7 
71 7 1 2 4 3 5 
72 1 4 6 7 
73 6 0 1 3 2 7 
74 6 0 4 1 5 7 
75 6 4 5 7 
76 0 2 3 5 4 
77 0 3 2 1 7 6 
78 3 2 1 0 7 6 
79 0 2 3 6 
80 1 2 3 4 7 6 
81 7 4 6 
82 1 0 4 3 2 7 
83 1 2 3 7 
84 2 4 5 6 7 
85 6 0 1 3 2 7 
86 6 3 2 0 7 
87 7 4 5 
88 2 6 5 7 4 
89 7 3 2 0 
90 1 0 6 7 
91 4 3 0 1 2 6 7 
92 5 2 3 4 0 7 
93 0 4 1 7 
94 4 1 3 2 7 0 
95 2 6 4 7 
96 7 2 1 3 4 6 
97 0 1 3 2 4 
98 7 3 0 2 1 6 
99 7 1 2 4 3 5 
100 0 4 1 7 
101 3 2 1 4 7 6 
102 6 0 4 1 3 2 7 
103 4 5 7 
104 6 4 5 7 
105 6 3 2 0 7 
106 0 2 3 4 7 
107 7 5 4 
108 1 0 6 7 
109 0 1 4 7 
110 7 0 3 1 2 4 6 
111 6 2 3 4 0 7 
112 7 2 3 4 0 
113 1 4 2 3 0 6 7 
114 7 4 0 2 5 
115 7 0 1 6 
116 7 0 
117 7 4 5 6 
118 1 2 3 0 
119 1 3 2 0 7 
120 1 0 7 
121 6 1 0 7 
122 2 0 1 7 
123 0 5 2 3 7 
124 7 5 2 3 0 
125 6 2 3 4 0 7 
126 1 3 4 5 2 6 
127 3 0 7 
128 1 3 0 2 5 4 7 
129 6 4 0 5 1 7 
130 1 4 0 5 7 
131 0 2 3 1 
132 3 2 5 4 7 0 
133 7 5 4 
134 1 3 0 2 6 7 
135 7 0 4 1 3 2 
136 1 3 6 2 0 7 
137 6 0 3 1 2 4 
138 5 1 2 4 3 7 
139 6 2 3 0 1 
140 0 5 2 3 7 
141 0 3 2 7 
142 3 2 4 0 7 
143 0 3 1 2 6 7 
144 1 0 3 2 4 6 
145 4 0 1 6 7 
146 1 0 4 5 7 
147 1 2 3 0 
148 2 6 5 7 4 
149 6 4 5 1 0 7 
150 4 5 7 
151 7 3 2 0 
152 2 1 3 0 
153 4 2 3 0 6 7 
154 1 3 2 6 7 4 
155 4 2 1 3 7 6 
156 5 3 2 6 0 7 
157 0 2 1 3 7 6 
158 4 2 3 0 6 7 
159 2 0 1 3 7 
160 4 0 2 1 3 6 
161 0 4 5 6 7 
162 7 1 4 0 
163 4 5 7 
164 0 2 3 1 7 
165 3 2 4 0 7 
166 6 1 5 7 0 
167 4 6 7 
168 5 1 7 0 
169 6 0 7 
170 1 0 2 3 6 
171 4 1 0 7 
172 1 0 3 2 4 
173 0 4 5 6 7 
174 7 1 3 2 0 
175 6 1 2 3 0 
176 4 0 1 2 7 
177 1 4 6 7 
178 7 1 0 
179 4 5 7 
180 5 1 3 2 0 7 
181 7 0 1 6 
182 1 0 7 
183 1 3 2 7 0 
184 1 2 3 5 4 7 0 
185 4 1 2 3 0 
186 2 0 1 3 6 
187 0 6 4 7 
188 7 4 5 6 
189 5 3 1 6 2 0 7 
190 1 3 2 7 0 
191 3 2 4 0 7 
192 1 5 4 7 
193 4 1 3 2 6 7 
194 0 1 3 2 7 
195 0 1 3 2 4 
196 3 1 2 6 7 0 
197 7 2 3 4 0 
198 1 3 2 7 0 
199 4 3 1 6 2 0 7 
200 1 3 2 7 0 
201 4 6 7 
202 5 1 2 3 4 7 6 
203 6 4 5 7 
204 0 3 2 1 7 6 
205 0 1 3 2 4 
206 3 4 5 1 0 7 
207 0 4 1 7 
208 0 3 2 6 7 
209 4 1 5 7 0 
210 1 4 0 2 5 7 
211 1 2 0 3 6 
212 2 1 0 7 
213 6 3 0 2 1 7 
214 5 0 1 2 7 
215 7 1 2 6 0 
216 2 1 4 3 5 7 
217 5 3 2 6 7 0 
218 0 6 5 7 4 
219 4 2 3 1 7 
220 5 3 2 6 0 7 
221 0 2 1 3 6 
222 4 5 7 
223 2 6 4 7 
224 4 6 5 7 
225 0 4 2 3 6 7 
226 7 3 4 5 2 1 6 
227 4 0 1 5 7 
228 0 1 3 4 2 5 7 
229 3 0 2 1 6 
230 6 3 0 1 4 2 7 
231 5 1 2 6 7 0 
232 5 1 3 2 0 7 
233 6 3 0 1 4 2 7 
234 0 3 2 1 7 6 
235 4 2 3 5 7 0 
236 2 1 3 0 7 
237 0 5 4 7 
238 6 0 1 3 2 7 
239 6 1 4 0 7 
240 4 0 1 6 7 
241 1 4 2 3 0 6 7 
242 7 1 2 3 0 
243 4 3 0 1 2 7 
244 5 0 3 1 2 4 6 
245 7 1 0 3 2 4 
246 1 3 6 2 0 7 
247 0 6 4 7 
248 1 0 2 3 6 
249 4 5 6 7 
250 2 3 4 0 7 
251 0 1 2 6 7 
252 7 4 5 6 
253 5 0 4 1 7 
254 1 0 3 2 7 
255 3 4 6 7 
256 1 4 0 7 
257 6 1 2 0 
258 1 3 0 2 7 6 
259 0 5 4 7 
260 3 4 5 6 7 
261 7 1 2 4 3 5 
262 1 0 3 4 2 5 7 
263 5 2 3 4 7 0 
264 1 0 3 4 2 5 7 
265 4 1 2 0 
266 5 2 3 4 0 7 
267 6 5 7 4 
268 0 1 4 7 
269 0 2 3 1 
270 3 4 5 7 
271 0 4 1 3 2 7 
272 1 4 5 0 7 
273 5 3 4 2 1 6 
274 2 3 0 6 1 
275 0 4 6 7 
276 2 0 1 3 7 
277 6 2 3 4 0 7 
278 4 1 0 7 
279 7 3 4 5 2 1 6 
280 2 4 6 7 
281 4 5 6 7 
282 3 1 0 2 4 
283 5 4 6 7 
284 5 0 1 2 7 
285 0 1 4 7 
286 4 1 0 7 
287 2 3 0 6 1 
288 4 5 6 7 
289 0 2 3 6 
290 7 4 0 5 1 
291 4 2 1 3 7 6 
292 3 0 1 4 2 7 
293 3 4 0 5 1 7 
294 6 1 3 2 7 4 
295 4 1 3 2 0 
296 5 3 2 7 0 
297 6 3 2 0 1 
298 3 0 1 4 2 7 
299 5 3 2 0 6 1 
300 1 4 0 7 
301 0 1 3 2 6 7 4 
302 7 5 4 
303 7 1 3 2 0 
304 5 3 2 7 0 
305 1 5 2 3 0 7 
306 7 1 2 6 0 
307 4 0 1 2 7 
308 5 3 1 6 2 0 7 
309 7 1 2 6 0 
310 1 2 3 4 7 6 
311 1 4 2 3 0 6 7 
312 1 0 2 7 
313 4 2 3 0 1 
314 2 1 3 7 0 
315 2 3 0 1 6 7 
316 7 4 5 1 0 
317 5 0 4 1 3 2 7 
318 2 1 4 0 7 
319 3 0 2 4 7 
320 0 1 3 2 6 7 4 
321 5 4 2 3 0 6 7 
322 1 2 3 7 
323 0 3 2 6 7 
324 3 4 6 7 
325 7 4 5 1 0 
326 0 5 2 3 7 
327 5 4 6 7 
328 1 4 6 7 
329 4 0 1 3 2 7 
330 5 4 6 7 
331 6 5 2 3 0 7 
332 3 1 2 4 7 6 
333 0 1 3 2 7 
334 3 4 0 5 1 7 
335 0 1 3 2 7 
336 1 3 0 2 5 4 7 
337 4 0 1 5 7 
338 1 4 0 2 5 7 
339 1 3 0 2 5 4 7 
340 3 0 1 6 7 
341 6 1 3 2 7 0 
342 4 1 2 0 3 7 
343 7 0 1 2 
344 2 3 0 1 6 7 
345 4 3 2 6 0 7 
346 1 3 6 2 0 7 
347 4 0 5 1 7 
348 5 3 2 6 7 0 
349 0 3 2 6 1 
350 4 6 5 7 
351 2 3 0 1 7 6 
352 4 2 0 3 6 
353 0 7 
354 7 0 1 6 
355 4 2 1 0 3 7 6 
356 0 1 3 2 
357 3 1 2 4 5 7 
358 6 0 3 1 2 4 
359 4 0 1 3 2 5 7 
360 5 2 3 0 7 
361 6 3 0 1 4 2 7 
362 0 1 2 7 
363 4 1 2 3 7 6 
364 6 4 5 7 
365 0 4 2 5 7 
366 7 0 2 3 4 
367 6 2 0 3 
368 4 0 1 3 2 7 
369 1 4 0 5 7 
370 7 4 5 
371 4 3 5 2 1 6 
372 5 0 1 6 7 
373 6 4 7 
374 1 2 3 0 
375 1 2 3 0 
376 0 1 3 2 7 
377 4 0 1 6 7 
378 2 3 4 5 1 6 
379 0 1 3 2 7 
380 7 2 1 0 3 6 
381 5 1 4 7 0 
382 1 3 0 2 5 4 7 
383 3 2 0 6 
384 1 5 7 0 
385 4 3 0 1 2 6 7 
386 2 4 0 5 1 7 
387 0 6 4 7 
388 3 1 2 0 7 
389 7 0 1 3 2 
390 1 0 3 2 4 6 
391 5 1 0 3 2 4 
392 1 6 5 4 7 
393 4 3 0 1 2 7 
394 5 2 1 0 3 7 6 
395 6 1 4 0 7 
396 0 2 3 4 7 
397 0 1 2 
398 3 4 5 7 
399 0 2 3 1 7 
400 1 4 5 6 7 
401 4 2 0 3 6 
402 1 5 7 0 
403 1 0 3 2 7 
404 2 0 1 6 7 
405 6 5 2 3 0 7 
406 4 5 6 7 
407 7 1 2 3 0 
408 2 3 0 1 7 6 
409 4 1 3 2 7 0 
410 3 4 6 7 
411 4 0 1 3 2 7 
412 5 4 6 7 
413 0 4 5 7 
414 4 1 3 2 0 
415 2 3 5 4 0 
416 7 2 1 0 3 6 
417 0 2 1 3 7 6 
418 7 4 5 6 
419 4 6 7 
420 0 3 1 4 2 7 
421 3 4 0 5 1 7 
422 6 1 2 0 
423 4 0 7 
424 5 2 3 0 1 
425 6 5 2 3 0 7 
426 3 2 1 7 
427 4 5 7 
428 2 1 0 7 
429 3 4 6 7 
430 7 4 0 2 5 
431 6 5 4 7 
432 5 1 4 7 0 
433 1 2 3 4 7 6 
434 7 3 0 1 2 6 
435 4 0 1 6 7 
436 5 1 0 7 
437 7 1 3 2 0 
438 1 3 0 2 6 7 
439 1 4 5 0 7 
440 1 0 2 3 6 
441 4 0 1 6 7 
442 2 1 0 3 7 6 
443 0 1 2 
444 7 3 0 1 2 6 
445 5 4 7 
446 1 2 3 0 
447 3 5 4 7 
448 1 4 5 7 
449 4 3 2 0 6 1 
450 1 2 0 
451 0 4 5 6 7 
452 3 0 1 2 4 6 
453 7 1 4 0 
454 1 0 2 7 
455 5 3 0 2 1 7 6 
456 1 3 2 7 0 
457 4 2 3 0 1 
458 5 2 3 4 7 0 
459 6 0 2 1 3 
460 0 2 3 1 
461 0 1 6 7 
462 3 0 2 1 7 6 
463 0 1 4 7 
464 1 0 6 7 
465 4 3 2 6 0 7 
466 1 2 4 3 5 7 
467 1 0 6 7 
468 2 1 5 7 0 
469 6 4 7 
470 4 5 7 
471 7 1 0 3 2 4 
472 3 2 1 0 7 6 
473 4 1 2 3 5 7 
474 1 4 5 6 7 
475 4 1 2 3 5 7 
476 5 0 1 6 7 
477 0 3 2 6 7 
478 4 6 7 
479 2 1 3 4 7 6 
480 4 3 0 1 2 7 
481 0 6 5 7 4 
482 7 4 1 
483 4 2 3 0 1 
484 0 4 5 1 7 
485 3 4 5 6 7 
486 6 2 3 5 4 7 0 
487 4 1 2 3 7 6 
488 5 2 3 4 0 7 
489 6 2 1 3 4 7 
490 1 4 5 0 7 
491 4 1 3 2 0 
492 1 4 5 6 7 
493 0 1 2 3 
494 7 5 4 
495 6 1 2 7 0 
496 4 5 7 
497 1 4 6 7 
498 7 4 1 
499 4 2 1 3 7 6 
500 5 0 4 1 3 2 7 
501 7 1 2 6 0 
502 1 0 6 7 
503 1 3 0 4 2 7 
504 1 0 3 2 7 
505 4 1 2 0 3 7 
506 2 4 5 6 7 
507 0 4 2 5 7 
508 7 2 3 1 
509 5 3 2 0 6 1 
510 1 2 0 
511 3 1 6 2 0 7 
512 1 4 7 0 
513 4 0 1 6 7 
514 1 0 6 7 
515 0 4 2 5 7 
516 3 2 0 6 1 
517 7 0 1 3 2 
518 1 3 0 2 7 6 
519 5 1 2 6 7 0 
520 1 0 4 3 2 7 
521 5 0 1 2 7 
522 5 4 2 3 0 6 7 
523 6 1 2 3 0 
524 0 2 3 4 7 
525 0 3 2 6 7 
526 3 0 2 4 7 
527 0 5 4 7 
528 1 0 3 4 2 5 7 
529 4 1 2 3 7 6 
530 1 3 0 2 5 4 7 
531 1 4 0 7 
532 2 3 4 0 7 
533 6 5 4 7 
534 4 2 3 5 0 
535 7 1 4 0 
536 2 4 5 6 7 
537 4 5 7 
538 1 0 2 7 
539 4 0 2 5 7 
540 5 0 1 3 2 7 
541 0 1 2 3 4 7 6 
542 4 1 2 3 7 6 
543 2 1 3 4 7 6 
544 4 1 0 3 2 
545 0 2 3 4 7 
546 7 0 1 6 
547 4 1 7 
548 0 1 3 2 4 
549 3 0 2 5 4 7 
550 6 2 0 3 
551 4 3 2 7 0 
552 5 2 3 0 7 
553 6 2 1 3 4 7 
554 0 7 
555 4 2 3 0 7 
556 1 2 3 0 
557 0 2 1 3 4 7 6 
558 7 0 
559 6 4 7 
560 4 0 5 1 7 
561 3 1 2 0 
562 7 4 5 6 
563 4 2 3 1 7 
564 5 0 1 6 7 
565 7 5 2 3 0 
566 1 3 6 2 0 7 
567 1 3 4 5 2 6 
568 1 2 0 3 4 7 
569 4 0 2 3 7 
570 2 3 1 6 0 7 
571 0 1 3 2 4 
572 7 3 1 6 2 0 
573 5 2 0 3 6 
574 1 5 7 0 
575 3 2 5 4 7 0 
576 1 4 5 0 7 
577 4 1 7 0 
578 1 0 6 7 
579 0 2 3 4 7 
580 3 2 1 4 7 6 
581 7 2 3 5 4 0 
582 2 0 3 4 7 
583 4 1 2 0 3 7 
584 1 2 6 7 0 
585 4 0 1 3 2 7 
586 5 4 6 7 
587 6 0 1 7 
588 0 1 2 
589 0 4 5 1 7 
590 3 1 2 6 7 0 
591 0 3 2 6 7 
592 1 0 2 7 
593 4 1 2 3 7 6 
594 1 0 2 3 6 
595 1 3 0 2 6 7 
596 2 3 0 6 1 
597 6 3 2 0 7 
598 5 6 7 4 
599 7 1 4 0 
600 2 3 6 7 0 
601 4 6 7 
602 1 3 4 5 2 6 
603 4 5 6 7 
604 5 0 1 6 7 
605 2 3 6 0 7 
606 4 5 7 
607 2 6 5 7 4 
608 4 5 6 7 
609 3 0 2 1 7 6 
610 7 3 2 0 
611 4 0 1 3 2 7 
612 0 2 3 5 4 
613 3 6 5 7 4 
614 6 0 1 7 
615 4 0 1 3 2 7 
616 5 0 3 1 2 4 6 
617 6 0 4 1 3 2 7 
618 0 3 2 7 
619 4 0 2 1 3 6 
620 1 3 0 2 7 6 
621 0 2 1 3 7 6 
622 7 0 
623 6 4 7 
624 4 3 0 2 5 7 
625 0 1 2 
626 7 5 4 
627 4 2 3 0 6 7 
628 5 1 2 3 0 
629 7 4 2 3 0 6 
630 1 0 3 2 4 
631 1 3 2 7 0 
632 1 4 0 7 
633 4 1 3 2 6 7 
634 2 1 3 6 7 4 
635 0 2 3 4 7 
636 7 6 5 4 
637 5 4 6 7 
638 0 4 5 6 7 
639 3 0 4 1 5 7 
640 1 2 0 3 6 
641 4 1 2 3 5 7 
642 6 1 0 3 2 4 
643 0 2 3 5 4 7 
644 3 2 0 6 1 
645 7 4 5 6 
646 1 2 3 7 
647 5 3 0 2 1 7 6 
648 1 0 3 2 7 
649 4 1 3 2 6 7 
650 5 1 0 3 2 4 
651 6 2 3 4 0 7 
652 0 4 2 3 6 7 
653 0 4 5 6 7 
654 3 5 2 0 7 
655 0 4 5 6 7 
656 2 5 4 7 
657 4 3 2 7 0 
658 1 5 7 0 
659 1 4 2 3 0 6 7 
660 2 3 1 6 0 7 
661 6 2 3 4 0 7 
662 4 1 2 0 
663 7 3 0 2 5 4 
664 2 4 5 1 0 7 
665 4 5 2 3 0 7 
666 0 6 5 4 7 
667 4 6 7 
668 5 3 0 2 4 7 
669 2 3 4 0 7 
670 4 3 0 2 5 7 
671 2 5 4 7 
672 5 0 7 
673 0 6 5 7 4 
674 7 4 5 6 
675 4 2 3 5 0 
676 0 2 3 4 7 
677 2 4 0 5 7 
678 6 0 7 
679 4 1 2 0 3 7 
680 5 0 2 1 3 6 
681 6 3 2 0 7 
682 0 1 3 2 7 
683 5 0 7 
684 1 6 5 4 7 
685 0 2 3 6 
686 7 4 0 5 1 
687 6 2 3 5 4 0 
688 4 1 3 2 0 7 
689 0 6 5 7 4 
690 6 3 0 1 4 2 7 
691 4 0 2 5 7 
692 5 4 0 2 7 
693 7 4 5 6 
694 3 2 5 4 0 
695 0 2 3 4 7 
696 0 3 1 2 6 7 
697 5 6 4 7 
698 2 1 3 0 
699 0 7 
700 7 4 1 
701 5 0 3 1 2 4 6 
702 0 1 2 3 4 7 
703 3 1 5 7 0 
704 0 1 3 4 2 5 7 
705 4 1 0 7 
706 0 1 5 7 
707 0 3 2 6 7 
708 3 0 4 1 2 7 
709 7 4 5 1 0 
710 0 4 5 1 7 
711 5 2 3 0 1 
712 1 6 4 7 
713 4 1 3 2 6 7 
714 5 2 3 1 7 
715 6 1 2 0 3 4 7 
716 0 3 2 6 7 
717 0 3 1 6 2 7 
718 3 1 2 0 4 7 
719 0 4 6 7 
720 0 1 5 7 
721 4 2 1 0 3 7 6 
722 0 2 3 4 7 
723 0 1 7 
724 2 4 5 6 7 
725 6 1 4 7 0 
726 4 0 1 5 7 
727 7 0 1 6 
728 2 4 5 6 7 
729 4 3 0 2 1 7 6 
730 0 4 2 3 6 7 
731 4 0 1 6 7 
732 5 1 2 4 3 7 
733 0 3 2 6 7 
734 4 3 2 0 6 1 
735 2 4 0 5 7 
736 4 3 0 1 2 6 7 
737 0 1 6 7 
738 7 0 1 3 4 2 5 
739 4 1 7 
740 3 4 5 2 1 6 
741 3 4 0 2 5 7 
742 6 0 1 7 
743 4 6 5 7 
744 5 0 3 1 2 4 6 
745 6 0 1 3 4 2 5 7 
746 3 0 1 4 2 5 7 
747 4 1 2 6 7 0 
748 2 1 0 
749 2 0 1 3 6 
750 7 5 2 3 0 
751 6 1 3 2 0 
752 5 2 3 4 0 7 
753 3 1 6 2 0 7 
754 7 0 1 6 
755 5 1 4 7 0 
756 5 6 4 7 
757 7 1 2 3 4 6 
758 3 0 1 2 6 7 
759 2 1 3 0 
760 3 2 5 4 0 
761 5 1 2 4 3 7 
762 2 0 1 3 7 
763 2 1 3 0 
764 7 6 5 4 
765 5 3 0 2 1 7 6 
766 2 0 1 3 6 
767 3 4 5 1 0 7 
768 2 0 4 1 5 7 
769 5 0 4 1 7 
770 2 0 1 3 6 
771 2 3 4 0 7 
772 3 1 0 7 
773 7 1 5 0 
774 2 3 7 0 
775 5 4 7 
776 3 1 2 0 4 7 
777 5 4 6 7 
778 5 0 1 6 7 
779 6 2 3 0 1 
780 2 1 0 3 7 6 
781 2 1 3 0 7 
782 3 0 4 1 5 7 
783 3 2 6 7 0 
784 2 1 6 7 0 
785 5 0 4 1 7 
786 2 3 0 6 1 
787 3 1 2 0 7 
788 2 1 3 0 
789 6 0 1 7 
790 5 0 1 3 4 2 7 
791 7 3 2 6 0 
792 2 1 0 3 4 7 
793 5 1 2 0 
794 3 4 5 7 
795 5 4 6 7 
796 5 4 6 7 
797 3 4 5 1 0 7 
798 5 0 1 6 7 
799 2 1 0 3 7 6 
800 5 0 1 3 2 7 
801 3 1 4 0 7 
802 7 0 1 6 
803 5 0 1 3 4 2 7 
804 3 0 1 2 7 
805 3 0 1 6 7 
806 6 1 2 4 3 5 7 
807 5 3 0 1 4 2 7 
808 5 2 3 1 7 
809 6 3 2 7 0 
810 3 1 2 0 
811 5 1 7 0 
812 2 4 6 7 
813 3 0 1 6 7 
814 7 2 3 4 0 
815 6 4 5 7 
816 5 6 7 4 
817 3 1 4 0 7 
818 7 0 1 3 4 2 5 
819 5 6 4 7 
820 5 0 2 1 3 6 
821 7 4 5 
822 3 4 6 7 
823 2 3 0 5 4 7 
824 3 0 1 2 7 
825 5 0 1 2 7 
826 2 1 3 0 7 
827 2 0 3 6 
828 7 0 2 3 4 
829 5 1 3 2 7 0 
830 2 0 1 3 7 
831 3 4 1 7 
832 2 5 4 7 
833 5 1 4 7 0 
834 2 4 5 6 7 
835 2 3 5 4 0 
836 3 2 0 6 1 
837 7 2 3 0 1 
838 2 3 0 6 1 
839 5 0 3 1 2 4 6 
840 2 1 3 7 0 
841 5 1 3 2 6 7 4 
842 5 2 0 3 6 
843 6 5 4 7 
844 2 3 5 4 0 
845 2 0 4 1 5 7 
846 3 0 1 6 7 
847 3 4 2 0 6 7 
848 2 3 0 6 1 
849 5 4 1 0 7 
850 2 4 0 5 1 7 
851 2 0 1 3 4 5 7 
852 2 3 4 0 7 
853 6 4 1 7 
854 5 2 3 4 7 0 
855 7 0 1 3 2 
856 2 3 4 5 1 6 
857 5 4 1 7 
858 3 0 2 5 4 7 
859 5 6 7 4 
860 5 4 6 7 
861 2 3 6 7 0 
862 5 0 1 6 7 
863 2 1 0 3 4 
864 5 3 4 2 1 6 
865 3 2 5 4 0 
866 7 4 5 
867 5 4 7 
868 3 0 2 4 7 
869 3 1 2 0 7 
870 6 1 2 3 0 
871 5 2 3 4 0 
872 5 6 7 4 
873 6 2 1 0 3 7 
874 3 2 6 0 7 
875 5 4 6 7 
876 2 3 5 4 0 
877 3 1 0 7 
878 7 2 1 3 4 6 
879 6 0 1 2 7 
880 5 1 0 7 
881 3 2 4 0 7 
882 7 3 2 0 
883 5 2 3 0 7 
884 5 2 1 3 4 7 6 
885 7 4 5 
886 3 4 5 2 1 6 
887 2 6 5 4 7 
888 3 2 0 6 1 
889 6 2 3 4 0 7 
890 2 1 0 
891 3 0 7 
892 7 6 5 4 
893 6 2 1 3 4 7 
894 3 2 0 1 
895 3 1 2 0 7 
896 2 6 5 7 4 
897 6 1 0 3 2 4 
898 6 1 2 7 0 
899 2 4 1 7 
900 3 4 6 7 
901 6 0 1 2 7 
902 6 0 1 3 2 7 
903 6 0 1 7 
904 6 3 2 0 7 
905 3 2 0 6 
906 3 1 2 0 4 7 
907 2 0 4 1 3 7 
908 2 0 3 1 4 6 
909 2 1 4 3 5 7 
910 2 4 1 7 
911 2 3 0 5 4 7 
912 2 1 5 7 0 
913 7 1 3 2 0 
914 2 3 1 6 0 7 
915 2 3 5 4 0 
916 2 0 1 3 7 
917 6 1 4 7 0 
918 7 2 3 1 
919 2 3 1 6 0 7 
920 7 1 2 0 
921 7 0 
922 5 4 0 2 7 
923 3 2 6 7 0 
924 2 1 3 0 
925 5 3 4 2 1 6 
926 5 0 4 1 7 
927 3 4 5 2 1 6 
928 7 1 0 
929 3 4 6 7 
930 7 2 3 4 0 
931 7 1 2 3 4 6 
932 3 1 2 0 
933 3 0 7 
934 6 0 1 7 
935 6 2 3 1 7 
936 2 0 3 4 7 
937 3 2 1 7 
938 3 0 1 6 7 
939 3 1 4 0 7 
940 6 0 3 1 2 4 
941 2 1 0 3 7 6 
942 7 4 5 6 
943 6 3 4 5 2 1 
944 7 0 2 3 4 
945 7 1 2 0 3 4 
946 6 2 1 0 3 7 
947 6 0 3 1 2 4 
948 6 1 5 7 0 
949 6 4 7 
950 3 1 2 7 0 
951 2 1 3 6 7 4 
952 3 1 2 4 5 7 
953 6 3 2 7 0 
954 2 1 4 7 0 
955 2 1 4 0 7 
956 6 1 2 0 3 4 7 
957 6 3 0 1 2 7 
958 6 4 0 2 5 7 
959 3 2 7 0 
960 2 3 4 0 7 
961 3 0 1 4 2 7 
962 2 1 6 7 0 
963 3 0 1 2 4 6 
964 3 2 5 4 7 0 
965 3 4 5 6 7 
966 2 0 1 3 4 5 7 
967 6 3 2 7 0 
968 2 1 3 0 7 
969 6 5 4 7 
970 5 4 7 
971 6 1 3 2 7 0 
972 2 0 4 1 5 7 
973 3 1 2 0 7 
974 3 1 2 0 
975 3 1 2 0 4 7 
976 2 0 1 3 4 5 7 
977 6 1 2 3 0 
978 2 0 1 3 4 5 7 
979 2 5 4 7 
980 2 3 0 1 4 7 
981 6 1 2 0 3 4 7 
982 6 2 1 3 4 7 
983 2 0 1 6 7 
984 6 4 5 7 
985 3 1 4 7 0 
986 5 3 2 6 7 0 
987 3 0 1 2 7 
988 2 0 3 4 7 
989 5 4 7 
990 5 4 6 7 
991 5 4 0 1 7 
992 3 1 2 0 
993 3 0 7 
994 7 0 4 1 5 
995 5 2 3 4 0 
996 3 5 4 7 
997 2 1 3 7 0 
998 6 1 2 3 4 7 
999 5 6 4 7 
1000 2 3 4 5 1 6 
1001 3 2 5 4 7 0 
1002 6 0 4 1 3 2 7 
1003 3 2 0 1 
1004 6 3 0 1 2 7 
1005 6 3 1 2 0 7 
1006 6 3 2 0 7 
1007 6 3 2 7 0 
1008 5 4 2 3 0 6 7 
1009 7 4 0 5 1 
1010 6 2 0 3 
1011 5 4 7 
1012 5 3 0 2 4 7 
1013 6 0 2 3 4 7 
1014 3 1 2 0 
1015 2 4 1 7 
1016 3 4 6 7 
1017 3 1 2 0 7 
1018 3 4 2 0 6 7 
1019 2 3 0 1 4 7 
1020 6 3 0 1 2 7 
1021 5 0 3 1 2 4 6 
1022 6 1 2 0 
1023 3 4 5 7 
