0 7 6 5 2 4 
1 5 7 1 0 
2 5 0 4 1 7 
3 3 2 7 6 1 
4 4 7 6 2 5 
5 4 1 0 7 6 
6 6 5 1 4 0 
7 5 1 2 0 
8 0 3 7 2 6 
9 3 6 1 2 4 0 5 
10 7 1 2 0 
11 7 6 4 2 5 
12 0 6 5 7 2 4 
13 6 7 3 0 4 
14 2 6 0 1 7 4 
15 2 0 6 1 3 
16 1 6 0 5 3 2 
17 7 1 0 
18 0 2 3 
19 7 1 4 6 5 
20 6 0 1 3 2 
21 1 2 0 
22 0 6 1 2 4 5 
23 2 4 6 7 5 
24 4 7 0 6 3 1 2 5 
25 0 7 3 6 4 
26 0 7 3 6 4 
27 6 0 1 4 2 
28 3 4 7 5 2 
29 6 1 0 7 
30 6 0 2 1 
31 3 4 6 7 5 
32 2 7 1 4 6 5 
33 4 0 2 1 
34 4 0 6 1 2 
35 2 3 4 6 5 
36 0 5 1 4 
37 1 7 0 6 
38 3 2 7 4 5 0 
39 5 4 6 7 
40 3 6 0 1 2 7 4 
41 1 6 0 7 2 4 
42 2 6 4 7 0 
43 5 3 7 2 4 6 0 
44 5 7 6 1 3 0 
45 6 2 4 5 3 0 
46 1 5 7 6 4 
47 5 7 6 4 2 0 
48 5 1 2 3 0 
49 0 4 7 5 3 2 
50 5 6 7 2 4 
51 6 7 4 2 0 
52 7 1 4 6 5 
53 3 7 6 1 0 
54 7 2 1 0 3 
55 7 6 0 1 2 4 
56 1 7 3 0 6 4 
57 3 4 6 5 
58 6 3 7 0 2 5 
59 1 4 7 5 3 2 
60 2 1 0 
61 7 2 3 0 
62 0 2 1 
63 0 4 6 5 
64 5 7 4 
65 5 3 4 6 
66 4 6 5 
67 2 3 1 0 
68 4 0 6 1 2 
69 4 7 1 0 
70 7 4 6 2 5 
71 5 6 0 1 2 7 4 
72 0 3 1 2 
73 3 4 6 5 
74 7 2 0 1 4 
75 4 3 1 0 2 
76 1 3 7 2 6 
77 6 2 3 1 0 
78 2 6 3 7 0 5 
79 2 1 0 
80 1 0 3 2 
81 7 4 6 5 
82 0 1 2 
83 7 1 3 2 
84 6 3 1 7 2 
85 1 4 7 5 3 2 
86 0 3 1 7 2 6 
87 2 3 1 0 
88 4 3 2 1 6 0 
89 1 6 0 2 7 4 
90 0 6 1 4 2 
91 6 4 5 
92 3 7 1 6 5 0 2 
93 6 1 2 5 4 
94 7 6 5 1 0 
95 3 2 7 6 
96 2 6 7 4 5 
97 4 3 7 2 6 0 
98 4 3 1 2 0 
99 2 1 7 6 4 
100 0 6 7 4 2 5 
101 1 2 3 0 
102 3 0 1 2 
103 5 6 1 7 0 
104 3 0 1 2 
105 1 7 4 6 2 5 
106 2 6 7 4 5 
107 6 2 3 5 4 
108 5 2 1 0 3 7 
109 6 5 7 4 
110 1 7 0 
111 5 6 7 4 
112 5 0 7 6 
113 0 6 4 7 
114 5 7 6 4 
115 6 7 2 5 
116 7 6 1 2 4 0 5 
117 3 2 1 6 0 
118 7 2 3 1 0 
119 7 6 4 2 5 
120 1 2 4 0 5 
121 3 6 5 7 2 4 
122 6 1 2 3 0 
123 1 7 0 6 3 4 2 5 
124 2 6 7 4 5 
125 7 6 4 5 
126 0 1 2 
127 1 0 6 3 2 
128 7 4 1 5 6 0 
129 4 6 7 0 
130 5 0 2 1 
131 2 4 6 5 
132 4 0 6 1 3 2 
133 4 1 7 6 
134 6 3 1 7 2 
135 5 6 1 2 4 0 
136 0 3 2 1 6 
137 3 1 0 7 6 
138 7 2 1 0 3 
139 7 4 1 5 6 0 
140 0 6 5 7 2 4 
141 6 3 7 0 2 5 
142 2 7 4 3 5 0 
143 2 3 1 6 0 
144 1 6 7 4 5 
145 7 6 4 5 
146 0 4 7 5 3 2 
147 7 6 1 3 0 
148 6 4 7 5 
149 1 5 4 0 
150 0 2 3 
151 2 6 3 7 0 5 
152 4 2 7 3 5 0 
153 0 1 3 2 
154 0 7 3 6 4 
155 6 7 3 0 4 
156 3 4 1 0 5 
157 6 3 1 7 2 
158 7 4 6 2 5 
159 3 6 2 7 4 
160 3 6 4 7 0 
161 4 2 5 3 0 
162 4 2 3 1 0 
163 2 3 1 0 
164 0 7 1 6 5 2 
165 1 7 6 3 0 
166 3 1 7 2 6 
167 5 6 7 2 4 
168 3 5 1 4 0 
169 1 4 6 5 
170 2 0 1 
171 7 3 2 1 6 0 
172 5 4 7 3 2 
173 6 3 4 5 
174 1 7 0 
175 5 3 1 7 2 6 
176 5 6 1 2 4 0 
177 0 6 1 4 2 
178 5 7 1 4 6 
179 6 2 4 5 3 0 
180 7 2 0 1 4 
181 3 2 5 4 
182 7 4 6 5 
183 7 0 6 
184 1 3 2 
185 3 0 4 1 7 5 
186 6 3 1 2 0 
187 1 2 0 
188 2 4 0 1 5 
189 7 0 6 
190 0 6 5 1 4 
191 0 7 6 4 2 
192 7 0 3 1 2 
193 5 7 1 4 6 
194 5 4 6 
195 2 7 1 6 5 0 
196 4 2 3 5 
197 4 7 1 5 6 0 
198 6 3 1 2 0 
199 5 1 7 0 6 
200 1 6 2 7 3 4 
201 3 0 6 1 2 
202 4 6 0 5 1 
203 7 2 4 3 5 0 
204 0 5 7 6 4 
205 6 1 0 7 
206 2 0 1 
207 2 1 7 0 6 
208 1 7 6 2 5 
209 7 1 6 5 0 2 
210 0 3 1 2 
211 7 0 6 3 1 4 2 5 
212 6 0 5 1 4 
213 1 2 3 0 
214 0 6 1 7 2 4 
215 2 1 0 
216 4 6 5 
217 0 2 4 1 5 
218 0 2 3 6 4 5 
219 6 0 3 1 2 
220 3 2 1 6 0 
221 6 4 1 0 5 
222 6 7 2 5 
223 3 2 0 
224 2 1 7 0 6 
225 4 3 2 1 6 0 
226 4 6 5 1 7 0 
227 2 6 7 1 
228 1 6 7 0 
229 1 2 0 4 
230 3 4 6 5 
231 5 1 3 2 
232 3 7 0 6 1 4 2 5 
233 1 6 0 5 3 2 
234 2 6 5 1 7 0 
235 7 6 4 0 
236 5 6 7 2 4 
237 6 1 3 2 
238 1 4 7 5 6 0 
239 5 2 3 4 
240 5 7 1 4 6 
241 0 7 1 
242 5 7 6 2 
243 6 2 7 3 4 
244 7 0 6 1 4 2 
245 3 7 1 6 5 0 2 
246 7 6 0 1 2 4 
247 4 1 7 6 
248 1 6 3 7 0 2 5 
249 3 2 7 6 
250 6 2 3 4 0 5 
251 1 2 3 0 
252 2 5 7 4 
253 7 5 4 
254 0 2 4 1 5 
255 0 1 6 2 5 4 
256 7 0 6 1 4 2 
257 5 7 6 4 2 0 
258 5 1 2 0 
259 2 7 1 6 5 0 
260 4 3 7 2 6 
261 4 1 3 2 
262 6 3 1 7 2 
263 5 7 1 6 0 2 
264 0 4 1 5 
265 3 1 7 0 6 
266 7 1 6 4 
267 7 2 4 5 3 0 
268 0 1 7 6 
269 6 4 7 1 5 0 
270 2 1 0 
271 1 2 0 
272 1 3 2 0 
273 7 0 2 1 
274 0 6 5 7 2 4 
275 4 1 2 3 0 
276 6 5 7 4 
277 1 3 7 2 6 
278 1 7 4 6 5 
279 2 6 0 1 7 4 
280 4 6 1 7 0 
281 0 5 7 4 
282 3 2 0 1 4 
283 6 3 7 2 
284 3 1 0 7 6 
285 4 1 0 5 
286 6 0 5 1 4 
287 3 6 2 7 4 
288 2 3 7 6 
289 7 5 1 4 0 
290 4 7 3 0 6 
291 2 3 7 6 
292 0 7 4 6 2 5 
293 1 2 7 4 3 5 0 
294 3 6 7 4 5 
295 5 6 0 1 7 2 4 
296 3 4 1 0 5 
297 1 6 2 5 4 
298 2 0 4 1 7 5 
299 7 0 6 3 1 4 2 5 
300 5 7 6 1 3 0 
301 6 2 3 0 
302 1 7 3 0 6 4 
303 5 6 7 4 2 
304 5 6 1 7 0 
305 0 3 1 2 
306 5 2 3 7 6 
307 6 3 2 1 0 
308 7 1 0 
309 3 1 2 0 
310 7 3 2 4 6 0 
311 7 1 6 4 
312 1 6 0 5 3 2 
313 2 3 0 
314 5 6 3 7 0 2 
315 1 0 7 6 
316 2 4 6 7 5 
317 7 5 1 4 0 
318 0 2 1 3 7 
319 2 3 7 6 
320 6 0 3 1 2 
321 5 1 7 6 4 
322 5 6 7 4 
323 2 3 7 4 6 0 
324 4 6 0 1 2 7 
325 4 7 6 2 5 
326 4 1 7 0 6 
327 5 6 3 7 0 2 
328 2 4 5 3 0 
329 3 4 1 0 5 
330 6 7 1 5 0 2 
331 7 1 2 3 0 
332 0 3 4 6 5 
333 6 3 7 0 2 5 
334 2 1 0 3 7 
335 2 4 6 7 5 
336 1 6 7 4 5 
337 6 5 1 4 0 
338 0 2 3 1 
339 7 2 4 0 1 5 
340 6 1 2 0 
341 1 0 4 7 5 
342 0 3 1 2 
343 2 3 1 0 
344 6 2 3 7 
345 0 2 3 1 
346 1 2 6 7 
347 6 2 3 5 4 
348 3 0 4 1 7 5 
349 6 0 4 1 7 5 
350 4 6 3 7 0 2 5 
351 3 5 1 4 0 
352 1 6 5 7 0 
353 4 6 0 5 1 3 2 
354 4 1 3 2 
355 2 6 7 1 
356 0 1 2 3 
357 1 7 6 3 0 
358 3 7 2 4 6 0 
359 5 3 7 2 6 
360 1 2 6 7 
361 1 2 7 4 3 5 0 
362 2 3 7 6 
363 7 1 3 2 
364 4 7 5 3 2 
365 6 7 0 3 1 4 2 5 
366 1 2 3 0 
367 5 7 1 0 
368 5 1 2 3 0 
369 0 7 4 6 2 5 
370 5 1 7 6 4 
371 6 7 1 4 5 
372 7 2 3 6 1 
373 0 6 5 1 3 2 
374 5 6 1 7 0 
375 7 1 0 6 
376 1 6 2 7 3 4 
377 3 6 7 4 5 
378 6 5 7 2 4 
379 1 2 3 0 
380 2 6 7 3 4 
381 4 3 1 0 2 
382 0 2 1 
383 0 7 1 4 6 5 
384 7 6 4 5 
385 5 1 2 0 
386 5 2 3 6 4 0 
387 1 2 3 0 
388 4 0 3 1 2 
389 4 2 0 1 
390 7 4 1 0 5 
391 4 6 5 
392 0 1 6 2 5 4 
393 2 3 4 6 5 
394 7 2 1 0 3 
395 7 3 1 2 6 
396 0 2 3 1 
397 6 2 7 4 3 5 0 
398 2 0 4 1 7 5 
399 2 4 5 3 0 
400 1 2 6 7 
401 7 3 1 0 2 
402 2 6 7 3 4 
403 6 4 1 0 5 
404 6 4 1 0 5 
405 1 6 7 0 
406 3 0 2 1 
407 2 0 4 1 7 5 
408 6 1 7 0 
409 3 4 7 5 2 
410 0 3 7 2 4 6 
411 6 7 4 2 5 
412 3 2 7 4 5 0 
413 6 0 3 1 2 
414 6 3 7 2 
415 3 7 6 4 2 0 
416 2 3 7 4 6 0 
417 7 2 4 5 3 0 
418 4 1 2 0 
419 2 1 3 0 
420 0 3 4 6 5 
421 0 6 1 3 2 
422 3 6 4 7 0 
423 5 6 2 7 3 4 
424 3 7 2 6 
425 3 7 0 6 4 
426 2 6 0 5 1 3 
427 7 5 4 
428 5 6 7 2 4 
429 6 1 2 5 4 
430 1 5 7 6 4 
431 4 2 7 3 6 1 
432 5 2 3 6 4 0 
433 0 6 1 2 7 4 
434 5 6 1 2 4 0 
435 6 4 5 
436 7 4 5 3 2 
437 3 1 2 0 
438 7 5 6 4 
439 7 4 1 5 6 0 
440 1 7 6 5 0 2 
441 3 2 7 6 1 
442 6 5 7 4 
443 1 2 3 0 
444 2 0 3 1 
445 7 2 4 5 3 0 
446 0 3 7 2 6 
447 0 2 1 4 
448 7 1 2 0 
449 5 6 4 7 0 
450 5 4 7 1 6 0 
451 2 1 7 0 6 
452 4 0 6 1 2 
453 4 7 6 2 0 
454 6 2 7 3 4 
455 5 6 1 7 0 
456 0 1 7 6 
457 3 7 1 6 5 0 2 
458 7 4 6 5 
459 7 2 4 0 1 5 
460 0 2 7 4 3 5 
461 6 2 3 5 4 
462 2 7 4 6 5 
463 2 1 6 5 4 
464 1 6 7 0 
465 7 1 0 6 
466 1 6 2 5 4 
467 7 4 1 0 5 
468 6 5 7 4 
469 1 7 6 4 
470 0 3 1 2 
471 2 3 1 7 6 
472 4 3 1 2 0 
473 0 7 1 6 5 2 
474 0 7 6 1 3 
475 6 1 7 0 
476 3 7 6 1 0 
477 6 1 7 4 
478 6 4 5 
479 3 4 1 0 5 
480 2 3 7 4 6 0 
481 4 6 2 7 3 
482 4 2 0 1 
483 2 7 1 0 
484 0 1 7 6 4 
485 1 7 6 2 5 
486 3 6 0 5 1 2 
487 5 6 7 4 2 
488 3 2 6 4 0 5 
489 1 6 4 7 0 
490 2 7 3 6 1 
491 7 6 1 2 4 0 5 
492 5 7 1 4 6 
493 6 2 3 4 0 5 
494 1 6 0 5 3 2 
495 5 1 6 2 4 
496 5 1 3 2 
497 0 7 6 2 5 
498 5 6 1 7 0 
499 6 0 1 3 2 
500 7 0 2 1 
501 3 1 6 2 5 4 
502 7 6 2 3 4 
503 7 6 2 5 
504 1 6 0 5 3 2 
505 3 2 0 1 4 
506 6 2 7 3 4 
507 1 3 7 2 4 6 0 
508 2 7 1 4 6 5 
509 7 3 4 6 5 
510 0 6 7 4 5 
511 0 6 1 7 2 4 
512 7 0 6 
513 5 7 6 4 
514 5 7 6 4 2 0 
515 2 0 1 4 
516 4 7 3 0 6 
517 4 7 6 2 5 
518 6 7 0 3 1 4 2 5 
519 5 1 4 0 
520 0 2 1 3 7 
521 3 2 4 5 0 
522 7 5 4 
523 7 2 6 1 
524 0 4 6 7 5 
525 6 4 7 5 
526 2 1 7 6 4 
527 2 3 7 6 
528 1 0 2 
529 7 3 2 6 
530 0 5 1 4 
531 7 6 4 0 
532 6 2 4 0 1 5 
533 1 2 4 0 5 
534 0 5 1 4 
535 2 0 1 
536 4 1 0 7 6 
537 0 6 1 7 
538 0 1 7 6 
539 6 1 2 4 0 5 
540 3 2 1 0 
541 6 4 7 1 5 0 
542 6 5 1 7 0 
543 3 0 2 1 
544 2 1 0 
545 4 0 7 6 
546 4 6 7 5 
547 2 0 1 4 
548 0 7 1 6 5 2 
549 1 2 0 4 
550 3 1 2 0 
551 5 2 3 4 
552 3 2 7 6 1 
553 1 6 0 7 2 4 
554 2 1 3 0 
555 7 6 4 2 5 
556 5 4 6 
557 6 0 7 
558 1 6 2 5 4 
559 5 7 6 2 
560 5 2 3 7 6 
561 0 2 3 6 4 5 
562 5 2 4 0 1 
563 6 2 3 0 
564 7 2 3 6 
565 3 0 4 1 7 5 
566 7 1 6 4 
567 7 2 6 1 
568 1 4 7 5 3 2 
569 3 1 2 
570 7 6 1 3 0 
571 1 4 6 5 
572 2 7 6 5 
573 6 7 4 2 5 
574 0 6 5 7 2 4 
575 0 5 1 4 
576 7 2 4 0 1 5 
577 5 6 7 4 2 
578 5 1 2 0 
579 2 0 1 
580 4 7 6 2 0 
581 4 5 7 
582 6 4 7 1 5 0 
583 5 4 1 0 
584 0 6 5 1 3 2 
585 3 7 0 6 4 
586 7 2 4 0 1 5 
587 7 6 2 5 
588 0 2 3 5 4 
589 6 4 7 0 
590 2 3 1 6 0 
591 2 7 3 6 1 
592 1 3 2 0 
593 7 1 0 6 
594 0 6 1 7 
595 7 2 0 1 4 
596 6 2 3 7 
597 3 6 1 2 4 0 5 
598 0 7 6 3 1 4 2 5 
599 2 6 0 5 1 3 
600 4 6 0 1 7 2 
601 0 2 3 
602 0 2 4 5 3 
603 6 7 4 2 0 
604 3 4 7 5 2 
605 6 3 4 5 
606 6 4 5 
607 3 1 6 2 5 4 
608 2 7 1 6 5 0 
609 4 3 1 0 2 
610 4 1 2 3 0 
611 2 4 6 5 
612 0 1 2 3 
613 1 6 0 5 4 
614 3 0 6 1 4 2 
615 5 6 0 1 7 2 4 
616 3 4 6 5 
617 1 6 0 2 7 4 
618 2 6 0 1 7 4 
619 7 6 4 2 5 
620 5 4 1 0 
621 6 7 3 0 4 
622 1 2 7 3 6 
623 5 4 7 1 6 0 
624 5 0 7 6 
625 0 1 2 
626 5 7 6 4 
627 6 2 3 7 
628 7 1 3 2 
629 3 2 1 0 7 
630 7 4 6 5 
631 7 6 0 1 2 4 
632 1 5 7 4 
633 3 0 1 2 
634 6 5 7 2 4 
635 1 7 6 5 0 2 
636 2 7 4 3 5 0 
637 7 4 6 5 
638 0 4 6 5 
639 0 6 1 2 4 5 
640 7 2 3 6 
641 5 0 4 1 7 
642 5 4 7 3 2 
643 2 7 6 4 0 
644 4 7 5 3 2 
645 4 0 6 1 2 
646 6 1 7 4 
647 5 7 0 6 3 1 4 2 
648 0 3 1 2 
649 3 2 7 6 1 
650 7 2 3 6 1 
651 7 1 2 0 
652 0 2 7 4 3 5 
653 6 3 1 0 2 
654 2 6 7 4 5 
655 2 1 7 6 4 
656 1 2 3 0 
657 7 2 3 6 1 
658 0 1 2 
659 7 1 0 6 
660 6 7 4 2 5 
661 1 7 4 6 2 5 
662 0 7 1 
663 2 3 1 6 0 
664 4 6 2 7 3 
665 0 6 1 7 
666 0 3 4 6 5 
667 6 2 3 5 4 
668 3 2 4 5 0 
669 6 5 1 7 0 
670 6 4 7 0 
671 3 1 2 0 
672 2 6 5 7 4 
673 4 2 0 1 5 
674 4 2 6 7 1 
675 2 6 7 1 
676 0 6 7 4 2 5 
677 1 2 7 3 6 
678 3 1 2 0 
679 5 0 4 1 7 
680 3 1 2 0 
681 1 3 0 2 
682 2 4 6 5 
683 7 3 1 2 6 
684 5 7 6 4 
685 6 0 5 1 4 
686 1 0 6 3 2 
687 5 2 4 3 0 
688 5 0 6 1 4 2 
689 0 2 3 6 4 5 
690 5 7 6 1 3 0 
691 6 7 1 0 
692 7 1 2 3 0 
693 2 3 5 4 
694 7 6 3 0 2 5 
695 7 4 1 0 5 
696 1 6 7 4 2 5 
697 3 2 1 0 
698 6 0 5 1 4 
699 1 7 6 3 0 
700 2 7 0 6 3 1 4 5 
701 7 4 6 5 
702 0 1 2 
703 0 6 1 4 2 
704 7 6 4 2 0 
705 5 6 0 1 4 
706 5 2 3 1 0 
707 2 6 0 5 1 4 
708 4 6 0 5 1 
709 4 7 3 0 6 
710 6 2 4 0 1 5 
711 5 1 7 6 4 
712 0 6 1 7 2 4 
713 3 5 7 4 
714 7 0 6 
715 7 6 4 0 
716 0 7 6 4 2 
717 6 3 1 7 2 
718 2 1 0 
719 2 3 7 6 
720 1 2 0 3 7 
721 7 6 2 5 
722 0 2 3 5 4 
723 7 0 3 1 2 
724 6 1 7 0 
725 1 4 6 5 
726 0 2 4 5 3 
727 2 0 7 6 
728 4 0 7 6 
729 0 2 3 5 4 
730 0 4 7 1 5 6 
731 6 7 1 0 
732 3 2 7 4 5 0 
733 6 7 2 5 
734 6 0 1 3 2 
735 3 2 0 1 4 
736 2 4 6 7 5 
737 4 3 1 0 2 
738 4 5 7 6 
739 2 0 1 4 
740 0 6 5 1 3 2 
741 1 3 2 
742 3 5 7 6 4 
743 4 7 6 2 5 
744 3 0 6 1 2 
745 1 6 0 5 3 2 
746 3 7 4 6 2 5 
747 7 6 4 0 
748 5 3 1 2 0 
749 6 2 7 3 1 
750 1 4 6 7 5 
751 5 2 7 4 3 0 
752 5 2 3 4 
753 0 4 7 1 5 6 
754 5 6 0 1 7 2 4 
755 6 2 4 5 3 0 
756 6 0 7 
757 2 7 1 6 5 0 
758 7 3 2 6 
759 7 5 4 
760 1 0 7 6 
761 3 7 1 0 
762 7 1 4 6 5 
763 1 6 5 7 0 
764 2 1 6 5 4 
765 7 4 6 5 
766 0 4 6 7 5 
767 0 2 7 4 3 5 
768 7 3 4 6 5 
769 5 2 3 7 6 
770 5 7 3 0 6 4 
771 2 6 7 4 5 
772 4 6 0 5 1 
773 4 0 7 6 
774 6 2 3 4 0 5 
775 5 2 3 1 0 
776 0 7 1 4 6 5 
777 3 2 1 6 0 
778 7 0 6 3 1 4 2 5 
779 7 4 1 5 6 0 
780 0 6 4 7 
781 6 0 1 4 2 
782 2 3 4 6 5 
783 2 0 1 
784 1 7 6 4 2 0 
785 7 6 1 0 
786 0 3 7 2 6 
787 7 5 4 
788 6 3 1 0 2 
789 1 6 0 7 2 4 
790 0 7 6 1 3 
791 2 6 7 1 
792 4 2 7 3 6 1 
793 0 2 3 1 
794 0 7 6 1 3 
795 6 1 7 0 
796 3 4 6 5 
797 6 2 4 5 3 0 
798 6 0 3 1 2 
799 3 4 6 5 
800 2 1 6 5 4 
801 4 7 0 6 3 1 2 5 
802 4 6 1 7 0 
803 2 4 6 5 
804 0 1 3 2 
805 1 0 6 4 2 
806 3 2 0 
807 1 5 7 4 
808 3 7 0 6 4 
809 1 7 6 2 5 
810 2 1 7 0 6 
811 7 6 0 1 2 4 
812 5 0 3 1 2 
813 6 2 3 4 0 5 
814 1 2 4 0 5 
815 5 6 3 7 0 2 
816 5 7 6 4 
817 0 4 6 7 5 
818 5 2 0 1 4 
819 6 7 1 4 5 
820 7 2 1 0 3 
821 3 6 4 7 0 
822 7 1 3 2 
823 7 2 6 1 
824 1 3 2 6 0 
825 3 6 2 7 4 
826 6 2 1 0 3 7 
827 1 7 6 4 
828 2 6 7 4 5 
829 7 0 6 
830 0 2 3 6 4 5 
831 0 1 2 
832 7 5 1 4 0 
833 5 6 0 1 3 2 
834 5 2 7 4 3 0 
835 2 1 0 3 7 
836 4 6 1 7 0 
837 4 6 0 5 1 
838 6 0 5 1 3 2 
839 5 6 3 7 0 2 
840 0 3 1 2 
841 3 6 2 7 4 
842 7 6 5 1 0 
843 7 2 3 6 4 0 5 
844 0 5 7 4 
845 6 3 7 2 4 0 
846 2 3 1 0 
847 3 1 7 0 6 
848 1 3 7 2 6 
849 7 5 1 4 0 
850 0 7 1 
851 7 6 5 1 0 
852 6 3 4 5 
853 1 2 3 6 4 0 5 
854 0 4 1 5 
855 2 3 7 6 
856 4 2 0 1 
857 0 6 1 3 2 
858 0 1 7 6 
859 6 3 7 2 4 0 
860 3 6 1 7 0 
861 6 7 4 2 5 
862 6 2 3 0 
863 3 6 0 1 7 2 4 
864 2 1 0 3 7 
865 4 2 3 5 
866 4 3 6 5 
867 2 6 1 4 0 5 
868 0 6 7 4 2 5 
869 1 6 7 0 
870 3 0 7 6 
871 5 0 4 1 7 
872 3 0 7 6 
873 1 2 6 7 
874 2 7 0 6 3 1 4 5 
875 6 0 4 1 7 5 
876 5 2 3 6 4 0 
877 6 1 7 0 
878 1 3 2 6 0 
879 5 1 0 7 6 
880 5 6 3 7 0 2 
881 0 7 6 1 3 
882 5 4 7 1 6 0 
883 5 1 6 2 4 
884 4 2 3 1 0 
885 3 1 2 0 
886 5 7 6 2 
887 4 2 3 0 
888 1 2 6 7 
889 3 2 6 7 1 
890 5 0 6 1 3 2 
891 1 6 0 5 4 
892 2 7 1 0 
893 4 1 2 0 
894 0 6 1 2 7 4 
895 3 2 1 6 0 
896 5 6 7 4 
897 4 0 6 1 3 2 
898 5 6 1 7 0 
899 2 1 0 
900 4 6 5 7 2 
901 4 6 7 5 
902 4 1 3 2 
903 5 2 3 6 4 0 
904 3 2 7 4 5 0 
905 2 1 0 3 7 
906 4 0 6 1 2 
907 4 6 0 1 7 2 
908 3 0 6 1 2 
909 6 7 1 3 0 
910 2 7 4 6 5 
911 2 3 7 4 6 0 
912 3 7 6 4 2 0 
913 4 7 6 2 0 
914 2 0 4 1 7 5 
915 4 6 5 7 2 
916 6 3 2 1 0 
917 3 2 6 4 0 5 
918 3 7 2 4 6 0 
919 2 0 6 1 3 
920 4 7 5 3 2 
921 3 6 1 2 4 0 5 
922 3 4 7 1 5 6 0 
923 5 2 3 0 
924 3 5 1 4 0 
925 4 1 0 7 6 
926 4 1 7 0 6 
927 3 1 2 0 
928 2 7 6 5 
929 4 6 0 5 1 
930 4 6 0 1 2 7 
931 3 6 7 0 2 5 
932 3 4 6 7 5 
933 1 6 0 2 7 4 
934 3 6 4 7 0 
935 4 2 1 0 3 7 
936 3 2 4 5 0 
937 3 2 7 6 
938 2 6 1 4 0 5 
939 5 2 4 0 1 
940 4 3 7 2 6 
941 4 6 3 7 0 2 5 
942 1 3 0 2 
943 4 2 3 5 
944 5 4 7 1 6 0 
945 1 3 0 2 
946 4 6 5 1 7 0 
947 5 6 0 1 7 2 4 
948 4 1 0 7 6 
949 3 4 1 0 5 
950 5 6 1 2 4 0 
951 4 5 7 6 
952 1 5 7 4 
953 2 3 5 4 
954 5 7 1 4 6 
955 1 2 6 7 
956 3 4 6 5 
957 4 6 5 
958 1 6 5 7 0 
959 2 7 6 4 0 
960 5 7 0 6 3 1 4 2 
961 4 3 7 2 6 0 
962 4 3 1 7 2 6 
963 1 6 0 2 7 4 
964 4 3 2 1 6 0 
965 4 6 0 5 1 
966 4 6 2 7 3 
967 4 7 0 6 3 1 2 5 
968 2 4 7 5 3 
969 3 7 0 6 4 
970 4 0 6 1 3 2 
971 4 6 7 5 
972 3 1 7 0 6 
973 6 3 1 2 0 
974 1 0 2 
975 1 4 7 5 3 2 
976 2 4 6 7 5 
977 4 7 0 6 3 1 2 5 
978 2 0 6 1 4 
979 4 3 7 2 6 0 
980 6 5 7 2 4 
981 3 1 2 0 
982 3 1 7 2 6 
983 1 0 4 7 5 
984 4 2 1 0 3 7 
985 3 0 1 2 
986 3 1 0 2 
987 5 4 6 
988 3 1 2 0 
989 4 5 1 0 
990 4 3 7 2 6 0 
991 3 1 2 
992 1 6 3 7 0 2 5 
993 4 2 7 3 6 1 
994 4 7 1 6 5 0 2 
995 2 4 0 1 5 
996 3 2 7 6 
997 1 4 6 7 5 
998 1 5 7 6 4 
999 4 3 6 5 
1000 1 2 3 0 
1001 1 0 4 7 5 
1002 2 7 1 0 
1003 5 3 7 2 6 
1004 4 1 6 2 5 
1005 4 1 2 0 
1006 1 2 6 7 
1007 4 5 7 
1008 5 3 1 7 2 6 
1009 1 6 0 5 4 
1010 4 6 1 2 0 5 
1011 5 3 1 0 2 
1012 4 6 0 1 2 7 
1013 0 1 7 6 
1014 5 6 0 1 3 2 
1015 4 6 0 1 2 7 
1016 1 4 6 5 
1017 3 7 6 1 0 
1018 5 6 1 2 4 0 
1019 1 7 4 6 5 
1020 2 3 1 0 
1021 4 1 6 2 5 
1022 1 2 7 3 6 
1023 4 7 6 2 5 
