0 0 6 2 1 3 5 
1 6 7 4 5 
2 7 3 0 1 5 2 
3 7 3 6 0 2 5 4 
4 0 7 3 2 5 
5 7 3 1 0 2 
6 3 1 0 2 7 
7 5 0 3 2 1 7 
8 2 6 7 5 4 3 
9 0 1 3 
10 6 7 2 
11 4 7 0 5 
12 5 7 6 2 3 
13 3 5 6 7 4 2 0 
14 3 6 5 7 4 0 
15 1 7 5 4 
16 6 7 5 2 3 
17 1 7 6 5 2 3 
18 2 7 0 5 1 4 6 
19 7 6 3 0 1 
20 2 6 0 1 5 3 4 
21 6 2 0 1 3 4 
22 3 7 6 2 
23 5 1 0 3 2 
24 1 5 7 6 4 
25 2 0 1 3 4 
26 5 7 6 4 
27 3 7 2 
28 2 6 3 
29 0 6 5 7 4 
30 1 7 0 4 5 
31 3 5 7 0 4 1 
32 0 6 7 4 5 
33 6 7 
34 7 3 0 1 5 2 
35 7 3 
36 0 3 7 
37 7 6 2 1 3 0 5 
38 3 0 2 7 
39 5 0 1 7 6 3 2 
40 2 6 7 5 0 
41 0 6 5 7 4 
42 6 5 2 1 0 4 
43 4 0 2 3 1 7 
44 5 1 0 3 2 
45 2 6 3 
46 3 5 6 1 4 
47 1 2 3 0 6 7 
48 6 5 7 4 
49 1 0 7 6 5 3 2 
50 2 3 0 1 6 7 
51 7 0 3 2 1 
52 2 7 3 0 5 
53 6 5 
54 3 2 5 7 4 
55 5 3 0 2 7 
56 1 6 7 5 0 
57 2 5 7 4 3 
58 5 1 7 0 2 3 
59 3 6 7 5 4 0 
60 2 7 1 0 3 
61 0 1 7 6 5 3 2 
62 1 6 7 0 
63 3 1 0 6 
64 0 3 1 5 
65 6 7 5 3 4 2 0 
66 7 3 6 0 2 5 4 
67 7 3 2 
68 0 6 7 5 
69 7 5 6 1 4 
70 3 6 7 5 4 
71 5 7 6 4 
72 2 3 0 1 6 7 
73 0 7 6 3 1 
74 6 7 4 5 1 0 
75 4 7 6 5 2 3 
76 5 3 0 1 2 7 
77 3 7 6 2 0 4 1 
78 3 6 7 4 5 
79 1 6 2 3 0 5 
80 6 2 5 7 4 3 
81 1 3 0 2 7 
82 2 6 7 
83 7 2 3 0 
84 2 3 0 7 
85 6 7 3 2 
86 3 7 
87 5 3 0 2 1 6 7 
88 1 6 5 7 
89 2 1 0 6 
91 3 7 
92 2 6 7 5 4 0 
93 0 7 6 5 2 3 
94 1 6 0 7 
95 3 2 0 7 
96 0 3 2 1 6 7 
97 6 2 3 0 1 7 
98 7 5 6 1 4 
99 7 0 5 1 4 6 
100 1 6 0 4 7 
101 7 1 0 2 3 
102 3 5 2 4 
103 5 7 6 4 
104 2 3 6 0 5 4 
105 0 6 7 5 4 
106 6 3 2 4 5 
107 4 7 6 5 1 0 
108 5 7 1 0 2 3 
109 3 1 0 6 7 
110 3 5 6 7 4 2 0 
111 1 0 6 3 7 2 
112 6 3 2 
113 1 6 0 4 7 
114 2 6 7 4 5 
115 6 7 3 2 0 5 
116 2 7 0 5 1 4 6 
117 6 2 3 0 7 
118 3 0 2 1 7 
119 5 7 2 3 
120 1 3 0 2 7 
121 2 3 0 1 6 7 
122 5 0 1 3 
123 3 7 6 4 5 
124 2 3 0 7 
125 0 1 7 6 5 3 2 
126 1 3 0 2 7 
127 3 2 0 1 4 
128 1 6 7 5 0 
129 6 3 0 2 7 
130 7 6 5 
131 7 3 0 2 
132 0 1 2 3 
133 7 6 5 4 0 
134 3 0 1 5 
135 5 3 0 2 7 
136 2 7 6 0 4 1 
137 1 3 7 
138 6 5 1 4 
139 4 5 2 3 
140 5 0 2 3 1 7 
141 3 2 0 1 4 
142 3 1 0 2 
143 1 7 2 3 
144 6 3 1 0 2 7 
145 1 7 6 2 
146 2 7 6 5 3 4 0 
147 7 2 5 4 3 
148 2 1 0 6 7 
149 6 3 0 2 1 7 
150 3 6 7 5 0 
151 5 7 0 4 1 3 
152 1 3 7 2 
153 2 0 3 1 7 
154 5 1 0 6 
155 3 0 2 1 7 
156 2 3 0 1 6 7 
157 0 7 6 5 3 4 2 
158 1 0 3 2 7 
159 3 5 2 4 
160 0 5 2 1 4 
161 6 0 1 7 
162 7 1 3 0 6 
163 7 3 0 1 5 2 
164 0 1 6 7 
165 6 7 4 5 
166 3 7 6 2 0 4 1 
167 5 1 7 0 2 3 
168 2 6 0 7 1 
169 0 7 6 5 2 3 
170 6 7 4 5 1 0 
171 4 0 3 1 2 6 
172 5 6 7 0 
173 3 6 0 1 7 
174 3 7 6 5 4 2 0 
175 1 0 2 3 
176 6 3 2 5 7 
177 1 7 0 4 5 
178 2 1 6 0 4 7 
179 7 5 2 1 0 4 
180 2 3 6 0 5 4 
181 6 7 3 2 0 5 
182 3 6 7 5 0 
183 5 6 7 4 
184 1 6 7 4 5 
185 2 3 0 7 
186 5 6 0 7 1 
187 3 2 4 5 
188 2 0 1 7 6 5 3 
189 0 1 3 
190 1 0 4 3 2 6 
191 2 6 5 7 
192 0 2 3 7 
193 6 2 0 1 3 4 
194 7 5 6 1 4 
195 6 7 5 4 
196 0 3 2 7 
197 7 3 2 4 5 
198 3 6 7 1 0 
199 5 6 0 1 7 
200 2 7 0 4 5 
201 0 1 6 4 7 
202 6 3 7 2 
203 4 0 3 1 2 6 
204 5 7 0 4 
205 3 6 7 5 4 0 
206 3 7 2 
207 1 6 2 3 0 5 
208 6 2 0 1 3 4 
209 1 0 7 6 5 3 2 
210 2 6 0 7 1 
211 7 6 4 5 1 0 
212 2 5 7 4 3 
213 6 7 5 4 0 
214 3 7 1 0 2 
215 5 6 2 1 3 0 
216 1 6 2 3 0 5 
217 2 3 0 1 6 7 
218 5 6 7 4 3 
219 3 7 6 5 2 
220 2 6 0 1 7 
221 0 6 2 1 3 5 
222 1 3 2 4 5 
223 0 7 4 5 
224 0 4 3 1 2 6 
225 6 7 0 4 5 
226 7 6 3 0 1 
227 7 5 6 4 2 0 
228 0 3 1 5 2 7 
229 7 3 0 2 1 6 
230 2 6 5 7 4 
231 5 6 2 1 3 0 
232 2 3 0 1 6 7 
233 0 6 7 4 5 
234 6 7 5 4 0 
235 4 0 3 2 1 7 
236 5 6 7 4 2 0 
237 3 0 2 7 
238 3 1 0 2 7 
239 1 6 7 5 0 
240 6 1 0 
241 1 7 0 2 3 
242 2 7 0 5 1 4 6 
243 7 6 
244 2 3 4 5 
245 6 7 5 0 
246 3 1 6 0 4 7 
247 5 7 6 2 3 
248 1 6 0 5 3 4 
249 2 3 0 7 
250 5 0 4 3 1 2 6 
251 3 0 1 
252 0 7 6 2 
253 0 6 2 1 3 5 
254 1 6 7 0 
255 3 6 5 7 4 
256 0 5 
257 6 0 1 5 3 4 
258 7 5 6 4 
259 7 5 2 1 0 4 
260 0 5 7 4 1 3 
261 7 3 
262 3 1 0 6 7 
264 1 6 2 3 0 5 
265 0 6 5 7 4 
266 6 1 0 2 3 
267 4 3 2 5 
268 5 3 2 4 
269 0 6 7 1 
270 3 1 6 0 4 7 
271 1 7 6 2 0 4 
272 6 0 3 1 5 
273 1 6 0 5 3 4 
274 2 6 5 7 
275 7 1 0 6 
276 2 1 0 6 7 
277 6 0 3 1 5 
278 3 2 0 1 4 
279 5 6 0 1 3 4 
280 1 0 3 2 7 
281 2 7 6 0 4 1 
282 5 0 1 3 
283 2 7 6 5 3 4 0 
284 2 6 3 
285 0 6 7 4 5 
286 1 7 5 4 
287 3 7 6 4 5 1 0 
288 0 7 4 5 
289 6 2 3 0 1 7 
290 7 1 0 2 3 
291 7 5 0 4 1 3 
292 0 3 2 5 7 
293 7 5 4 
294 3 1 0 6 
295 5 7 6 4 
296 2 5 
297 0 6 3 7 1 2 
298 7 1 0 6 
299 4 3 7 2 
300 5 0 3 1 
301 3 0 2 1 6 7 
302 2 6 1 3 0 5 
303 1 7 0 4 5 
304 6 7 5 4 
305 1 6 5 7 
306 2 7 3 
307 7 6 2 
308 2 3 0 6 1 7 
309 6 0 1 7 5 3 2 
310 3 1 0 2 
311 5 3 0 1 2 7 
312 1 6 0 7 
313 2 6 0 1 7 
314 5 1 3 0 6 7 
315 3 7 0 4 5 
316 2 5 6 1 4 
317 1 7 2 3 
318 1 0 3 2 5 
319 3 0 1 
320 0 7 6 5 3 4 2 
321 6 7 5 4 3 
322 7 6 3 0 1 
323 7 5 
324 0 3 6 2 5 4 
325 7 2 5 4 3 
326 3 5 
327 5 7 6 4 
328 2 0 3 1 7 
329 0 3 2 5 7 
330 6 0 1 5 3 4 
331 4 7 6 3 2 
332 4 2 3 0 6 1 7 
333 3 1 6 0 4 7 
334 3 6 5 7 4 0 
335 1 6 5 7 4 
336 6 0 7 1 
337 1 3 0 2 6 7 
338 2 5 6 7 4 0 
339 7 3 2 
340 0 7 6 5 2 3 
341 6 3 2 4 5 
342 2 7 0 5 1 4 6 
343 5 6 7 4 2 0 
344 1 0 6 
345 2 5 
346 5 1 7 0 2 3 
347 3 5 6 1 4 
348 2 5 
349 0 4 3 1 2 6 
350 1 0 6 
351 3 6 7 5 4 0 
352 0 3 1 5 2 7 
353 6 5 7 
354 7 1 0 2 3 
355 7 3 2 0 5 
356 0 6 7 4 5 
357 7 2 3 0 6 1 
358 1 7 3 2 0 5 
359 4 7 1 0 2 3 
360 2 6 0 7 1 
361 0 7 6 2 
362 6 7 4 5 
363 4 3 7 2 
364 5 6 0 1 7 
365 3 6 7 5 4 0 
366 0 7 6 3 2 
367 1 0 3 2 5 
368 6 0 7 1 
369 1 0 6 3 7 2 
370 1 2 0 3 4 
371 7 6 5 0 
372 2 3 6 0 5 4 
373 7 0 3 1 5 
374 1 3 7 2 
375 5 0 3 2 1 7 
376 1 6 5 7 4 0 
377 0 2 3 7 
378 5 7 6 3 0 1 
379 0 2 3 1 7 
380 2 7 5 4 
381 0 1 3 2 5 
382 1 7 6 4 5 
383 3 0 2 1 7 
384 0 2 1 3 4 
385 7 6 
386 6 5 2 4 3 
387 7 5 2 4 3 
388 0 7 5 1 4 6 
389 4 5 6 1 
390 3 6 0 2 5 4 
391 5 0 2 3 1 7 
392 2 6 0 7 1 
393 0 3 2 5 7 
394 6 5 7 4 2 0 
395 4 7 6 3 0 1 
396 5 1 7 0 2 3 
397 3 7 6 2 0 4 1 
398 3 5 
399 1 3 7 2 
400 6 0 3 1 5 
401 1 7 6 3 0 
402 2 6 7 1 0 
403 7 0 3 2 1 
404 2 5 7 4 3 
405 6 7 3 0 1 
406 3 7 6 5 2 
407 5 7 6 4 
408 1 5 6 4 
409 2 6 7 5 0 
410 5 7 1 0 2 3 
411 3 0 1 5 
412 2 1 6 0 4 7 
413 0 7 6 2 4 1 
414 1 7 0 2 3 
415 3 7 6 2 
416 0 6 7 1 
417 6 0 1 7 
418 7 1 3 0 6 
419 7 0 1 3 
420 0 2 5 7 4 3 
421 7 2 3 0 6 1 
422 3 7 0 4 5 
423 5 6 3 2 
424 2 0 4 3 1 6 
425 0 7 5 1 4 6 
426 6 2 3 0 1 7 
427 4 7 6 5 
428 5 7 0 1 4 6 
429 3 6 7 5 4 0 
430 3 2 0 6 1 7 
431 1 3 2 5 7 
432 6 5 7 0 4 1 3 
433 1 7 0 5 4 6 
434 2 7 3 
435 7 1 3 0 6 
436 2 3 6 0 5 4 
437 6 7 3 2 0 5 
438 3 0 1 7 6 5 2 
439 5 2 1 0 4 
440 1 3 6 0 2 5 4 
441 2 6 5 7 
442 5 7 0 4 1 3 
443 3 5 6 1 4 
444 2 3 0 7 
445 0 6 5 7 4 
446 1 6 2 3 0 5 
447 3 6 7 
448 0 7 6 5 3 4 2 
449 6 0 1 7 
450 7 0 4 5 
451 7 6 5 4 0 
452 0 7 6 3 1 
453 7 5 2 4 3 
454 3 7 5 4 
455 5 2 1 0 4 
456 2 5 4 3 
457 0 6 1 5 3 4 
458 6 5 1 4 
459 4 1 7 0 2 3 
460 5 3 0 2 7 
461 3 7 6 5 4 2 0 
462 3 1 0 2 
463 1 7 6 4 5 
464 6 7 4 5 1 0 
465 1 7 6 3 2 
466 2 0 1 3 
467 7 2 3 0 
468 2 3 4 5 
469 6 3 0 2 1 7 
470 3 7 2 0 5 
471 5 0 1 3 
472 1 7 0 5 4 6 
473 2 6 7 5 4 0 
474 5 6 7 
475 3 6 5 7 4 
476 2 5 7 6 4 
477 0 7 6 4 5 1 
478 1 3 2 5 7 
479 3 0 6 7 1 2 
480 0 1 6 4 7 
481 6 7 1 0 
482 7 6 4 5 
483 7 0 4 5 
484 0 1 7 2 3 
485 7 6 2 0 4 1 
486 3 6 7 1 0 
487 5 6 0 1 3 4 
488 2 0 4 3 1 6 
489 0 6 7 5 4 
490 6 1 0 
491 4 5 2 3 
492 5 6 0 1 7 
493 3 1 6 0 4 7 
494 3 6 7 5 4 0 
495 1 7 6 3 0 
496 6 0 1 7 
497 1 0 2 3 7 
498 2 3 0 1 5 7 
499 7 3 0 2 
500 2 3 0 6 1 7 
501 6 3 2 5 7 
502 3 2 5 7 4 
503 5 6 7 4 0 
504 1 7 6 3 2 
505 2 7 6 
506 5 0 3 1 
507 3 6 7 5 4 0 
508 2 0 6 3 7 1 
509 0 6 7 
510 1 0 7 6 5 3 2 
511 3 7 0 5 1 4 6 
512 0 6 7 
513 6 5 7 
514 7 1 0 3 2 5 
515 7 2 3 0 6 1 
516 0 7 6 5 2 3 
517 7 6 4 5 
518 3 7 6 2 0 4 1 
519 5 6 2 1 3 0 
520 2 7 6 3 
521 0 7 1 2 3 
522 6 7 5 4 
523 4 5 2 1 0 
524 5 6 3 2 
525 3 6 7 5 0 
526 3 1 0 2 
527 1 5 7 0 4 3 
528 6 0 1 5 3 4 
529 1 0 6 
530 2 3 0 7 
531 7 0 2 3 1 
532 2 7 6 4 5 
533 6 5 7 0 4 1 3 
534 3 7 0 5 1 4 6 
535 5 3 7 
536 1 6 0 7 
537 2 3 7 
538 5 7 6 2 3 
539 3 1 6 0 4 7 
540 2 6 0 1 7 
541 0 1 6 
542 1 7 6 4 5 0 
543 3 2 4 5 
544 0 2 3 1 7 
545 6 7 0 5 1 4 
546 7 6 1 0 
547 7 6 5 4 0 
548 0 3 1 2 7 
549 7 5 0 4 1 3 
550 3 6 7 5 0 
551 5 6 7 4 0 
552 2 7 6 5 3 4 0 
553 0 1 6 4 7 
554 6 7 5 3 4 2 0 
555 4 7 5 
556 5 6 7 
557 3 1 0 6 7 
558 3 2 5 7 4 
559 1 2 0 3 4 
560 6 3 2 
561 1 3 2 4 5 
562 2 7 6 3 
563 7 6 5 4 3 
564 2 0 3 1 7 
565 6 2 5 7 4 3 
566 3 0 1 5 
567 5 0 3 1 
568 1 7 2 3 
569 2 7 6 
570 5 2 0 1 3 4 
571 3 5 2 4 
572 2 1 7 0 3 
573 0 7 3 2 5 
574 1 7 0 2 3 
575 3 1 0 6 7 
576 0 6 3 2 
577 6 7 5 0 
578 7 1 0 2 3 
579 7 6 5 4 0 
580 0 6 5 7 4 
581 7 3 2 5 
582 3 6 7 1 0 
583 5 6 7 1 0 
584 2 3 7 
585 0 1 6 7 
586 6 5 
587 4 6 5 7 
588 5 7 3 2 0 
589 3 7 6 2 
590 3 1 0 2 7 
591 1 6 0 7 
592 6 5 2 1 0 4 
593 1 5 7 0 4 3 
594 2 1 0 6 7 
595 7 5 4 
596 2 3 5 7 
597 6 7 3 2 
598 3 2 5 7 4 
599 5 7 6 3 2 
600 1 0 3 
601 2 6 1 3 0 5 
602 5 7 6 4 
603 3 7 6 5 2 
604 2 6 7 1 0 
605 0 6 7 5 4 3 
606 1 7 0 5 4 6 
607 3 6 7 5 4 0 
608 0 1 3 6 7 
609 6 0 3 7 1 2 
610 7 5 6 1 4 
611 7 6 4 5 
612 0 1 7 2 3 
613 7 0 3 1 5 
614 3 7 1 0 2 
615 5 7 6 4 
616 2 5 4 3 
617 0 3 6 2 5 4 
618 6 7 5 3 4 2 0 
619 4 3 2 5 
620 5 6 3 2 
621 3 0 2 1 7 
622 3 1 6 0 4 7 
623 1 6 5 7 4 0 
624 6 1 3 0 7 
625 1 3 7 2 
626 2 0 6 3 7 1 
627 7 0 6 3 1 2 
628 2 3 1 0 7 
629 6 2 3 0 7 
630 3 1 0 2 7 
631 5 3 7 
632 1 6 7 5 4 3 
633 2 1 0 3 
634 5 1 7 0 2 3 
635 3 7 2 
636 2 1 0 3 5 
637 0 7 2 3 
638 1 0 3 5 
639 3 7 6 0 1 
640 0 3 1 2 7 
641 6 5 2 1 0 4 
642 7 6 3 2 
643 7 5 6 4 
644 0 7 4 5 
645 7 2 3 
646 3 0 2 7 
647 5 6 7 
648 2 3 7 
649 0 6 3 2 
650 6 0 4 3 1 2 
651 4 0 3 1 2 6 
652 5 7 6 2 0 4 1 
653 3 6 0 2 5 4 
654 3 0 2 7 
655 1 3 0 2 7 
656 6 7 5 4 
657 1 0 3 2 7 
658 2 3 0 7 
659 7 5 6 1 4 
660 2 1 0 3 5 
661 6 1 7 0 2 3 
662 3 7 6 0 1 
663 5 7 6 4 1 0 
664 1 3 0 6 7 
665 2 1 0 3 5 
666 5 3 7 
667 3 0 2 7 
668 2 0 1 3 4 
669 0 7 6 2 
670 1 6 3 2 
671 3 2 4 5 
672 0 5 2 1 4 
673 6 0 7 1 
674 7 1 3 0 6 
675 7 0 1 3 
676 0 5 7 6 4 
677 7 6 5 3 4 2 0 
678 3 6 7 5 4 0 
679 5 1 0 2 3 
680 2 6 7 1 0 
681 0 1 3 6 7 
682 6 7 5 4 
683 4 1 0 3 2 5 
684 5 7 3 2 0 
685 3 0 1 5 
686 3 0 4 1 2 6 
687 1 0 7 6 5 3 2 
688 6 0 1 3 
689 1 6 0 7 
690 2 7 5 4 
691 7 1 0 6 
692 2 3 1 0 7 
693 6 5 7 
694 3 6 7 5 4 0 
695 5 6 7 4 
696 1 2 3 0 7 
697 2 6 3 
698 5 7 6 3 4 2 0 
699 3 2 4 5 
700 2 6 7 5 4 3 
701 0 7 3 2 5 
702 1 0 3 2 5 
703 3 0 4 1 2 6 
704 0 3 6 2 5 4 
705 6 2 1 3 0 5 
706 7 2 3 0 6 1 
707 7 6 0 1 
708 0 5 2 1 4 
709 7 1 0 2 3 
710 3 6 5 7 
711 5 7 6 2 0 4 1 
712 2 1 0 3 
713 0 6 5 7 4 
714 6 3 2 5 7 
715 4 6 7 5 3 
716 5 1 0 6 
717 3 1 0 2 5 
718 3 5 
719 1 5 2 4 3 
720 6 0 3 1 5 
721 1 0 3 
722 2 5 6 7 4 0 
723 7 6 5 4 0 
724 2 5 1 0 4 
725 6 3 2 4 5 
726 3 6 0 1 5 4 
727 5 3 0 1 2 7 
728 1 6 0 4 7 
729 2 6 5 7 4 
730 5 6 7 4 
731 3 7 6 4 5 1 0 
732 2 3 0 7 
733 0 6 5 7 
734 1 7 6 4 5 
735 3 1 6 0 4 7 
736 0 1 6 7 
737 6 7 5 4 3 
738 7 0 3 2 1 
739 7 6 0 1 
740 0 6 7 5 4 3 
741 7 6 4 5 
742 3 6 7 5 4 
743 5 3 1 0 2 7 
744 2 1 0 6 7 
745 0 7 6 2 
746 6 1 7 0 2 3 
747 4 1 0 3 2 5 
748 5 6 0 1 3 4 
749 3 1 0 6 7 
750 2 0 1 7 6 5 3 
751 1 6 3 2 
752 6 5 7 0 4 1 3 
753 1 3 0 2 7 
754 2 5 6 7 4 0 
755 7 0 2 3 1 
756 2 3 0 7 
757 6 7 4 5 1 0 
758 2 0 3 1 7 
759 5 0 3 2 1 7 
760 1 6 0 7 
761 2 3 0 7 
762 5 6 0 1 3 4 
763 2 5 6 1 4 
764 2 5 6 7 4 0 
765 0 3 1 2 7 
766 1 0 3 
767 2 3 0 7 
768 0 7 6 2 
769 6 7 4 5 
770 7 6 5 4 3 
771 7 5 4 
772 0 2 3 7 
773 7 1 0 2 3 
774 2 6 5 7 4 0 
775 5 7 6 2 0 4 1 
776 2 0 6 3 7 1 
777 0 7 1 2 3 
778 6 7 5 0 
779 4 3 0 2 7 
780 5 7 6 3 0 1 
781 2 3 7 
782 0 1 3 6 7 
783 1 3 0 6 7 
784 6 3 7 
785 1 0 6 3 7 2 
786 1 5 6 7 4 2 0 
787 7 6 
788 1 0 2 3 
789 6 7 2 
790 1 0 2 3 7 
791 5 0 4 3 1 2 6 
792 1 6 7 
793 0 7 6 4 5 1 
794 5 1 0 6 
795 0 6 7 4 5 
796 0 2 3 7 
797 0 5 7 6 4 
798 1 3 2 5 7 
799 0 2 1 3 4 
800 0 6 7 
801 6 7 3 2 0 5 
802 7 6 3 2 
803 7 5 0 4 1 3 
804 0 7 6 5 3 4 2 
805 7 6 3 2 
806 0 7 2 3 
807 5 7 6 3 4 2 0 
808 1 7 2 3 
809 0 5 
810 6 1 0 4 7 
811 4 6 0 1 5 3 
812 5 7 1 0 2 3 
813 1 3 0 2 7 
814 1 6 5 7 4 0 
815 1 3 0 2 6 7 
816 6 5 7 4 
817 1 0 7 6 5 3 2 
818 1 0 2 3 7 
819 7 6 5 4 0 
820 0 3 7 2 
821 6 1 0 7 
822 1 7 6 4 5 0 
823 5 6 3 2 
824 1 3 0 2 6 7 
825 0 6 7 5 
826 5 7 0 4 
827 0 5 
828 0 7 6 5 2 3 
829 0 7 4 5 
830 1 6 5 7 4 
831 0 7 1 2 3 
832 0 7 1 2 3 
833 6 1 3 0 7 
834 7 3 2 5 
835 7 3 2 5 
836 0 5 2 4 3 
837 7 2 5 4 3 
838 1 2 5 7 4 3 
839 5 6 7 4 
840 1 0 7 6 5 3 2 
841 0 3 1 5 2 7 
842 6 7 3 2 
843 4 7 6 3 2 
844 5 3 0 2 7 
845 0 1 2 3 
846 0 6 7 1 
847 1 7 6 2 0 4 
848 6 1 0 3 2 5 
849 1 2 3 0 6 7 
850 1 6 7 5 4 0 
851 7 2 3 
852 0 5 7 4 1 3 
853 6 7 5 4 0 
854 1 7 6 3 2 
855 5 1 3 0 6 7 
856 1 0 3 
857 0 7 6 5 3 4 2 
858 5 2 4 3 
859 0 3 2 7 
860 0 5 6 7 4 2 
861 0 3 7 2 
862 1 7 6 4 5 
863 6 7 3 0 1 
864 6 2 3 0 7 
865 6 5 7 0 4 1 3 
866 7 6 1 0 
867 7 6 5 2 3 
868 4 5 7 6 
869 7 3 6 0 2 5 4 
870 5 6 7 4 0 
871 5 6 7 
872 7 3 2 0 5 
873 4 3 0 2 7 
874 6 5 7 4 2 0 
875 4 6 0 1 7 
876 5 3 0 1 2 7 
877 4 5 6 7 2 0 
878 4 7 2 3 
879 7 2 3 0 6 1 
880 6 0 3 1 5 
881 6 3 1 0 2 7 
882 7 6 4 5 
883 7 2 3 
884 4 6 7 5 0 
885 6 7 1 0 
886 4 3 7 
887 5 3 7 2 
888 4 6 0 7 1 
889 4 0 1 7 6 5 3 2 
890 5 3 6 0 2 4 
891 5 3 0 1 2 7 
892 4 1 0 6 7 
893 4 6 7 5 0 
894 4 7 6 2 
895 6 3 0 2 5 4 
896 6 3 7 2 
897 6 1 0 
898 7 6 
899 7 5 2 4 3 
900 4 2 3 0 7 
901 7 5 0 4 1 3 
902 5 0 2 3 1 7 
903 4 6 7 5 3 
904 7 6 0 1 
905 4 7 6 5 
906 6 3 7 
907 4 0 6 3 7 1 2 
908 4 7 6 3 0 1 
909 4 5 7 6 
910 4 3 6 0 2 5 
911 7 5 2 1 0 4 
912 4 2 3 0 6 1 7 
913 6 5 7 4 
914 7 6 3 2 
915 5 3 1 0 2 7 
916 4 6 7 
917 4 2 3 0 6 1 7 
918 4 2 0 1 3 
919 4 5 2 1 0 
920 4 5 2 1 0 
921 4 3 0 2 7 
922 4 7 6 5 
923 5 6 1 4 
924 4 6 7 5 3 
925 4 7 5 
926 4 7 6 2 0 1 
927 6 3 2 4 5 
928 6 7 2 0 4 1 
929 6 3 0 1 5 2 7 
930 7 2 3 
931 7 6 0 1 
932 4 6 7 5 0 
933 7 5 6 4 
934 4 7 5 
935 4 7 0 5 1 6 
936 7 1 0 6 
937 4 0 3 2 1 7 
938 5 3 0 2 7 
939 4 2 0 1 3 
940 4 6 5 7 
941 4 7 6 2 
942 4 6 0 1 5 3 
943 7 6 5 4 0 
944 4 3 0 1 5 2 7 
945 6 1 0 3 2 5 
946 7 2 3 
947 5 3 2 7 
948 4 6 7 5 
949 4 6 7 5 0 
950 4 2 0 1 3 
951 4 5 2 3 
952 4 6 5 7 
953 4 2 5 7 3 
954 4 5 2 3 
955 5 7 3 2 0 
956 4 3 2 5 7 
957 4 0 6 3 7 1 2 
958 4 6 7 
959 4 6 7 5 
960 4 1 0 6 
961 5 6 7 
962 4 5 6 1 
963 4 0 3 1 2 6 
964 4 6 5 7 0 
965 4 7 6 5 1 0 
966 4 0 2 3 1 7 
967 4 6 5 7 
968 5 3 2 7 
969 4 7 1 0 2 3 
970 5 6 2 1 3 0 
971 4 0 6 3 7 1 2 
972 4 7 6 5 1 0 
973 4 3 0 2 7 
974 4 5 
975 7 5 2 1 0 4 
976 4 7 6 3 2 
977 6 0 1 7 5 3 2 
978 6 1 0 2 3 
979 5 6 7 4 3 
980 4 2 5 7 3 
981 4 0 6 3 7 1 2 
982 4 3 0 1 5 2 7 
983 4 7 6 2 0 1 
984 4 1 0 2 3 
985 4 1 7 0 2 3 
986 4 6 5 7 
988 4 6 7 5 0 
989 4 1 3 0 6 7 
990 4 2 3 0 7 
991 4 6 0 1 5 3 
992 4 1 3 0 6 7 
993 5 6 7 4 2 0 
994 4 6 0 1 5 3 
995 4 3 0 2 1 6 7 
996 4 0 3 1 2 6 
997 4 6 5 7 
998 4 5 7 0 1 3 
999 4 7 6 5 1 0 
1000 5 0 1 3 
1001 4 5 6 7 2 0 
1002 5 3 0 2 7 
1003 4 7 3 2 0 5 
1004 4 3 7 
1005 4 7 1 0 2 3 
1006 4 0 2 3 1 7 
1007 7 6 5 4 0 
1008 4 6 5 7 0 
1009 6 7 3 2 
1010 7 0 6 3 1 2 
1011 5 0 4 3 1 2 6 
1012 4 6 7 5 0 
1013 4 3 0 1 5 2 7 
1014 4 7 6 5 2 3 
1015 4 5 7 6 
1016 4 6 7 1 0 
1017 4 1 0 3 2 5 
1018 4 0 1 7 6 5 3 2 
1019 5 0 6 3 7 1 2 
1020 4 1 3 0 6 7 
1021 4 6 5 7 
1022 4 7 6 3 0 1 
1023 4 7 0 5 1 6 
