0 4 7 6 3 
1 6 3 1 2 0 4 
2 1 4 2 3 
3 6 1 7 5 0 2 
4 0 2 3 6 
5 0 6 2 7 3 
6 7 1 6 0 4 3 
7 6 4 5 
8 6 2 1 4 3 
9 4 2 7 5 6 3 
10 0 1 7 5 6 2 
11 3 1 6 
12 7 3 6 5 
13 1 0 5 4 3 
14 4 1 7 6 5 0 
15 2 4 1 6 0 
16 4 6 2 7 1 3 
17 2 4 0 1 5 
18 2 4 6 7 
19 4 1 3 0 6 
20 1 4 7 6 5 0 
21 6 4 1 0 
22 3 7 2 6 4 
23 7 6 1 0 
24 1 4 6 0 
25 3 4 1 7 6 5 0 
26 2 6 5 1 7 3 
27 1 6 2 5 7 3 
28 0 1 
29 3 1 6 0 
30 5 4 0 1 
31 3 0 5 4 1 
32 6 4 1 5 
33 1 4 6 0 
34 7 4 1 5 
35 5 0 1 
36 6 3 1 2 5 
37 6 3 1 2 0 4 
38 1 4 0 5 
39 7 4 6 2 
40 7 0 5 1 
41 0 3 7 2 6 4 
42 3 1 7 5 6 0 2 
43 2 3 0 6 
44 3 1 0 2 7 6 
45 1 6 0 
46 1 0 2 3 
47 0 4 6 1 5 
48 4 1 5 2 0 
49 5 4 1 7 6 0 
50 0 7 6 
51 6 3 7 0 1 
52 7 2 0 5 4 1 
53 1 6 2 7 3 
54 4 0 5 3 7 1 6 
55 6 1 4 5 3 0 
56 1 4 5 
57 0 5 3 7 1 6 
58 5 6 2 7 1 3 
59 2 1 4 3 
60 5 1 3 6 
61 7 3 4 5 
62 2 1 3 0 6 
63 3 0 6 1 5 
64 4 0 7 6 1 
65 6 4 1 3 5 
66 1 6 7 0 
67 7 3 5 2 4 
68 0 4 1 2 3 5 
69 0 4 6 5 
70 7 0 2 1 3 
71 6 1 0 
72 6 4 5 7 0 
73 4 7 5 2 3 
74 1 4 6 3 5 
75 3 6 2 4 
76 7 3 4 5 
77 1 4 2 3 0 5 
78 4 3 6 5 2 
79 2 4 1 5 
80 4 2 1 3 
81 2 1 3 6 
82 3 0 5 2 
83 4 2 3 
84 1 6 2 5 7 3 
85 6 0 5 3 7 1 
86 3 5 1 6 4 
87 7 3 6 
88 1 5 6 4 3 
89 3 6 2 5 1 7 
90 2 0 5 4 1 
91 1 3 2 5 
92 0 6 1 5 
93 3 7 1 6 
94 5 7 6 
95 3 6 5 2 4 
96 6 7 3 
97 1 3 2 5 
98 7 2 3 4 
99 5 1 0 
100 6 2 7 3 
101 6 0 5 2 3 
102 0 7 6 3 
103 7 2 1 3 0 4 
104 7 0 2 1 3 
105 0 3 1 2 4 
106 3 1 7 6 
107 2 4 7 5 3 
108 3 0 2 1 
109 1 6 2 5 7 3 
110 1 0 6 5 
111 0 2 1 3 4 
112 4 7 3 6 
113 5 1 4 0 
114 0 2 3 4 
115 6 0 5 3 7 1 
116 7 3 5 6 4 1 
117 1 5 2 4 0 
118 4 3 5 6 1 
119 6 4 5 
120 1 0 5 4 3 
121 0 1 7 3 6 
122 5 4 7 2 3 
123 2 6 7 1 3 
124 5 4 1 2 3 0 
125 7 0 5 3 1 6 
126 3 2 0 6 
127 3 6 2 7 1 
128 4 7 3 6 
129 6 1 0 4 3 
130 1 3 4 5 
131 6 3 4 5 
132 0 1 
133 0 6 2 5 4 3 
134 7 3 4 1 5 
135 6 4 1 3 5 
136 6 3 4 5 
137 4 0 1 5 
138 1 2 3 0 4 
139 3 6 7 0 1 
140 7 6 4 5 2 3 
141 1 3 6 
142 4 6 7 2 
143 2 4 1 3 0 5 
144 4 3 1 2 0 
145 2 3 6 5 4 
146 2 5 1 6 4 3 
147 4 3 7 1 6 
148 1 2 7 5 6 3 
149 6 4 2 3 
150 3 6 2 4 
151 7 4 2 3 
152 1 0 2 3 
153 3 1 6 0 4 
154 2 0 5 4 1 
155 1 4 6 7 2 
156 0 5 4 1 
157 3 4 6 1 5 
158 5 3 6 2 4 
159 3 0 1 2 
160 6 7 3 
161 0 3 7 2 6 
162 7 3 6 5 
163 5 3 6 2 4 
164 7 3 5 6 4 1 
165 6 3 7 0 1 
166 1 3 0 6 
167 7 0 5 3 1 6 
168 7 6 2 4 3 
169 0 6 2 5 4 3 
170 3 6 7 0 1 
171 2 1 6 0 4 3 
172 3 2 0 5 4 1 
173 1 3 4 5 7 
174 1 3 6 5 
175 0 3 7 1 6 
176 4 3 1 2 0 
177 5 1 7 3 6 
178 0 4 1 5 
179 7 6 2 5 4 3 
180 7 1 4 5 3 0 
181 1 6 2 5 7 3 
182 4 1 5 0 
183 6 3 5 
184 1 4 7 5 2 3 
185 0 2 5 4 1 
186 5 6 2 1 7 3 
187 2 1 0 
188 5 6 2 7 3 
189 7 3 5 6 4 1 
190 3 1 0 
191 2 3 0 6 
192 4 0 2 1 3 
193 6 0 2 1 3 
194 1 6 0 4 3 
195 6 0 5 4 1 
196 2 4 1 6 0 
197 0 4 6 5 
198 7 3 1 0 2 6 
199 6 4 7 2 
200 6 3 1 0 2 7 
201 4 0 2 1 3 
202 1 6 2 4 3 
203 3 1 6 0 
204 7 1 5 4 0 
205 1 0 6 5 
206 4 2 0 5 1 
207 2 6 7 3 
208 4 0 6 1 5 
209 2 1 4 3 
210 2 1 0 
211 4 0 5 3 
212 1 6 0 4 3 
213 5 1 3 6 
214 3 2 1 0 4 
215 7 0 1 2 3 
216 0 7 4 6 1 
217 3 2 1 0 4 
218 1 0 
219 0 3 1 2 4 
220 0 3 1 2 7 6 
221 3 4 7 5 6 
222 5 1 3 6 
223 0 6 2 5 4 3 
224 6 0 5 2 3 
225 1 5 2 4 0 
226 7 3 1 6 
227 5 6 4 2 3 
228 6 4 3 7 1 
229 6 1 0 
230 1 3 2 5 
231 7 5 1 6 4 3 
232 4 3 5 2 
233 0 7 4 6 1 
234 3 5 0 4 6 1 
235 2 6 7 3 
236 3 6 5 
237 5 3 7 2 6 4 
238 1 0 5 
239 0 6 4 5 2 3 
240 4 3 0 7 2 6 
241 5 3 0 7 2 6 
242 0 4 2 3 
243 6 1 7 0 
244 7 0 5 4 3 
245 2 3 4 5 
246 4 6 1 5 
247 6 7 
248 1 4 5 
249 0 1 7 3 6 
250 5 0 4 6 1 
251 2 4 6 1 5 
252 4 7 5 6 3 
253 7 1 3 6 
254 3 0 5 4 1 
255 3 7 6 
256 4 6 7 2 
257 6 3 5 2 4 
258 1 5 0 4 6 
259 6 1 0 
260 0 6 2 4 3 
261 0 3 1 2 4 
262 7 6 2 5 4 3 
263 6 2 3 4 
264 7 1 5 6 0 2 
265 5 3 6 4 1 
266 1 4 3 7 6 
267 3 0 5 4 1 
268 7 3 1 2 0 4 
269 1 4 5 3 0 
270 4 0 1 2 3 
271 2 4 1 5 
272 4 3 6 5 
273 2 7 6 3 
274 2 6 4 5 3 
275 4 0 1 2 3 
276 1 5 4 0 
277 6 0 1 5 
278 3 2 1 4 
279 7 3 1 6 
280 1 2 3 4 
281 3 2 7 5 6 
282 2 3 6 5 4 
283 1 4 3 7 6 
284 0 6 1 7 
285 3 4 6 1 5 
286 5 4 0 1 
287 0 3 6 5 2 4 
288 6 0 5 4 3 
289 1 7 3 6 
290 7 5 0 4 6 1 
291 5 6 4 2 3 
292 6 1 3 0 
293 4 7 6 
294 1 4 6 5 
295 7 2 0 5 4 1 
296 7 1 5 2 4 0 
297 2 4 0 1 5 
298 3 1 5 2 4 0 
299 2 6 7 3 
300 3 7 6 
301 1 3 0 2 7 6 
302 1 4 5 
303 0 3 5 6 4 1 
304 4 3 1 2 5 
305 5 7 6 
306 0 4 6 1 3 5 
307 6 2 3 0 
308 7 5 1 6 4 3 
309 0 4 6 1 3 5 
310 4 3 0 7 2 6 
311 6 3 4 1 5 7 
312 1 3 6 7 0 
313 0 5 3 7 1 6 
314 5 6 2 1 7 3 
315 2 4 6 1 3 5 
316 5 3 1 0 2 7 6 
317 7 4 1 6 5 0 
318 3 1 2 0 4 
319 3 4 1 5 7 
320 4 1 5 3 0 
321 6 4 1 5 
322 1 4 2 3 0 5 
323 5 4 0 1 
324 0 7 6 
325 0 3 6 7 1 
326 7 6 2 3 
327 6 0 5 1 
328 6 3 5 2 4 
329 4 1 5 3 0 
330 1 5 2 4 0 
331 2 4 0 1 5 
332 7 6 1 0 
333 1 0 7 4 6 
334 4 2 1 3 0 
335 2 1 4 3 
336 4 3 7 2 6 
337 2 4 1 6 0 
338 2 0 5 4 3 
339 4 5 1 6 3 
340 1 4 6 5 
341 6 3 5 2 4 
342 3 1 6 0 
343 6 4 7 5 2 3 
344 0 1 3 6 
345 2 6 4 3 
346 1 3 0 2 7 6 
347 1 7 6 3 
348 0 1 6 4 3 
349 3 6 5 2 4 
350 5 7 6 3 
351 0 1 5 4 
352 7 3 1 0 2 6 
353 1 4 7 5 2 3 
354 7 6 3 
355 5 4 7 6 3 
356 6 4 1 2 3 0 5 
357 7 0 5 4 3 
358 1 0 5 2 3 
359 7 0 5 1 
360 7 5 1 6 4 3 
361 0 3 5 6 4 1 
362 3 5 6 4 1 
363 2 1 7 5 6 0 
364 3 4 7 6 1 
365 0 4 1 7 6 5 
366 1 3 4 5 7 
367 0 4 1 2 3 5 
368 4 6 2 7 1 3 
369 5 6 2 7 1 3 
370 0 6 2 4 3 
371 6 1 0 
372 7 6 2 4 3 
373 1 2 0 5 4 
374 4 6 2 5 3 
375 6 2 7 5 3 
376 1 3 6 
377 0 2 3 4 
378 5 3 1 2 
379 2 4 1 5 
380 5 3 7 1 6 
381 7 6 4 5 2 3 
382 3 6 1 7 0 
383 3 6 4 5 7 0 
384 4 3 7 1 6 
385 6 0 1 5 
386 1 6 2 5 4 3 
387 6 1 5 2 4 0 
388 0 4 3 7 6 1 
389 0 4 1 5 
390 7 2 3 4 
391 6 3 5 4 1 
392 6 1 7 5 0 2 
393 4 7 6 
394 1 3 5 2 4 
395 3 2 1 4 
396 7 1 6 0 4 3 
397 1 3 0 7 2 6 
398 4 1 2 3 0 5 
399 2 7 5 6 3 
400 4 6 1 5 
401 2 3 1 5 
402 3 1 6 
403 4 1 3 0 6 
404 1 0 5 2 3 
405 6 4 7 5 2 3 
406 3 4 1 5 7 
407 7 4 3 6 1 
408 1 3 4 5 
409 3 0 5 2 
410 2 4 1 5 
411 1 3 4 5 
412 0 2 5 4 1 
413 3 1 0 
414 5 4 2 3 
415 3 6 5 
416 6 1 5 2 4 0 
417 1 6 2 7 3 
418 7 0 2 1 3 
419 5 6 2 4 3 
420 6 1 5 2 4 0 
421 6 2 1 3 0 4 
422 1 5 0 4 6 
423 7 3 1 2 0 4 
424 7 6 2 5 4 3 
425 0 6 1 5 
426 3 0 7 2 6 
427 2 3 4 5 
428 3 1 7 6 
429 1 3 6 
430 1 4 6 0 
431 0 7 6 
432 4 7 5 6 3 
433 5 4 0 1 
434 0 1 5 2 4 
435 6 1 7 0 
436 7 0 5 1 
437 1 6 4 5 2 3 
438 4 1 7 5 6 0 2 
439 6 0 2 1 3 
440 1 3 7 2 6 4 
441 0 4 6 1 5 
442 5 3 6 2 4 
443 2 1 4 3 
444 5 3 1 2 
445 7 0 5 4 3 
446 3 2 0 6 
447 3 6 2 7 1 
448 4 6 2 3 
449 6 0 5 3 7 1 
450 1 6 2 7 3 
451 6 1 5 2 4 0 
452 0 4 1 7 6 5 
453 0 5 4 6 1 
454 7 3 5 2 4 
455 7 5 1 6 4 3 
456 6 7 3 
457 4 6 2 3 
458 1 0 5 4 
459 3 0 7 4 6 1 
460 7 6 
461 1 3 4 5 
462 4 6 1 7 0 
463 2 0 5 1 
464 4 1 3 6 
465 2 4 7 5 6 3 
466 2 0 5 4 1 
467 4 3 7 6 1 
468 1 3 7 2 6 4 
469 6 5 0 4 1 
470 3 0 7 2 6 
471 7 3 1 6 
472 1 4 6 0 
473 3 7 6 
474 2 4 3 
475 1 3 0 6 
476 0 6 1 7 
477 3 2 1 4 
478 5 1 3 6 
479 3 1 2 0 4 
480 6 3 0 7 2 
481 1 0 6 5 
482 7 2 5 6 3 
483 5 4 2 3 
484 6 4 7 2 
485 6 2 7 5 3 
486 1 2 3 0 4 
487 7 4 6 1 3 5 
488 7 6 2 4 3 
489 0 1 6 4 3 
490 3 1 6 0 4 
491 2 4 1 6 0 
492 3 0 5 4 
493 1 4 5 
494 1 2 0 5 4 
495 0 4 6 5 
496 4 1 3 0 6 
497 5 0 4 3 
498 0 5 4 1 
499 6 2 3 0 
500 7 5 1 6 4 3 
501 1 2 4 3 
502 4 3 1 2 0 
503 6 4 0 1 5 
504 1 2 3 0 4 
505 0 7 4 6 1 
506 5 6 2 7 1 3 
507 2 4 3 7 6 1 
508 5 0 7 4 6 1 
509 7 0 5 2 3 
510 3 6 7 0 1 
511 3 5 2 4 
512 4 2 3 
513 6 4 5 2 3 
514 1 7 3 6 
515 6 7 3 
516 0 5 1 6 4 3 
517 0 1 7 3 6 
518 7 3 6 5 2 4 
519 6 3 5 2 4 
520 6 1 7 5 0 2 
521 4 6 2 3 
522 1 4 7 6 5 0 
523 3 6 4 5 7 0 
524 7 2 1 4 3 
525 1 4 7 5 6 3 
526 4 1 5 0 
527 2 7 5 6 3 
528 4 3 0 7 2 6 
529 2 1 5 4 0 
530 2 0 5 4 1 
531 4 1 6 0 
532 1 3 5 6 4 
533 6 3 5 4 1 
534 3 7 1 6 
535 7 3 6 0 1 
536 1 4 6 7 2 
537 3 6 4 5 7 0 
538 2 6 5 1 7 3 
539 1 4 7 5 6 3 
540 0 5 4 6 1 
541 3 1 2 5 
542 5 4 6 7 2 
543 3 1 6 0 4 
544 6 1 4 5 3 0 
545 1 3 2 5 
546 7 1 0 
547 5 2 3 4 
548 6 4 5 
549 6 4 1 5 
550 1 3 0 7 2 6 
551 7 6 1 0 
552 7 4 6 2 
553 0 3 4 5 
554 3 2 0 6 
555 2 6 4 3 
556 3 4 2 
557 1 6 4 5 2 3 
558 1 0 6 5 
559 0 4 3 7 6 1 
560 4 3 7 1 6 
561 5 4 1 7 6 0 
562 0 6 4 5 7 
563 6 4 5 7 0 
564 7 6 1 0 
565 1 4 6 7 2 
566 4 2 0 5 1 
567 6 1 3 0 
568 1 0 6 5 
569 2 3 5 4 
570 5 4 7 2 3 
571 2 6 5 4 3 
572 5 3 4 
573 7 4 6 5 
574 3 4 1 5 7 
575 3 2 0 6 
576 4 2 3 
577 6 3 5 2 4 
578 1 2 3 0 4 
579 6 7 3 
580 0 5 4 1 
581 0 2 1 3 
582 7 3 6 0 1 
583 6 4 2 3 
584 6 2 7 1 3 
585 4 3 5 
586 1 2 0 5 4 
587 3 1 5 4 0 
588 7 1 6 0 4 3 
589 1 7 3 6 
590 4 7 5 2 3 
591 2 4 1 3 0 5 
592 4 3 5 2 
593 2 7 5 6 3 
594 2 5 0 4 6 1 
595 4 7 5 2 3 
596 1 3 5 2 4 
597 6 3 5 4 1 
598 3 1 0 2 7 6 
599 7 3 6 0 1 
600 1 4 6 5 
601 3 7 2 6 4 
602 2 7 3 6 
603 1 5 0 4 6 
604 0 6 4 5 2 3 
605 3 2 7 5 6 
606 5 3 1 0 2 7 6 
607 3 6 5 
608 6 3 0 7 2 
609 1 4 0 5 
610 7 2 0 5 4 1 
611 5 6 4 2 3 
612 6 5 1 4 3 
613 6 2 3 0 
614 1 4 5 3 0 
615 7 6 4 5 0 
616 7 6 
617 0 1 5 4 
618 3 0 5 4 1 
619 2 0 7 4 6 1 
620 3 4 7 5 2 
621 1 0 5 2 3 
622 3 4 1 5 7 
623 3 4 6 1 5 
624 4 1 5 
625 5 7 6 
626 2 3 0 6 
627 6 1 7 5 0 2 
628 7 3 6 5 2 4 
629 2 4 7 5 6 3 
630 4 1 6 0 
631 6 1 5 4 0 
632 1 2 0 5 4 
633 3 5 1 6 4 
634 5 0 3 7 1 6 
635 2 4 6 5 
636 5 4 7 2 3 
637 7 0 2 1 3 
638 3 4 0 1 5 
639 3 2 4 
640 4 6 5 
641 6 4 1 3 5 
642 1 3 4 5 7 
643 6 3 7 2 4 
644 0 1 3 6 
645 0 3 5 2 4 
646 7 5 0 4 6 1 
647 6 4 7 2 
648 6 5 0 4 1 
649 4 1 7 3 6 
650 1 3 7 2 6 4 
651 3 7 1 6 
652 7 1 3 0 6 
653 1 4 7 5 6 3 
654 4 0 1 2 3 
655 2 1 7 3 6 
656 4 0 1 5 
657 2 4 3 7 6 1 
658 2 3 1 5 
659 4 6 1 3 5 
660 1 6 2 5 7 3 
661 6 2 3 4 
662 3 5 6 4 1 
663 7 4 1 6 0 
664 1 4 7 5 6 3 
665 3 4 6 1 5 
666 2 1 7 5 6 0 
667 1 2 4 3 
668 0 6 2 7 1 3 
669 3 6 4 5 7 0 
670 5 4 6 
671 3 1 7 5 6 0 2 
672 6 3 5 
673 1 3 5 6 4 
674 7 3 2 6 4 
675 5 0 1 2 3 
676 6 7 3 
677 6 3 1 0 2 7 
678 1 0 7 4 6 
679 7 3 4 1 5 
680 7 4 5 2 3 
681 0 7 6 
682 3 4 1 5 
683 2 6 7 3 
684 3 6 5 2 4 
685 1 0 2 3 
686 1 4 5 3 0 
687 0 3 1 2 4 
688 4 2 1 3 
689 5 2 3 4 
690 0 4 1 2 3 5 
691 6 4 7 5 3 
692 7 0 6 1 5 
693 1 4 6 7 2 
694 4 2 1 3 0 
695 6 2 3 4 
696 1 4 6 5 
697 0 2 3 6 
698 5 2 3 0 6 
699 3 4 1 7 6 5 0 
700 5 4 6 1 3 
701 7 6 2 5 1 3 
702 3 2 0 6 
703 3 1 6 0 
704 4 1 7 3 6 
705 6 0 5 4 1 
706 1 3 4 5 7 
707 6 1 0 4 3 
708 0 4 7 5 6 3 
709 0 1 4 5 3 
710 7 0 1 2 3 
711 6 3 1 2 0 4 
712 6 4 7 5 3 
713 4 3 1 5 7 
714 1 0 5 2 3 
715 3 4 1 6 0 
716 7 6 2 5 4 3 
717 1 0 6 5 
718 4 0 5 3 7 1 6 
719 2 4 6 1 5 
720 4 1 3 0 6 
721 2 7 5 6 3 
722 2 1 7 3 6 
723 4 6 2 5 3 
724 0 6 2 7 3 
725 6 2 0 5 4 1 
726 3 1 5 2 4 0 
727 7 1 3 0 6 
728 0 2 1 3 4 
729 3 4 5 
730 2 6 7 3 
731 0 6 2 7 1 3 
732 0 1 7 5 6 2 
733 3 0 6 1 5 
734 5 0 2 1 3 
735 2 3 7 6 4 
736 6 4 5 
737 0 3 6 7 1 
738 7 0 5 1 
739 5 1 7 3 6 
740 6 4 2 3 
741 6 0 1 2 3 
742 0 7 4 6 1 
743 7 3 1 0 2 6 
744 7 3 1 2 5 
745 0 5 2 3 
746 3 6 2 5 4 
747 2 0 5 1 
748 3 2 1 4 
749 0 5 1 
750 0 1 6 
751 0 4 1 5 
752 4 1 7 3 6 
753 5 4 1 6 0 
754 0 3 1 2 7 6 
755 6 5 1 4 3 
756 7 3 5 2 4 
757 0 1 
758 4 0 2 1 3 
759 6 2 3 4 
760 0 2 1 3 4 
761 0 4 1 7 6 5 
762 5 1 2 4 0 
763 2 0 5 4 3 
764 5 0 7 4 6 1 
765 7 0 5 1 
766 3 5 0 4 6 1 
767 3 0 5 2 
768 4 1 7 3 6 
769 6 2 1 4 3 
770 1 6 7 0 
771 6 4 5 
772 0 2 3 6 
773 0 5 3 7 1 6 
774 7 1 5 2 4 0 
775 6 4 1 5 
776 6 4 1 5 
777 4 0 2 1 3 
778 0 4 1 2 3 5 
779 3 6 7 0 1 
780 7 2 5 6 3 
781 0 4 3 7 6 1 
782 4 2 1 3 0 
783 2 6 4 5 3 
784 4 2 3 0 6 
785 2 1 5 4 0 
786 2 6 4 5 3 
787 4 0 5 3 
788 0 1 7 5 6 2 
789 6 3 5 
790 3 6 2 7 
791 7 3 6 0 1 
792 0 1 6 
793 3 7 6 
794 2 7 3 6 
795 0 2 3 4 
796 0 2 1 3 
797 3 6 5 
798 5 4 1 2 3 0 
799 3 6 4 5 7 0 
800 6 1 7 5 0 2 
801 0 5 2 3 
802 7 6 2 4 3 
803 5 6 2 7 1 3 
804 6 1 3 0 
805 6 3 7 1 
806 0 1 3 6 
807 7 4 6 5 
808 7 6 2 3 
809 0 4 7 5 6 3 
810 3 7 6 
811 2 3 6 5 
812 3 4 1 7 6 5 0 
813 0 7 6 
814 0 3 7 1 6 
815 0 4 3 7 6 1 
816 4 3 1 0 2 7 6 
817 5 2 7 6 3 
818 0 6 2 5 4 3 
819 6 4 1 7 5 0 
820 7 1 5 2 4 0 
821 0 3 5 6 4 1 
822 4 0 7 6 1 
823 6 7 3 
824 0 6 2 5 1 7 3 
825 0 4 6 1 5 
826 5 0 7 4 6 1 
827 2 1 6 0 
828 5 3 0 7 2 6 
829 7 6 1 0 
830 3 4 2 
831 3 7 6 
832 4 0 7 6 1 
833 6 0 5 3 7 1 
834 1 0 5 
835 6 4 1 3 5 
836 0 1 3 6 
837 0 2 7 5 6 3 
838 7 6 2 3 
839 6 3 7 1 
840 6 0 2 1 3 
841 4 2 3 
842 0 3 6 5 
843 2 0 5 3 
844 7 0 5 4 1 
845 0 2 1 3 4 
846 4 1 7 3 6 
847 2 0 5 4 3 
848 4 1 6 0 3 
849 2 1 6 0 
850 2 0 5 4 3 
851 4 3 5 2 
852 0 5 3 7 1 6 
853 6 4 1 2 3 0 5 
854 2 3 7 6 4 
855 7 3 1 2 5 
856 2 3 5 4 
857 3 4 6 1 5 
858 2 0 1 3 
859 0 3 7 1 6 
860 3 1 2 5 
861 3 4 7 6 1 
862 5 2 3 4 
863 3 0 5 7 1 6 
864 7 4 1 6 5 0 
865 2 6 1 7 0 
866 7 0 6 1 5 
867 5 6 4 7 0 
868 7 1 6 0 4 3 
869 7 1 4 5 3 0 
870 2 4 3 7 6 1 
871 7 3 5 2 4 
872 7 6 2 1 3 
873 2 0 5 1 
874 3 4 7 6 1 
875 2 3 4 
876 3 7 6 
877 2 4 1 3 0 5 
878 3 7 6 
879 3 1 0 2 7 6 
880 4 1 5 3 0 
881 5 4 6 7 2 
882 2 1 5 4 0 
883 7 1 3 6 
884 7 4 1 5 
885 2 0 5 3 
886 4 2 0 5 1 
887 6 3 7 2 4 
888 0 4 2 3 
889 3 1 4 5 0 
890 5 6 2 7 1 3 
891 2 1 6 0 
892 5 7 3 6 
893 7 4 1 6 0 
894 2 3 1 5 
895 2 3 7 6 4 
896 4 3 1 2 0 
897 6 1 3 
898 1 6 0 
899 7 4 0 1 5 
900 2 3 6 5 
901 0 4 1 2 3 5 
902 7 3 4 5 
903 7 0 4 6 1 
904 7 1 4 5 3 0 
905 4 1 5 0 
906 5 0 4 6 1 
907 2 1 5 4 0 
908 4 6 1 7 0 
909 5 3 4 1 7 
910 4 7 5 6 3 
911 2 3 7 6 4 
912 4 1 6 0 
913 2 3 0 7 6 
914 5 3 4 1 7 
915 4 7 6 3 
916 0 1 4 5 3 
917 7 4 5 6 3 
918 2 0 1 3 
919 4 5 1 6 3 
920 2 3 6 5 
921 4 1 5 
922 5 4 1 
923 0 6 2 7 3 
924 3 5 0 4 6 1 
925 2 1 3 0 4 
926 5 7 6 
927 2 1 5 4 0 
928 7 3 0 2 6 
929 2 1 7 5 6 0 
930 5 7 6 3 
931 5 4 1 7 6 0 
932 5 6 4 7 0 
933 7 0 4 6 1 
934 2 0 5 1 
935 5 6 4 7 0 
936 4 3 0 7 2 6 
937 0 3 6 5 
938 3 4 7 5 2 
939 2 6 4 5 7 0 
940 2 0 5 3 
941 2 6 4 5 7 0 
942 2 3 1 0 4 
943 2 7 3 6 
944 5 1 3 0 6 
945 5 3 6 2 4 
946 2 1 6 0 4 3 
947 4 3 1 2 5 
948 4 0 2 1 3 
949 5 6 1 7 0 
950 5 4 2 3 
951 5 4 6 1 3 
952 5 4 1 7 6 0 
953 5 0 4 1 
954 5 6 4 2 3 
955 5 2 7 6 3 
956 5 6 2 7 3 
957 5 0 2 3 
958 4 7 6 
959 5 1 0 
960 4 0 5 1 
961 5 0 1 
962 5 2 0 4 1 
963 5 1 6 0 
964 4 7 5 2 3 
965 5 3 1 0 2 7 6 
966 4 1 6 0 
967 5 0 1 2 3 
968 5 3 7 1 6 
969 4 6 1 5 
970 5 3 0 7 2 6 
971 5 4 6 
972 4 6 2 5 1 7 3 
973 5 0 6 1 
974 4 1 6 0 
975 5 6 4 7 0 
976 4 5 1 6 3 
977 5 4 6 1 3 
978 5 0 3 7 1 6 
979 5 1 7 6 0 2 
980 0 6 2 5 4 3 
981 5 1 0 
982 4 3 6 7 0 1 
983 4 6 2 3 
984 5 0 3 7 1 6 
985 4 6 2 3 
986 5 6 4 2 3 
987 5 3 6 4 1 
988 3 6 4 5 2 
989 2 1 0 
990 5 3 6 2 4 
991 2 3 6 7 0 1 
992 4 3 1 5 7 
993 2 3 7 6 4 
994 5 1 4 0 
995 5 2 7 6 3 
996 5 7 6 3 
997 4 0 5 3 
998 2 4 7 5 3 
999 5 3 4 1 7 
1000 4 1 3 6 
1001 2 3 6 7 0 1 
1002 3 6 2 5 1 7 
1003 2 6 5 4 3 
1004 2 4 3 7 6 1 
1005 2 6 5 1 7 3 
1006 2 6 5 1 7 3 
1007 2 5 0 4 6 1 
1008 5 1 0 
1009 5 2 1 4 3 
1010 2 4 6 7 
1011 4 0 1 2 3 
1012 4 1 3 6 
1013 5 0 1 
1014 5 4 6 7 2 
1015 5 0 1 2 3 
1016 5 0 4 3 
1017 5 6 4 7 0 
1018 5 1 4 3 0 
1019 5 3 4 
1020 5 1 4 3 0 
1021 5 4 1 2 3 0 
1022 4 5 1 6 3 
1023 5 1 4 0 
