0 6 1 5 0 7 
1 2 4 0 5 1 7 
2 0 6 5 4 7 
3 7 2 0 3 
4 4 0 5 7 1 
5 0 6 5 4 7 
6 1 2 0 3 
7 2 1 6 3 7 
8 0 3 
9 2 6 5 4 7 
10 5 4 6 7 
11 6 5 4 7 
12 3 5 4 1 7 0 
13 6 7 3 
14 4 5 2 3 6 
15 7 2 6 3 
16 7 5 0 3 
17 2 5 1 4 0 6 
18 5 1 4 2 7 
19 4 5 1 0 6 
20 2 5 6 4 7 3 
21 3 5 2 1 4 7 
22 6 3 1 
23 7 4 5 0 1 
24 6 7 
25 7 5 4 2 1 3 
26 7 2 1 3 
27 4 1 2 0 
28 6 0 5 2 7 3 
29 6 1 0 3 
30 7 5 4 6 
31 7 4 
32 7 4 6 5 
33 5 2 4 3 6 
34 3 1 6 0 
35 0 1 6 7 
36 6 2 1 3 7 
37 0 1 2 
38 7 5 4 2 1 
39 3 4 5 6 7 
40 7 5 4 2 1 3 
41 7 6 4 5 
42 2 5 4 1 7 0 
43 7 6 3 
44 3 5 4 1 7 0 
45 3 4 5 6 0 7 
46 5 0 2 1 3 
47 5 4 6 7 
48 7 6 3 
49 7 2 1 6 3 
50 6 4 5 7 
51 2 4 5 0 7 1 
52 3 5 4 6 7 
53 6 4 5 0 7 1 
54 1 0 6 7 
55 1 6 0 7 
56 0 5 1 7 
57 5 1 3 2 
58 1 0 4 5 7 
59 5 6 7 3 
60 5 0 7 3 
61 1 4 5 6 7 
62 0 1 3 2 
63 2 5 4 0 6 1 
64 6 5 4 1 7 0 
65 2 1 0 3 
66 0 4 5 6 7 
67 7 2 0 3 
68 4 2 6 3 7 
69 0 2 4 5 3 7 
70 1 5 0 7 3 
71 2 5 4 0 6 1 
72 0 6 7 3 
73 2 6 3 7 
74 5 6 7 3 
75 6 5 4 7 
76 3 4 5 6 7 
77 6 5 4 7 
78 4 6 7 3 
79 7 4 6 5 
80 7 0 6 1 
81 2 5 4 1 7 0 
82 7 2 0 3 
83 4 6 5 7 
84 2 1 0 3 
85 3 5 1 4 7 0 
86 6 7 3 
87 6 1 0 7 
88 6 1 3 0 
89 6 1 0 
90 7 5 1 4 0 6 
91 4 5 1 0 6 
92 6 7 3 
93 6 1 4 0 
94 7 5 4 0 6 1 
95 7 1 0 3 
96 7 5 1 4 2 
97 5 1 0 3 
98 3 5 4 2 1 7 
99 0 2 1 3 
100 6 4 5 0 7 
101 3 5 2 1 4 7 
102 7 6 4 5 
103 3 5 4 2 1 7 
104 7 6 5 4 
105 7 4 5 6 
106 3 5 4 1 7 0 
107 7 6 5 4 
108 3 6 5 4 7 
109 3 0 4 2 6 1 
110 4 6 7 3 
111 5 4 3 6 
112 7 4 5 6 
113 7 5 4 6 
114 5 1 4 0 6 
115 2 5 1 4 0 6 
116 3 4 5 6 7 
117 6 1 2 0 
118 1 6 4 5 7 
119 1 3 2 
120 0 5 7 3 
121 6 1 2 0 
122 1 5 2 4 7 
123 5 1 6 0 
124 5 1 3 0 
125 1 4 6 5 7 
126 0 5 1 4 6 
127 1 5 4 6 0 
128 6 4 5 0 7 1 
129 6 4 0 5 1 7 
130 0 2 1 3 
131 5 3 1 
132 4 5 2 3 6 
133 0 3 1 
134 1 5 4 0 6 
135 2 6 5 4 7 
136 0 6 5 4 7 
137 3 1 0 
138 4 2 1 6 3 7 
139 6 5 2 1 7 3 
140 3 1 0 
141 7 2 1 6 3 
142 4 5 0 7 1 
143 7 5 2 4 1 
144 6 5 1 4 0 
145 2 5 4 1 7 0 
146 7 5 1 4 0 
147 4 7 
148 2 1 0 3 
149 3 4 5 6 7 
150 2 4 5 3 6 
151 7 5 1 4 2 
152 6 5 0 7 3 
153 7 5 1 4 2 
154 6 1 0 3 
155 4 2 1 0 
156 6 4 5 3 
157 6 5 0 7 3 
158 7 5 1 
159 7 4 5 6 
160 7 4 5 6 0 
161 5 1 4 2 7 
162 3 1 4 6 0 
163 2 5 1 4 3 7 
164 6 5 4 2 7 3 
165 0 4 5 6 7 
166 7 6 
167 3 4 5 6 7 
168 5 4 0 7 1 
169 6 0 3 
170 2 4 5 6 0 7 
171 7 0 3 
172 3 1 4 6 0 
173 0 5 1 7 
174 4 1 0 3 
175 5 1 7 2 
176 7 1 2 0 
177 7 1 4 6 0 
178 6 5 4 2 7 3 
179 2 1 3 
180 3 4 6 5 7 
181 6 7 
182 1 5 7 
183 1 4 0 5 7 
184 0 1 5 7 
185 6 5 4 2 7 3 
186 1 0 5 2 7 3 
187 5 0 2 1 3 
188 5 2 1 6 3 7 
189 1 4 5 2 7 3 
190 0 5 1 4 2 7 
191 2 6 5 4 7 
192 6 3 1 
193 2 5 0 7 3 
194 0 4 7 
195 6 4 5 7 
196 4 6 5 7 
197 0 1 6 
198 1 5 2 4 7 
199 0 6 5 4 7 
200 0 1 3 
201 2 6 7 
202 5 4 6 7 
203 5 1 4 6 0 
204 3 1 0 
205 6 5 1 4 0 
206 4 1 0 3 
207 7 0 4 5 1 
208 7 4 5 2 3 
209 2 1 6 0 
210 1 5 4 0 6 
211 4 6 7 3 
212 2 6 3 7 
213 3 2 0 
214 4 0 5 2 7 3 
215 7 6 
216 6 1 2 0 3 
217 7 4 5 0 1 
218 7 5 2 1 4 3 
219 4 5 2 1 7 
220 6 4 5 7 
221 6 5 4 7 
222 7 0 4 2 6 1 
223 7 5 1 
224 7 5 4 6 
225 5 4 2 3 7 
226 3 4 0 5 1 7 
227 0 5 4 6 7 
228 6 4 5 7 
229 0 4 2 6 1 
230 6 5 1 4 7 0 
231 3 2 1 
232 7 5 1 
233 7 4 5 2 3 
234 2 6 7 3 
235 5 1 0 3 
236 0 6 1 7 
237 3 2 1 0 
238 4 5 2 3 6 
239 4 5 6 7 
240 5 4 6 0 7 
241 7 6 3 
242 6 7 3 
243 2 5 4 6 7 
244 0 6 7 3 
245 6 0 4 2 1 
246 1 4 5 2 7 3 
247 1 4 5 6 7 
248 0 6 5 4 7 
249 6 3 1 
250 1 6 4 5 7 
251 7 1 0 3 
252 5 2 1 0 
253 1 5 4 6 7 
254 0 5 4 6 7 
255 2 4 7 
256 6 4 5 2 3 7 
257 2 0 1 3 
258 0 5 4 6 7 
259 7 1 0 3 
260 5 4 6 7 
261 0 2 1 6 3 7 
262 1 2 6 3 7 
263 2 4 5 6 7 
264 0 1 2 3 
265 1 0 2 3 
266 5 1 6 0 7 
267 7 5 6 4 2 3 
268 3 5 1 4 0 6 
269 7 6 5 4 
270 4 2 5 3 7 
271 6 5 4 1 7 0 
272 7 6 3 
273 2 0 3 
274 7 5 4 1 0 
275 5 0 2 7 3 
276 2 6 7 1 
277 3 5 0 7 
278 4 5 1 7 0 
279 6 5 2 1 4 3 7 
280 6 5 2 4 1 7 
281 7 6 
282 7 1 2 0 3 
283 4 6 5 7 
284 6 1 3 0 
285 6 2 1 0 
286 7 6 1 
287 7 5 4 1 0 
288 6 7 
289 5 2 4 1 7 
290 3 2 0 
291 0 4 5 1 7 
292 6 5 4 1 7 0 
293 0 6 7 3 
294 7 1 2 0 
295 3 4 5 2 7 
296 7 5 6 4 2 3 
297 7 0 4 2 6 1 
298 2 5 6 4 7 3 
299 7 5 4 6 
300 3 1 0 
301 3 4 5 6 7 
302 4 5 6 7 
303 5 6 4 7 
304 7 5 6 4 2 3 
305 4 5 1 2 7 
306 6 1 0 7 
307 1 2 6 3 7 
308 3 5 1 7 
309 6 4 5 3 
310 1 6 4 5 7 
311 1 5 4 2 7 
312 1 5 4 2 7 
313 6 4 5 7 
314 1 5 2 7 3 
315 4 5 2 3 6 
316 5 1 0 7 
317 1 5 4 2 7 
318 0 6 1 7 
319 2 1 0 
320 0 5 1 4 6 
321 2 4 6 5 7 
322 0 6 4 5 7 
323 7 5 2 4 1 
324 4 1 6 0 
325 0 2 1 3 
326 1 0 3 
327 2 1 0 3 
328 3 5 6 4 2 7 
329 2 5 4 0 6 1 
330 4 5 2 1 7 
331 6 7 1 
332 3 6 5 4 7 
333 6 1 0 3 
334 4 5 6 7 
335 7 5 2 1 4 3 
336 7 4 5 6 
337 2 4 5 6 7 
338 7 6 
339 4 1 2 0 
340 3 1 6 0 7 
341 3 1 5 0 7 
342 6 5 1 4 0 
343 7 4 5 3 6 
344 6 4 5 7 
345 4 7 
346 4 5 1 7 0 
347 7 5 4 6 
348 4 5 2 3 7 
349 6 7 3 
350 5 6 4 7 
351 7 4 5 2 3 
352 7 2 1 0 
353 5 1 4 6 0 
354 3 5 4 1 7 0 
355 4 6 5 7 
356 5 1 0 3 
357 0 5 2 1 7 3 
358 5 6 7 1 
359 1 5 4 7 0 
360 6 7 1 
361 4 5 1 2 7 
362 3 1 2 0 
363 0 3 
364 6 4 5 7 
365 3 6 5 4 7 
366 4 5 1 7 
367 3 6 5 4 7 
368 7 0 5 2 3 
369 7 4 5 2 3 
370 6 0 5 2 7 3 
371 2 1 0 
372 3 5 2 4 1 7 
373 5 2 6 3 7 
374 1 4 6 0 
375 1 5 4 0 6 
376 0 4 5 6 7 
377 6 5 1 4 0 
378 1 5 2 4 7 
379 7 4 5 6 
380 5 6 4 7 
381 1 4 5 3 6 
382 0 5 1 7 2 
383 1 6 4 5 7 
384 6 4 5 0 7 
385 6 5 4 2 1 7 
386 1 0 4 5 7 
387 0 6 7 3 
388 2 1 5 0 7 
389 3 4 6 5 7 
390 0 4 6 5 7 
391 0 5 4 6 1 
392 4 1 6 0 7 
393 2 4 5 7 3 
394 0 4 6 5 7 
395 0 5 7 3 
396 4 6 5 7 
397 4 5 1 2 7 
398 5 1 0 7 
399 0 4 6 5 7 
400 6 5 1 7 2 
401 2 1 0 
402 2 5 6 4 7 3 
403 1 0 5 2 7 3 
404 6 5 4 0 1 
405 3 6 4 5 7 
406 6 1 0 3 
407 1 0 4 5 7 
408 1 5 7 2 
409 7 6 
410 2 4 5 6 0 7 
411 4 0 3 
412 0 3 
413 2 5 1 7 
414 0 4 2 6 1 
415 4 2 6 3 7 
416 7 5 2 1 3 
417 4 0 5 1 7 
418 0 1 4 6 
419 2 1 3 0 
420 1 6 4 5 7 
421 4 1 3 2 
422 0 4 5 6 7 
423 4 3 1 
424 0 4 5 3 6 
425 6 4 5 7 
426 2 5 1 4 0 6 
427 5 6 7 3 
428 3 1 0 
429 4 5 2 7 3 
430 4 6 7 3 
431 5 4 0 1 7 
432 7 1 5 0 
433 0 2 1 3 
434 2 5 1 4 7 
435 2 6 5 4 7 
436 0 1 3 
437 3 4 0 5 1 7 
438 1 5 4 2 7 3 
439 1 5 4 6 7 
440 0 1 2 3 
441 2 4 7 
442 1 4 5 2 7 3 
443 1 6 7 
444 5 1 0 7 
445 1 5 4 2 7 
446 0 5 1 4 7 
447 2 5 4 1 7 3 
448 6 5 1 7 2 
449 2 4 5 0 7 1 
450 0 5 7 3 
451 7 4 
452 4 2 0 3 
453 0 2 1 3 
454 1 6 7 3 
455 2 4 0 5 1 7 
456 0 5 4 2 1 7 3 
457 2 5 1 7 
458 5 0 2 7 3 
459 6 2 4 5 3 7 
460 3 4 7 
461 6 5 4 7 
462 4 6 7 3 
463 7 2 1 0 
464 5 0 6 1 7 
465 2 6 4 5 7 
466 7 4 5 2 3 
467 4 6 5 7 
468 2 1 0 
469 3 6 7 1 
470 6 5 2 1 4 3 7 
471 7 0 3 
472 6 2 1 0 
473 7 6 
474 7 2 1 0 
475 4 2 5 3 7 
476 6 5 1 7 2 
477 6 4 0 5 1 7 
478 7 5 4 0 6 1 
479 7 0 2 1 3 
480 7 6 1 
481 5 0 2 7 3 
482 3 0 
483 0 4 5 6 7 
484 6 1 0 
485 0 4 5 2 7 3 
486 7 0 4 5 1 
487 3 1 2 
488 7 4 5 2 3 
489 7 4 5 6 
490 2 5 1 7 
491 6 1 0 
492 3 6 5 4 7 
493 3 6 4 5 7 
494 4 6 5 7 
495 5 2 1 3 
496 7 0 2 1 3 
497 7 4 5 6 
498 6 2 1 3 
499 2 0 3 
500 3 1 6 0 
501 6 0 4 2 1 
502 1 4 6 5 7 
503 1 5 4 7 0 
504 0 2 1 6 3 7 
505 6 1 3 0 
506 1 4 6 5 7 
507 5 4 1 7 0 
508 5 1 4 7 0 
509 1 3 0 
510 0 6 1 7 
511 2 4 6 5 7 
512 6 4 5 7 
513 2 1 0 3 
514 0 5 2 4 3 6 
515 7 0 5 2 3 
516 4 1 0 3 
517 0 4 5 2 3 7 
518 1 4 5 0 7 
519 2 4 7 
520 0 1 3 2 
521 2 0 6 1 7 
522 5 6 7 1 
523 6 0 4 5 7 1 
524 3 0 4 5 7 1 
525 6 5 1 7 2 
526 4 3 1 
527 7 5 1 4 0 
528 7 1 0 3 
529 2 1 0 
530 7 5 2 1 4 3 
531 4 0 2 1 3 
532 2 5 4 1 7 
533 3 4 7 
534 6 2 4 5 3 7 
535 7 6 3 
536 6 4 5 7 
537 7 5 1 4 0 
538 7 5 4 6 
539 4 1 0 3 
540 6 1 2 0 
541 6 7 
542 7 6 4 5 
543 7 1 6 0 
544 7 1 2 0 3 
545 5 2 1 7 3 
546 3 5 4 2 1 7 
547 0 1 5 7 
548 6 5 4 2 1 7 
549 0 5 1 4 6 
550 7 0 5 2 3 
551 3 1 4 6 0 
552 7 6 3 
553 7 5 1 2 
554 2 0 4 6 1 
555 7 5 4 2 1 3 
556 3 6 7 
557 3 5 4 1 7 0 
558 4 2 6 3 7 
559 5 1 7 
560 7 5 4 6 
561 7 5 2 1 4 3 
562 6 2 1 0 
563 2 5 4 3 6 
564 3 1 6 0 
565 6 5 1 7 2 
566 1 2 6 3 7 
567 1 5 2 7 3 
568 0 5 4 2 1 7 3 
569 6 1 0 3 
570 1 4 5 3 6 
571 5 0 2 1 3 
572 5 6 7 3 
573 1 2 6 3 7 
574 0 6 4 5 7 
575 2 5 1 7 3 
576 6 0 1 7 
577 2 0 3 
578 0 5 4 6 1 
579 7 6 5 4 
580 4 5 2 3 6 
581 0 5 4 6 7 
582 1 4 5 6 7 
583 2 1 6 0 
584 0 6 7 
585 2 1 6 0 7 
586 5 2 4 1 7 
587 6 4 5 7 
588 3 0 4 2 6 1 
589 6 5 1 7 2 
590 4 5 2 3 7 
591 7 6 5 4 
592 7 5 1 2 
593 2 5 1 4 7 0 
594 6 5 1 4 0 
595 4 7 
596 2 1 5 0 7 
597 3 5 2 4 6 
598 6 5 1 4 0 
599 7 5 2 1 3 
600 6 7 1 
601 7 5 4 6 
602 7 2 4 5 3 
603 4 5 6 0 7 
604 6 5 4 2 1 7 
605 6 0 1 7 
606 7 1 4 6 0 
607 6 0 5 2 7 3 
608 7 4 5 6 0 
609 5 4 0 7 1 
610 3 1 2 0 
611 0 1 2 
612 6 4 5 0 7 
613 0 3 
614 7 4 5 6 0 
615 3 1 0 
616 7 5 4 1 0 
617 7 6 4 5 
618 2 5 0 7 3 
619 7 1 0 3 
620 0 4 5 7 1 
621 3 1 0 
622 4 5 1 7 0 
623 5 2 6 3 7 
624 7 1 2 0 3 
625 7 1 3 2 
626 6 4 5 2 7 3 
627 2 5 1 4 7 0 
628 3 1 0 
629 6 1 0 7 
630 1 5 4 7 0 
631 1 5 4 2 7 
632 0 5 2 7 3 
633 6 5 4 0 1 
634 1 4 5 0 7 
635 5 4 1 7 0 
636 5 1 4 6 0 
637 1 5 4 6 0 
638 0 2 6 3 7 
639 2 1 6 0 
640 6 5 2 1 7 3 
641 2 5 4 1 7 
642 0 5 4 2 1 7 
643 7 1 5 0 
644 4 2 1 3 
645 0 1 3 
646 1 6 7 3 
647 2 3 1 
648 1 6 0 
649 2 5 1 7 
650 5 6 4 7 
651 7 5 2 4 1 
652 3 1 2 0 
653 6 1 5 0 7 
654 4 2 5 3 7 
655 6 4 5 0 7 1 
656 6 1 2 0 3 
657 2 4 5 3 7 
658 6 2 3 7 
659 6 0 4 5 7 1 
660 2 5 1 7 3 
661 3 0 4 2 6 1 
662 6 1 4 0 
663 6 4 5 0 7 1 
664 6 5 1 4 0 
665 6 5 2 1 7 3 
666 6 5 2 4 1 7 
667 4 5 1 7 2 
668 6 1 2 0 
669 6 7 3 
670 7 4 5 2 3 
671 6 5 4 2 7 3 
672 6 4 5 7 
673 5 1 4 7 0 
674 3 1 2 
675 0 6 4 5 7 
676 6 0 3 
677 0 5 1 4 6 
678 6 1 3 0 
679 3 6 5 4 7 
680 6 1 0 3 
681 6 7 1 
682 2 0 1 3 
683 6 5 2 1 7 3 
684 3 4 5 6 7 
685 3 2 0 
686 4 1 3 2 
687 5 0 4 7 1 
688 5 3 1 
689 4 0 5 7 1 
690 4 7 
691 2 6 3 7 
692 3 0 2 1 
693 5 4 6 7 
694 1 4 5 6 7 
695 1 5 4 2 7 3 
696 0 4 5 3 6 
697 4 3 1 
698 1 6 7 
699 5 1 4 7 0 
700 5 6 7 3 
701 1 0 6 7 
702 0 5 4 6 1 
703 2 4 5 6 7 
704 5 6 4 7 
705 2 6 7 3 
706 0 6 1 7 
707 5 1 2 0 3 
708 4 5 1 6 0 
709 3 6 7 
710 1 2 0 
711 2 5 1 7 
712 3 5 4 2 1 7 
713 2 5 1 4 6 0 
714 5 0 4 7 1 
715 5 0 2 7 3 
716 3 5 4 6 7 
717 4 5 0 7 1 
718 4 1 2 0 3 
719 4 5 6 2 7 3 
720 5 6 7 
721 2 5 4 1 7 0 
722 5 2 4 3 7 
723 4 5 6 7 
724 2 6 4 5 7 
725 3 2 6 7 
726 4 2 1 0 
727 5 4 6 7 
728 5 6 4 2 7 3 
729 4 2 1 6 3 7 
730 4 6 7 3 
731 4 1 6 0 
732 4 6 5 7 
733 4 5 2 7 3 
734 4 0 6 1 7 
735 4 0 3 
736 5 4 6 7 
737 5 6 4 7 
738 3 5 1 4 0 6 
739 2 6 7 3 
740 5 2 1 3 
741 2 0 3 
742 4 1 2 0 
743 3 5 2 4 6 
744 4 5 2 1 3 7 
745 5 4 6 0 7 
746 2 0 3 
747 5 4 2 1 7 
748 3 1 0 
749 3 5 4 1 7 0 
750 4 6 7 3 
751 5 1 7 
752 5 2 1 7 3 
753 4 6 7 3 
754 5 0 2 7 3 
755 2 1 0 3 
756 3 1 
757 5 1 7 
758 1 6 4 5 7 
759 1 0 6 7 
760 0 5 1 7 
761 5 4 2 1 7 3 
762 1 5 4 0 6 
763 5 1 4 7 0 
764 5 4 6 7 
765 3 4 0 5 1 7 
766 0 1 6 
767 2 5 4 1 7 3 
768 5 1 6 0 
769 2 5 6 4 7 3 
770 0 4 5 6 7 
771 5 1 2 0 
772 4 5 1 6 0 
773 2 0 3 
774 1 0 2 3 
775 2 5 6 4 7 3 
776 3 5 2 1 4 7 
777 2 1 3 0 
778 5 1 6 0 7 
779 5 6 7 1 
780 3 5 4 6 7 
781 4 5 2 1 7 
782 4 1 3 2 
783 4 1 5 0 7 
784 5 4 6 7 
785 2 6 5 4 7 
786 5 1 3 0 
787 4 1 0 3 
788 2 1 3 
789 3 1 0 
790 5 4 0 7 1 
791 4 5 6 7 
792 5 4 2 1 7 3 
793 5 4 6 7 
794 4 1 6 0 7 
795 4 5 1 2 7 
796 4 5 1 0 6 
797 4 0 3 
798 5 1 6 0 7 
799 4 0 5 1 7 
800 4 1 3 2 
801 5 1 6 0 7 
802 3 0 5 2 7 
803 2 5 1 4 3 7 
804 5 1 3 0 
805 3 1 5 0 7 
806 5 4 6 0 7 
807 3 6 7 
808 4 6 5 7 
809 4 5 2 3 6 
810 2 4 5 3 7 
811 3 1 2 
812 3 4 5 6 
813 3 4 6 5 7 
814 1 6 7 
815 3 4 5 6 7 
816 2 0 4 5 7 1 
817 3 5 2 4 1 7 
818 2 4 5 6 0 7 
819 2 6 5 4 7 
820 3 5 4 2 1 7 
821 3 2 1 
822 1 4 7 
823 0 5 4 1 7 
824 0 5 4 1 7 
825 2 4 5 6 7 
826 1 6 7 3 
827 1 0 4 2 6 
828 0 4 6 5 7 
829 3 4 5 2 7 
830 0 1 3 
831 2 4 5 7 3 
832 0 5 7 3 
833 2 4 5 3 7 
834 0 6 7 3 
835 3 2 0 
836 2 5 4 1 7 
837 3 0 
838 1 5 2 4 3 7 
839 2 1 3 0 
840 3 5 1 4 7 0 
841 2 4 5 6 7 
842 0 2 3 
843 0 5 4 6 7 
844 3 2 1 6 7 
845 1 0 3 
846 1 5 2 4 3 6 
847 0 4 5 1 7 
848 3 5 4 6 7 
849 2 5 1 4 6 0 
850 2 5 4 1 7 3 
851 1 4 5 6 7 
852 1 5 7 
853 3 1 6 0 7 
854 2 0 1 3 
855 4 5 2 3 6 
856 5 4 6 7 
857 4 5 2 1 7 3 
858 5 2 1 4 3 7 
859 4 7 
860 4 1 6 0 
861 4 0 3 
862 5 4 0 1 7 
863 4 0 2 6 1 
864 4 2 5 3 7 
865 5 2 1 6 3 7 
866 1 4 5 6 7 
867 3 6 4 5 7 
868 5 4 0 6 1 
869 3 6 4 5 7 
870 5 0 7 3 
871 0 4 5 2 3 7 
872 4 0 6 1 7 
873 4 5 6 2 7 3 
874 1 6 7 
875 5 1 4 6 0 
876 1 5 4 7 0 
877 0 1 3 
878 4 3 1 
879 5 1 4 2 7 
880 5 4 6 7 
881 4 1 2 0 3 
882 5 4 6 7 
883 0 4 5 7 1 
884 0 5 4 1 7 
885 4 0 2 1 3 
886 1 4 6 5 7 
887 1 4 5 3 6 
888 0 4 5 6 7 
889 5 4 2 3 7 
890 1 5 2 4 3 6 
891 5 6 4 7 
892 5 1 4 6 0 
893 3 1 2 
894 0 1 3 2 
895 1 5 4 6 0 
896 5 2 1 7 3 
897 1 2 0 
898 0 4 7 
899 5 4 1 7 0 
900 4 6 5 7 
901 3 0 4 2 6 1 
902 1 5 2 4 3 7 
903 0 4 5 2 7 3 
904 3 4 5 6 7 
905 1 4 0 5 7 
906 0 5 1 4 6 
907 0 5 4 1 7 
908 1 0 3 
909 2 5 1 7 3 
910 1 6 0 7 
911 0 1 3 
912 3 0 6 1 7 
913 2 0 4 6 1 
914 1 5 2 4 7 
915 1 4 5 3 6 
916 1 6 0 
917 3 6 5 4 7 
918 2 3 1 
919 4 6 5 7 
920 5 4 3 6 
921 4 5 3 6 
922 4 2 1 0 
923 4 1 3 0 
924 5 6 7 3 
925 2 5 4 0 6 1 
926 5 6 7 3 
927 4 6 7 3 
928 0 4 6 5 7 
929 3 4 5 2 7 
930 1 6 7 
931 2 1 3 
932 1 4 5 2 3 7 
933 2 5 1 7 
934 3 1 0 
935 1 4 7 
936 0 5 4 6 7 
937 0 4 5 3 6 
938 1 5 4 2 7 3 
939 3 1 
940 0 2 1 
941 1 5 2 4 3 6 
942 2 4 5 3 7 
943 0 6 7 3 
944 3 1 2 0 
945 3 6 7 
946 2 0 6 1 7 
947 1 5 4 2 7 
948 0 4 6 5 7 
949 3 2 6 7 
950 1 2 6 3 7 
951 1 5 2 4 7 
952 1 6 5 4 7 
953 3 5 1 4 7 0 
954 1 5 0 7 
955 1 4 5 3 6 
956 1 5 0 7 3 
957 1 0 4 5 7 
958 1 2 0 3 
959 1 0 3 
960 0 5 2 1 4 3 7 
961 1 5 0 7 3 
962 0 4 5 6 7 
963 3 6 7 
964 2 6 7 3 
965 3 6 7 
966 1 5 4 0 6 
967 0 1 5 7 
968 3 2 6 7 
969 1 0 3 
970 0 6 7 3 
971 0 4 5 1 7 
972 1 4 5 6 7 
973 2 1 0 3 
974 1 4 6 0 
975 0 2 4 5 3 7 
976 3 1 2 
977 2 1 0 3 
978 2 1 3 
979 1 3 0 
980 1 0 3 
981 3 1 
982 2 0 4 6 1 
983 1 0 4 2 6 
984 1 5 2 4 3 6 
985 3 0 
986 2 5 4 1 7 0 
987 4 5 2 1 7 3 
988 4 6 7 
989 4 2 1 6 3 7 
990 5 0 2 1 3 
991 4 2 1 3 
992 4 5 1 2 7 
993 5 1 7 2 
994 1 4 6 5 7 
995 3 0 2 1 
996 5 4 1 7 0 
997 3 2 1 6 7 
998 5 4 6 7 
999 0 4 6 5 7 
1000 4 1 6 0 
1001 4 5 2 7 3 
1002 1 2 0 3 
1003 5 2 1 0 
1004 0 4 5 2 7 3 
1005 0 5 4 1 7 
1006 4 6 7 3 
1007 5 1 0 3 
1008 5 3 1 
1009 4 6 5 7 
1010 5 4 2 3 7 
1011 1 4 5 6 7 
1012 0 6 7 1 
1013 5 0 4 7 1 
1014 1 4 5 6 7 
1015 1 5 0 7 3 
1016 0 1 3 
1017 5 2 4 3 7 
1018 1 2 3 
1019 5 4 6 7 
1020 5 4 1 7 0 
1021 3 5 4 6 7 
1022 0 2 4 5 3 7 
1023 1 2 4 5 3 7 
