0 7 4 6 
1 7 4 5 6 
2 1 6 7 
3 2 4 7 6 
4 4 5 6 7 
5 3 4 6 
6 3 4 5 6 7 
7 0 4 6 7 
8 2 4 6 7 
9 1 0 3 
10 6 0 3 2 1 
11 6 3 2 1 
12 6 4 5 7 
13 1 4 5 6 7 
14 0 4 7 6 
15 5 4 7 6 
16 7 4 5 6 
17 6 4 7 
18 7 1 
19 0 1 
20 5 4 7 
21 0 6 
22 6 4 7 
23 4 6 7 
24 7 1 
25 2 3 1 
26 2 0 3 1 
27 0 4 5 7 6 
28 1 0 
29 2 4 5 6 7 
30 3 2 1 
31 6 4 5 7 
32 2 0 1 
33 3 2 1 
34 0 4 5 6 7 
35 7 0 3 2 1 
36 3 4 5 6 7 
37 7 0 3 1 
38 7 4 5 6 
39 6 0 1 
40 5 4 6 7 
41 3 4 5 6 7 
42 1 3 2 
43 4 5 6 7 
44 7 4 5 6 
45 3 2 1 
46 0 4 5 7 6 
47 4 7 6 
48 5 4 6 7 
49 2 4 6 7 
50 1 0 
51 4 7 6 
52 4 0 1 
53 4 0 1 
54 5 6 
55 1 7 4 6 
56 6 3 2 1 
57 2 3 1 
58 6 3 2 1 
59 3 4 5 6 7 
60 1 6 
61 7 6 4 
62 5 4 7 
63 2 3 1 
64 7 4 6 
65 7 6 
66 3 7 6 
67 2 6 4 7 
68 4 6 5 7 
69 3 0 2 1 
70 2 4 5 7 6 
71 0 4 7 6 
72 2 4 5 6 7 
73 1 0 
74 7 6 
75 6 0 3 1 
76 6 4 
77 1 0 3 
78 0 6 4 5 7 
79 5 4 7 
80 7 4 5 6 
81 6 0 3 1 
82 7 3 1 
83 0 3 1 
84 5 4 7 6 
85 0 4 7 6 
86 6 0 1 
87 4 6 
88 7 3 2 1 
89 2 0 3 1 
90 2 0 1 
91 0 4 5 6 7 
92 1 0 3 2 
93 2 6 
94 3 2 1 
95 6 0 3 2 1 
96 2 4 5 7 
97 0 4 5 6 7 
98 0 6 7 
99 6 0 3 1 
100 3 4 5 6 7 
101 7 0 3 2 1 
102 7 4 6 
103 6 7 
104 5 0 3 1 
105 3 4 5 6 7 
106 1 3 2 
107 4 7 6 
108 7 3 1 
109 3 4 5 7 6 
110 0 4 5 6 7 
111 4 0 3 2 1 
112 5 4 6 
113 3 4 5 7 
114 1 3 
115 4 5 6 7 
116 4 7 6 
117 4 6 
118 5 3 2 1 
119 1 4 5 6 7 
120 6 7 4 
121 1 3 
122 6 3 1 
123 3 4 5 7 6 
124 3 0 1 
125 7 0 1 
126 5 3 2 1 
127 2 0 1 
128 7 4 5 6 
129 7 4 5 
130 3 1 
131 2 0 1 
132 4 3 2 1 
133 3 1 
134 2 4 5 6 7 
135 0 4 5 7 
136 2 0 1 
137 1 6 
138 6 3 2 1 
140 6 3 2 1 
141 1 3 2 
142 0 6 4 7 
143 5 4 7 6 
144 7 3 2 1 
145 4 3 2 1 
146 7 3 1 
147 0 3 2 1 
148 5 3 2 1 
149 0 6 7 
150 6 4 5 7 
151 4 3 2 1 
152 7 6 
153 2 4 5 7 
154 2 6 7 
155 0 1 
156 1 3 2 
157 2 3 1 
158 3 2 1 
159 6 4 7 
160 2 4 6 7 
161 3 4 5 7 
162 0 3 2 1 
163 6 3 1 
164 3 0 1 
165 7 4 6 
166 7 0 1 
167 6 0 1 
168 5 4 7 6 
169 3 4 7 6 
170 1 7 6 
171 4 5 7 6 
172 7 3 2 1 
173 3 1 
174 0 3 2 1 
175 4 0 3 2 1 
176 5 0 3 1 
177 2 3 1 
178 1 3 
179 5 4 6 
180 4 6 5 7 
181 4 7 6 
182 5 4 6 7 
183 1 4 7 6 
184 6 4 5 7 
185 2 0 3 1 
186 6 0 1 
187 3 2 1 
188 2 4 6 
189 7 0 3 1 
190 5 0 1 
191 2 4 5 7 6 
192 7 4 6 
193 7 3 2 1 
194 3 1 
195 2 1 
196 4 5 6 7 
197 3 6 4 7 
198 1 3 
199 0 7 4 6 
200 0 4 5 6 7 
201 1 0 3 2 
203 6 0 1 
204 6 4 7 
205 1 3 2 
206 0 4 5 6 7 
207 5 3 1 
208 5 3 1 
209 7 6 
210 7 6 
211 0 3 1 
212 5 0 1 
213 0 4 6 7 
214 6 0 1 
215 4 6 
216 7 4 5 6 
217 2 0 1 
218 2 3 1 
219 0 3 2 1 
220 1 3 2 
221 2 6 
222 3 2 1 
223 6 0 1 
224 2 0 3 1 
225 0 4 5 6 7 
226 0 1 
227 6 4 5 7 
228 1 6 
229 6 0 3 2 1 
230 7 3 2 1 
231 6 7 
232 5 4 7 
233 1 0 3 
234 1 4 5 7 
235 4 0 3 2 1 
236 7 0 1 
237 3 4 5 7 6 
238 0 1 
239 4 7 6 
240 5 7 4 6 
241 2 0 1 
242 0 6 4 7 
243 4 7 6 
244 4 6 5 7 
245 4 0 1 
246 5 6 4 7 
247 1 0 
248 6 3 1 
249 2 3 1 
250 6 3 2 1 
251 3 4 6 
252 2 4 6 
253 7 6 4 5 
254 7 6 
255 2 6 7 
256 7 3 2 1 
257 7 3 1 
258 3 6 4 5 7 
259 2 4 5 7 6 
260 4 6 5 7 
261 3 1 
262 2 0 3 1 
263 0 1 
264 2 7 6 
265 3 4 6 7 
266 5 3 2 1 
267 6 4 5 7 
268 6 4 5 7 
269 1 4 5 7 6 
270 0 4 5 6 7 
271 5 0 3 2 1 
272 7 3 2 1 
273 6 0 1 
274 7 4 6 
275 0 3 2 1 
276 5 6 4 7 
277 0 3 2 1 
278 6 3 2 1 
279 4 7 6 
280 5 4 6 7 
281 2 4 7 6 
282 2 0 1 
283 0 4 5 7 6 
285 2 0 1 
286 3 0 1 
287 6 0 3 1 
288 3 0 2 1 
289 3 0 2 1 
290 0 1 
291 6 0 3 1 
292 3 0 1 
293 7 4 5 
294 7 3 1 
295 6 4 5 7 
296 5 7 4 6 
297 3 4 5 7 
298 0 1 
299 4 5 6 7 
300 7 4 5 
301 1 4 5 6 7 
302 0 7 6 
303 4 6 
304 5 4 6 7 
305 2 6 
306 1 3 
307 4 3 2 1 
308 4 3 1 
309 4 7 6 
310 5 4 6 7 
311 1 6 
312 6 3 2 1 
313 2 3 1 
314 7 4 5 6 
315 1 7 6 
316 2 6 7 
317 7 4 5 6 
318 5 3 2 1 
319 1 0 
320 5 4 6 
321 7 4 5 6 
322 3 4 5 7 
323 2 4 5 7 6 
324 4 6 7 
325 3 7 6 
326 0 3 2 1 
327 0 1 
328 2 4 7 6 
329 1 3 2 
331 7 0 3 1 
332 6 0 3 2 1 
333 1 4 7 6 
334 0 4 5 6 7 
335 5 3 2 1 
336 6 0 3 1 
337 6 0 1 
338 4 3 1 
339 1 0 3 2 
340 5 0 3 2 1 
341 0 3 1 
342 7 3 2 1 
343 4 1 
344 7 0 3 2 1 
345 2 4 5 7 6 
346 3 0 1 
347 0 1 
348 1 0 3 
349 2 4 5 7 
350 2 3 1 
351 6 7 
352 2 0 1 
353 3 6 4 7 
354 0 3 1 
355 6 4 5 7 
356 3 1 
357 7 1 
358 7 6 4 5 
360 5 0 3 2 1 
361 2 0 1 
362 3 4 5 7 6 
363 4 6 5 7 
364 7 4 5 6 
365 3 2 1 
366 1 0 3 
367 4 0 1 
368 5 1 
369 1 3 2 
370 1 4 6 7 
371 4 3 2 1 
372 3 4 5 7 6 
373 4 7 6 
374 5 4 7 6 
375 1 6 4 5 7 
376 6 1 
377 2 0 3 1 
378 4 0 1 
379 2 7 6 
380 2 4 5 7 
381 7 3 1 
382 5 7 6 
383 2 3 1 
384 7 4 6 
385 7 4 5 6 
386 3 7 6 
387 2 4 5 6 7 
388 4 3 2 1 
389 3 0 1 
390 2 0 1 
391 0 4 5 7 6 
392 2 3 1 
393 1 4 6 
394 6 0 3 2 1 
395 6 0 1 
396 6 4 7 
397 1 4 5 6 7 
398 0 7 4 6 
399 5 0 3 1 
400 7 4 5 6 
401 6 3 1 
402 7 0 1 
403 0 1 
404 5 6 4 7 
405 0 3 1 
406 6 4 7 
407 4 3 1 
408 7 4 5 6 
409 2 0 3 1 
410 2 3 1 
411 0 4 5 6 7 
413 2 6 7 
414 3 6 4 7 
415 6 7 
416 2 0 1 
417 3 0 1 
418 0 6 7 
420 3 1 
421 4 3 1 
422 7 4 6 
423 6 3 2 1 
424 5 0 3 1 
425 3 0 1 
426 1 4 5 6 7 
427 4 3 1 
428 7 3 2 1 
429 3 4 7 6 
430 0 1 
431 4 0 3 1 
432 5 4 6 7 
433 2 6 4 5 7 
435 4 6 7 
436 4 5 7 6 
437 4 3 1 
438 5 4 6 
439 1 6 
440 7 4 5 6 
441 2 6 4 7 
442 6 4 
443 3 6 
444 2 0 1 
445 7 6 4 5 
446 4 3 1 
447 2 3 1 
448 7 0 3 1 
449 7 0 1 
450 3 4 5 7 6 
451 2 3 1 
452 4 3 2 1 
453 3 4 6 
454 2 6 7 
455 0 3 1 
456 2 3 1 
457 1 3 
458 6 0 3 1 
459 6 4 5 7 
460 7 6 
461 1 0 3 2 
462 1 4 7 6 
463 5 3 2 1 
464 7 4 6 
465 6 4 5 7 
466 7 0 3 2 1 
467 0 3 2 1 
468 5 4 6 7 
469 0 3 2 1 
470 6 1 
471 4 0 3 2 1 
472 7 4 5 
473 2 4 5 6 7 
474 2 4 5 6 7 
475 0 4 5 7 6 
476 1 0 3 
477 2 4 5 6 7 
478 3 6 4 5 7 
479 6 4 
480 2 3 1 
481 3 0 2 1 
482 0 4 7 6 
483 6 4 7 
484 3 1 
485 7 0 1 
486 7 3 2 1 
487 6 4 
488 5 4 7 6 
489 3 6 
490 1 3 2 
491 4 5 7 6 
492 7 4 5 
493 3 4 5 7 
494 0 4 5 7 6 
495 4 5 6 7 
496 5 0 3 2 1 
497 2 4 5 6 7 
498 1 4 5 7 6 
499 4 6 
500 4 6 7 
501 4 5 7 6 
502 5 4 6 7 
503 1 3 2 
504 6 4 7 
505 2 4 5 6 7 
506 6 4 5 7 
507 3 6 4 5 7 
508 2 4 5 6 7 
509 7 4 5 6 
510 5 0 1 
511 3 0 1 
512 7 3 1 
513 7 4 5 6 
514 2 7 6 
515 2 6 
516 4 0 3 1 
517 3 1 
518 2 0 3 1 
519 0 3 1 
520 2 0 3 1 
521 1 0 
522 6 4 
523 6 7 
524 5 0 3 2 1 
525 1 4 5 6 7 
526 0 3 1 
527 5 0 3 2 1 
528 7 3 1 
529 6 4 5 7 
530 7 6 
531 0 3 2 1 
532 5 3 2 1 
533 0 3 2 1 
534 6 3 2 1 
535 4 0 1 
536 7 4 5 6 
537 2 3 1 
538 2 0 1 
539 0 4 5 6 7 
540 1 0 
541 2 0 1 
542 3 0 1 
543 6 4 5 7 
544 2 3 1 
545 3 6 4 5 7 
546 0 7 4 6 
547 7 4 6 
548 3 0 2 1 
549 4 3 1 
550 7 6 
551 6 0 3 2 1 
552 5 4 7 
553 3 0 2 1 
554 1 4 5 7 
555 4 7 6 
556 7 6 4 5 
557 3 6 
558 0 3 2 1 
559 4 6 5 7 
560 5 1 
561 2 3 1 
562 1 6 
563 4 6 7 
564 4 5 6 7 
565 4 5 6 7 
566 5 3 1 
567 1 7 6 
568 6 1 
569 2 0 1 
570 6 3 2 1 
571 3 6 4 7 
572 2 4 5 6 7 
573 7 0 1 
574 5 7 4 6 
575 2 6 4 7 
576 7 4 5 6 
577 7 6 4 
578 3 1 
579 2 3 1 
580 4 0 3 2 1 
581 3 0 2 1 
582 2 3 1 
583 1 3 2 
584 2 3 1 
585 1 3 2 
586 6 3 1 
587 6 0 1 
588 6 7 
589 1 4 5 7 6 
590 0 3 1 
591 5 4 7 
592 7 4 5 6 
593 6 4 7 
594 7 3 2 1 
595 0 3 2 1 
596 5 6 4 7 
597 0 1 
598 6 4 7 
599 4 0 1 
600 7 6 4 5 
601 2 4 5 6 7 
602 2 3 1 
603 0 3 2 1 
604 1 6 4 5 7 
605 2 6 4 5 7 
606 3 6 4 7 
607 7 0 3 2 1 
608 2 0 1 
609 3 2 1 
610 0 4 5 6 7 
611 6 0 1 
612 3 0 1 
613 7 6 4 
614 7 4 5 6 
615 6 0 1 
616 5 3 2 1 
617 3 0 1 
618 1 6 4 7 
619 4 6 
620 7 3 2 1 
621 3 1 
622 0 1 
623 4 6 
624 5 1 
625 2 1 
626 1 6 4 7 
627 4 6 5 7 
628 4 6 
629 4 0 1 
630 5 0 1 
631 1 4 6 
632 6 4 7 
633 2 4 5 6 7 
634 6 3 2 1 
635 3 7 6 
636 2 0 3 1 
637 7 0 3 2 1 
638 5 4 6 7 
639 2 3 1 
640 7 6 
641 6 7 4 
642 3 4 5 7 6 
643 2 4 6 7 
644 4 5 6 7 
645 3 6 7 
646 2 3 1 
647 0 1 
648 2 0 1 
649 1 3 
650 6 4 
651 6 4 5 7 
652 6 0 1 
653 1 0 3 
654 0 4 5 7 
655 5 4 6 7 
656 7 4 6 
657 6 4 5 7 
658 7 4 5 
659 0 4 5 7 6 
660 5 3 1 
661 0 3 1 
662 6 0 1 
663 4 5 7 
664 7 4 6 
665 2 3 1 
666 2 4 5 6 7 
667 0 3 2 1 
668 1 0 
669 2 3 1 
670 2 4 5 6 7 
671 6 7 
672 2 3 1 
673 3 1 
674 0 4 7 6 
675 6 3 1 
676 3 4 5 6 7 
677 7 0 3 2 1 
678 7 3 1 
679 6 4 
680 5 3 2 1 
681 3 0 2 1 
682 1 6 7 
683 4 1 
684 7 4 5 6 
685 3 1 
686 0 3 2 1 
687 4 5 7 6 
688 4 3 1 
689 2 4 6 7 
690 1 0 
691 4 6 7 
692 4 7 6 
693 4 6 7 
694 5 6 4 7 
695 1 0 
696 7 3 2 1 
697 2 3 1 
698 6 0 3 1 
699 3 1 
700 2 7 4 6 
701 7 3 1 
702 5 4 6 7 
703 1 0 3 2 
704 6 0 1 
705 7 3 2 1 
706 2 0 3 1 
707 2 4 6 7 
708 4 3 2 1 
709 3 0 1 
710 3 4 5 7 6 
711 0 4 5 7 6 
712 3 4 5 6 7 
713 3 7 6 
714 6 4 7 
715 6 3 2 1 
716 5 0 3 2 1 
718 0 3 1 
719 5 0 1 
720 7 3 2 1 
722 7 4 5 6 
723 0 6 4 5 7 
724 5 3 1 
725 0 6 4 5 7 
726 6 0 3 2 1 
727 4 7 6 
728 7 0 3 1 
729 2 7 4 6 
730 2 4 5 6 7 
731 0 3 2 1 
732 1 6 4 7 
733 2 0 3 1 
734 3 0 1 
735 6 4 5 7 
736 2 7 4 6 
737 3 1 
738 0 4 5 6 7 
739 6 0 1 
740 1 3 2 
741 7 4 6 
742 6 3 2 1 
743 6 7 4 
744 5 0 3 1 
745 3 2 1 
746 1 3 
747 4 6 7 
748 7 4 5 6 
749 3 0 2 1 
750 0 1 
751 4 3 1 
752 5 4 6 7 
753 3 7 6 
754 1 3 2 
755 4 5 7 6 
756 4 3 1 
757 5 3 1 
758 5 4 6 7 
759 1 0 3 
760 6 4 5 7 
761 2 0 3 1 
762 6 3 1 
763 2 0 3 1 
764 2 3 1 
765 7 4 5 6 
766 5 4 6 7 
767 3 0 1 
768 7 1 
769 7 4 5 6 
770 3 4 5 7 6 
771 2 0 3 1 
772 4 0 3 1 
773 3 4 6 7 
774 3 4 7 6 
775 0 3 1 
776 3 4 6 7 
777 1 0 
778 6 7 
779 6 4 5 7 
780 6 0 1 
782 0 6 
783 5 4 7 6 
784 7 4 5 6 
785 6 7 
786 7 0 3 2 1 
787 0 1 
788 5 3 1 
789 0 3 2 1 
790 5 3 2 1 
791 5 6 
792 7 4 5 6 
793 3 0 1 
794 3 2 1 
796 1 6 4 5 7 
797 0 4 5 6 7 
798 1 4 5 6 7 
799 6 4 5 7 
800 0 4 7 6 
801 0 4 5 6 7 
802 0 1 
803 6 4 7 
804 1 3 
805 6 3 1 
806 7 4 6 
807 7 3 2 1 
808 5 0 1 
809 1 0 
810 1 7 4 6 
811 4 0 1 
812 4 3 1 
814 0 4 5 6 7 
815 4 5 6 7 
816 5 4 6 7 
817 1 3 
818 1 6 4 7 
819 5 0 1 
820 4 0 3 1 
821 4 7 6 
822 5 0 3 1 
823 0 1 
824 6 4 7 
825 1 3 2 
826 4 0 3 1 
827 1 0 3 
828 1 4 5 6 7 
829 4 0 1 
830 7 3 1 
831 1 3 2 
832 7 0 1 
833 7 3 2 1 
834 4 6 
835 1 3 2 
836 4 7 6 
837 1 6 4 7 
838 0 6 7 
839 0 3 1 
840 0 4 5 7 6 
841 0 3 2 1 
842 3 0 1 
843 5 4 6 7 
844 7 3 1 
845 1 3 2 
846 1 6 
847 4 3 1 
848 7 1 
849 7 4 5 6 
850 4 5 7 
851 0 3 1 
852 5 0 3 1 
853 0 6 7 
854 6 0 1 
855 4 6 7 
856 7 0 1 
857 0 1 
858 0 4 5 6 7 
859 0 4 6 7 
860 1 3 2 
861 0 3 2 1 
862 1 4 6 7 
863 6 3 1 
864 0 3 1 
865 0 1 
866 0 6 4 7 
867 6 0 1 
868 3 1 
869 7 3 2 1 
870 7 4 5 6 
871 6 3 1 
872 4 0 3 2 1 
873 3 0 1 
874 1 6 
875 5 4 6 7 
876 7 0 1 
877 3 0 1 
878 0 3 1 
879 4 0 3 1 
880 5 6 4 7 
881 3 0 2 1 
882 1 4 5 7 6 
883 4 5 6 7 
884 4 7 6 
885 4 5 6 7 
886 5 4 6 7 
887 1 4 5 6 7 
888 6 7 
889 3 1 
890 6 3 2 1 
891 3 0 1 
892 1 7 4 6 
893 5 3 1 
894 5 4 6 7 
895 3 7 4 6 
896 7 0 3 2 1 
897 7 0 1 
898 3 4 5 7 
899 2 0 3 1 
900 4 6 7 
901 3 1 
902 3 0 1 
903 0 4 6 
904 3 7 6 
905 1 4 5 6 7 
906 6 3 2 1 
907 6 0 3 1 
908 6 3 1 
909 1 3 2 
910 0 6 7 
911 5 7 4 6 
912 6 3 2 1 
913 6 3 2 1 
914 4 0 3 1 
915 0 4 5 6 7 
916 4 5 7 6 
917 0 4 6 7 
918 4 1 
919 4 7 6 
920 3 4 5 6 7 
921 5 3 1 
922 1 3 2 
923 5 6 4 7 
924 1 6 4 7 
925 3 0 1 
926 3 2 1 
927 4 5 6 7 
928 3 4 5 6 7 
929 3 0 1 
930 1 3 2 
931 5 0 1 
932 4 0 3 2 1 
933 1 4 5 6 7 
934 5 3 2 1 
935 5 6 
936 2 0 3 1 
937 5 3 1 
938 1 3 2 
939 0 3 2 1 
940 1 3 
941 3 4 5 6 7 
942 0 4 5 7 
943 5 0 3 2 1 
944 0 1 
945 5 1 
946 5 4 6 7 
947 0 4 6 7 
948 3 2 1 
949 0 4 6 7 
950 5 4 6 7 
951 5 3 1 
952 2 0 1 
953 5 3 1 
954 3 2 1 
955 5 3 1 
956 5 3 1 
957 4 0 3 2 1 
958 0 1 
959 5 4 6 
960 5 0 1 
961 5 0 3 2 1 
962 4 6 7 
963 2 0 1 
964 4 6 
965 3 6 
966 4 6 5 7 
967 5 7 4 6 
968 4 6 7 
969 4 5 7 6 
970 5 4 6 7 
971 5 4 6 7 
973 0 3 2 1 
974 0 1 
975 5 0 1 
976 5 3 2 1 
977 4 3 1 
978 1 0 
979 1 3 
980 5 4 6 7 
981 1 6 
982 4 0 1 
983 4 7 6 
984 3 7 6 
985 5 4 6 7 
986 3 6 
987 4 5 7 
988 1 4 7 6 
989 3 7 6 
990 1 4 5 7 
991 4 6 
992 5 3 1 
993 3 7 6 
994 0 3 1 
995 5 4 7 
996 4 5 7 6 
997 0 6 4 7 
998 4 5 6 7 
999 5 7 4 6 
1000 2 0 1 
1001 5 0 3 2 1 
1002 1 4 6 7 
1003 1 4 5 7 6 
1004 1 6 7 
1005 1 6 4 7 
1006 0 4 5 6 7 
1007 4 0 1 
1008 0 4 5 6 7 
1009 5 4 7 6 
1010 5 7 4 6 
1011 0 4 5 6 7 
1012 3 1 
1013 1 4 5 7 6 
1014 4 3 1 
1015 5 4 7 6 
1016 2 0 1 
1017 5 4 6 
1018 3 0 1 
1019 5 4 6 
1020 5 4 7 6 
1021 1 6 7 
1022 0 1 
1023 5 4 7 6 
