0 2 5 6 0 4 3 1 
1 0 1 3 4 5 
2 0 2 
3 1 7 3 5 6 
4 0 7 6 5 
5 2 0 1 3 7 6 
6 1 3 2 0 
7 7 6 3 0 2 1 
8 3 6 4 1 5 0 
9 0 7 6 5 
10 3 2 6 7 
11 4 0 2 3 1 
12 7 5 4 0 1 
13 1 2 6 7 3 
14 3 5 6 0 4 2 1 
15 5 0 1 3 2 7 
16 3 7 2 0 6 
17 2 4 3 5 7 
18 5 7 6 
19 1 7 2 3 
20 3 2 0 1 
21 1 6 4 5 0 
22 2 0 1 3 5 7 
23 1 2 7 3 6 5 
24 1 0 5 6 4 3 2 
25 2 0 3 1 
26 7 4 6 5 
27 0 7 1 4 
28 1 2 6 7 3 
29 2 0 1 6 7 
30 3 7 2 0 6 
31 4 6 5 7 
32 3 0 6 1 7 5 
33 0 3 5 2 
34 0 1 2 3 7 6 
35 6 1 3 4 5 0 
36 7 5 4 6 
37 7 0 1 
38 5 0 1 3 2 7 
39 6 2 7 3 
40 3 4 5 0 1 
41 0 5 7 6 
42 3 7 1 0 
43 4 5 3 0 1 
44 7 2 3 
45 1 7 0 4 
46 3 4 6 5 7 
47 5 2 1 7 3 6 
48 3 7 2 
49 2 7 1 0 
50 5 6 4 7 
51 4 3 2 1 
52 7 0 5 3 1 2 
53 7 5 4 0 1 
54 2 4 6 7 5 
55 6 0 1 7 
56 7 6 5 
57 2 3 0 1 
58 7 0 2 3 1 
59 0 3 5 2 
60 2 3 0 1 
61 2 0 1 3 
62 3 5 2 
63 4 0 6 3 2 7 
64 5 0 1 3 6 
65 0 4 6 7 5 
66 0 2 3 7 1 
67 6 0 1 7 5 
68 7 1 0 4 
69 7 5 4 0 1 
70 5 0 1 3 2 
71 7 6 0 1 
72 3 6 5 0 1 
73 0 7 1 4 
74 3 7 2 
75 4 6 0 7 
76 7 0 2 3 1 
77 1 0 5 3 6 
78 3 0 2 7 1 
79 5 3 2 
80 3 4 7 5 6 
81 2 0 
82 5 0 1 
83 4 6 5 7 
84 7 3 5 6 
85 7 2 0 
86 2 0 1 3 7 6 
87 6 0 1 3 2 5 7 
88 7 0 4 3 1 5 
89 2 3 5 
90 7 0 3 1 2 
91 0 6 4 1 5 
92 2 3 1 6 
93 2 0 1 3 4 5 
94 3 2 1 
95 4 6 5 7 
96 5 1 3 4 0 
97 0 1 3 2 
98 0 1 7 
99 6 0 2 3 7 1 
100 7 0 1 2 3 4 5 
101 7 4 5 6 
102 5 0 1 3 2 
103 7 3 5 2 
104 3 5 1 6 
105 0 3 6 5 2 
106 3 7 1 0 4 
107 4 5 3 1 6 
108 7 5 6 
109 1 2 7 3 6 5 
110 3 5 7 4 6 
111 5 4 7 6 
112 3 5 4 0 1 
113 2 6 4 5 
114 5 3 2 0 1 
115 4 6 5 1 
116 7 0 1 
117 7 0 3 1 2 
118 2 5 7 6 
119 6 0 5 7 3 1 2 
120 7 0 4 3 1 5 
121 2 5 7 4 6 
122 7 0 4 3 1 5 
123 0 2 3 7 1 
124 2 3 0 1 
125 2 3 1 
126 3 6 0 7 
127 4 0 5 7 3 1 2 
128 5 0 6 1 7 
129 0 3 1 2 6 
130 0 1 4 6 
131 6 0 1 3 
132 7 6 0 
133 7 3 5 6 
134 5 4 7 6 
135 7 6 2 1 0 
136 3 2 6 7 
137 0 1 3 2 
138 3 5 1 6 
139 4 5 6 7 
140 7 0 1 5 3 6 
141 1 0 7 
142 3 6 4 5 7 
143 5 7 2 3 
144 3 2 1 7 6 5 
145 2 3 0 1 
146 5 3 2 0 1 
147 4 2 3 5 7 
148 7 3 2 0 
149 7 4 2 3 5 
150 2 6 4 1 5 0 
151 6 0 1 2 3 4 5 
152 7 3 2 0 1 
153 2 0 6 1 7 5 
154 7 1 3 4 5 0 
155 0 6 4 5 7 
156 2 0 3 1 7 
157 2 7 1 0 4 
158 3 2 0 
159 4 6 3 0 2 1 
160 4 0 5 7 3 1 2 
161 0 1 5 3 6 
162 0 3 2 1 
163 6 5 7 4 
164 7 5 3 1 6 
165 7 6 0 
166 5 0 1 
167 7 0 2 3 1 
168 3 2 0 1 
169 0 6 2 1 
170 3 1 4 0 2 5 6 
171 4 0 2 3 1 
172 7 3 2 0 
173 1 6 5 
174 3 6 0 2 1 
175 5 7 1 0 4 
176 3 7 6 5 
177 2 6 0 1 7 
178 5 0 4 3 1 
179 4 0 2 3 1 
180 7 0 2 3 1 
181 7 0 1 3 2 
182 2 4 7 5 6 
183 6 0 1 3 2 
184 7 6 4 5 
185 2 3 1 6 
186 7 0 1 3 2 5 
187 0 3 6 5 2 
188 2 0 6 3 7 
189 2 0 7 5 1 
190 3 5 6 0 4 2 1 
191 4 2 6 7 3 
192 5 6 4 7 
193 0 7 5 1 
194 0 2 1 7 3 6 5 
195 6 0 1 7 
196 7 3 2 0 1 
197 7 6 4 5 
198 5 2 0 
199 7 0 1 
200 3 6 5 2 
201 0 6 7 
202 3 2 1 7 6 5 
203 4 0 1 
204 7 6 2 1 0 
205 1 2 0 
206 3 7 6 5 
207 5 3 2 0 1 
208 3 4 6 5 7 
209 2 7 6 5 
210 5 6 2 1 0 
211 4 7 3 5 6 
212 7 1 3 4 5 0 
213 7 0 1 6 
214 2 4 6 5 7 
215 6 0 7 
216 7 1 0 4 
217 2 6 0 1 7 
218 7 0 1 2 3 4 5 
219 0 2 6 7 3 
220 2 0 1 3 6 
221 2 3 7 0 6 
222 3 6 4 5 
223 4 1 3 5 0 
224 5 0 1 3 6 
225 0 5 7 3 1 2 
226 0 3 1 7 2 
227 6 4 7 5 
228 7 1 4 6 0 
229 7 6 4 1 5 0 
230 5 3 1 6 
231 7 6 4 5 
232 3 2 0 1 
233 0 1 5 4 
234 3 0 1 6 
235 4 3 2 0 1 
236 7 3 5 2 
237 1 0 7 
238 3 6 5 0 1 
239 5 3 7 2 0 6 
240 3 0 6 1 7 5 
241 2 7 6 5 
242 5 6 0 7 
243 4 0 1 5 3 6 
244 7 5 6 0 4 3 2 1 
245 7 2 3 
246 2 0 3 1 
247 6 3 0 2 1 
248 7 1 4 6 0 
249 2 7 1 0 
250 7 1 0 4 
251 0 1 7 
252 2 0 5 7 3 1 
253 2 7 6 5 
254 3 4 2 5 7 
255 4 7 6 5 
256 5 3 7 2 0 6 
257 0 3 1 2 6 
258 0 4 6 7 5 
259 6 2 1 7 3 5 
260 7 6 4 5 
261 7 1 0 4 
262 5 6 4 7 
263 7 6 5 
264 3 0 1 5 6 
265 0 3 2 1 
266 3 0 2 1 
267 4 5 3 1 6 
268 7 0 1 5 3 6 
269 1 3 5 2 
270 3 0 1 2 7 6 
271 5 6 0 1 7 
272 3 4 2 5 7 
273 2 6 4 5 
274 5 1 0 4 
275 4 5 3 0 1 
276 7 4 2 3 5 
277 7 2 6 3 
278 2 3 0 1 
279 6 0 2 3 7 1 
280 7 5 6 4 
281 2 4 7 5 6 
282 7 5 4 0 1 
283 0 1 3 2 
284 2 3 0 
285 2 0 1 6 7 
286 3 0 4 1 5 
287 4 2 6 7 3 
288 5 2 6 7 3 
289 0 2 1 7 3 6 5 
290 0 1 2 3 4 5 
291 6 3 0 2 1 
292 7 3 5 6 
293 5 2 1 7 3 6 
294 5 0 6 3 2 7 
295 7 3 2 0 1 
296 3 5 2 
297 0 1 4 2 5 6 
298 2 0 1 3 7 6 
299 4 6 5 1 
300 7 3 2 0 
301 1 6 0 7 
302 3 0 1 2 4 5 
303 5 3 2 0 1 
304 3 7 6 5 
305 2 6 4 5 
306 5 0 1 3 2 
307 4 6 5 7 
308 7 0 1 3 2 
309 7 3 2 0 6 
310 3 5 6 0 4 2 1 
311 4 6 7 5 
312 6 5 7 4 0 
313 3 5 7 4 6 
314 7 4 5 3 0 1 
315 0 7 5 1 
316 2 5 6 0 4 3 1 
317 2 1 4 6 0 
318 2 0 4 3 1 5 
319 4 6 5 7 
320 5 3 2 
321 0 2 3 7 1 
322 0 7 5 1 
323 6 5 4 0 1 
324 6 0 1 7 
325 6 4 5 7 
326 5 3 2 0 
327 7 0 2 3 1 
328 3 4 6 5 7 
329 0 5 7 3 1 2 
330 3 1 4 5 0 
331 4 5 6 0 3 2 1 
332 6 3 1 2 
333 1 0 5 7 3 2 
334 3 4 7 5 6 
335 5 7 6 
336 2 6 1 0 
337 2 3 0 
338 5 3 2 0 1 
339 4 5 3 0 1 
340 7 5 4 6 
341 6 0 2 3 1 
342 2 0 1 5 3 6 
343 6 0 3 2 7 
344 7 0 1 6 
345 2 6 1 0 
346 7 1 5 0 4 
347 0 2 
348 2 0 1 3 5 7 
349 2 0 1 3 6 
350 3 1 4 0 2 5 6 
351 4 7 1 0 
352 5 7 6 
353 0 2 
354 0 3 2 
355 6 0 1 3 2 
356 5 3 6 2 
357 7 0 1 
358 5 6 3 0 2 1 
359 7 6 4 5 
360 2 7 6 5 
361 0 4 6 5 7 
362 3 2 0 
363 4 0 1 5 3 6 
364 7 0 5 6 4 3 1 2 
365 1 7 6 5 
366 3 5 7 6 4 0 
367 5 7 4 6 
368 3 7 2 0 6 
369 3 0 6 2 7 
370 5 3 1 2 6 
371 4 5 0 1 
372 7 2 3 
373 7 3 2 1 
374 2 7 1 0 
375 6 0 1 3 2 
376 4 6 5 7 
377 2 4 6 5 7 
378 7 0 1 
379 0 7 5 1 
380 3 0 1 2 
381 2 0 1 7 
382 3 0 1 6 7 
383 4 2 0 
384 5 4 0 1 
385 0 3 7 2 6 
386 0 1 2 3 4 5 
387 5 0 7 3 1 2 
388 7 3 2 0 
389 7 5 6 4 
390 5 0 1 3 6 
391 7 0 6 1 5 
392 3 0 4 1 5 
393 0 3 2 1 
394 3 0 1 2 5 7 
395 4 5 7 6 
396 7 3 2 0 1 
397 1 4 0 2 5 6 
398 3 0 5 7 1 2 
399 5 0 7 3 1 2 
400 3 5 1 6 
401 2 5 6 0 4 3 1 
402 5 0 6 3 2 7 
403 4 6 2 1 0 
404 5 1 4 6 0 
405 5 0 6 3 2 7 
406 1 0 3 2 
407 6 2 0 
408 7 3 2 0 1 
409 2 0 1 3 
410 7 5 3 1 6 
411 0 1 
412 2 6 4 5 
413 2 0 1 3 
414 3 2 1 7 6 5 
415 4 3 2 0 
416 5 2 1 7 3 6 
417 0 1 5 4 
418 0 6 4 1 5 
419 6 0 3 1 7 2 
420 7 4 5 3 0 1 
421 7 0 1 2 3 6 
422 4 0 1 
423 7 1 4 6 0 
424 3 0 1 2 4 5 
425 0 6 4 1 5 
426 3 4 6 5 7 
427 4 3 2 1 
428 7 5 6 4 0 
429 1 4 5 3 0 
430 3 0 7 5 1 
431 5 3 6 2 
432 3 0 1 7 2 
433 2 3 0 1 
434 5 6 4 1 0 
435 4 0 1 3 2 
436 7 1 4 0 2 5 6 
437 7 0 1 2 3 6 
438 2 7 1 0 4 
439 6 0 1 3 2 5 7 
440 7 6 5 0 1 
441 2 0 5 6 4 3 1 
442 7 4 2 3 5 
443 0 3 2 1 
444 2 3 0 1 
445 2 3 0 1 
446 3 7 1 0 
447 4 3 1 2 6 
448 5 1 4 0 2 6 
449 0 5 7 3 1 2 
450 0 4 3 1 5 
451 6 0 5 4 3 1 2 
452 7 0 6 3 2 
453 7 1 0 
454 5 3 2 0 
455 7 4 6 5 
456 3 6 2 1 0 
457 0 1 3 6 
458 3 6 0 7 
459 4 0 3 1 7 2 
460 7 6 4 1 5 0 
461 1 6 0 7 
462 3 4 2 5 7 
463 5 6 0 4 3 2 1 
464 3 1 2 6 
465 2 4 3 5 7 
466 5 4 3 0 1 
467 4 3 2 1 
468 6 4 1 5 0 
469 7 1 3 4 5 0 
470 2 0 3 1 7 
471 6 0 3 2 7 
472 7 0 1 3 2 
473 2 7 6 5 
474 7 4 5 6 
475 0 5 7 6 4 
476 2 0 3 1 
477 2 0 4 3 1 5 
478 3 6 5 0 1 
479 4 7 1 0 
480 5 0 1 2 3 7 6 
481 0 6 4 5 
482 0 6 7 
483 6 5 0 1 
484 7 5 6 4 
485 7 2 3 
486 5 1 4 6 0 
487 7 3 2 0 6 
488 3 0 6 1 7 5 
489 0 3 7 2 6 
490 3 5 7 4 6 
491 4 3 2 0 
492 7 6 5 
493 1 3 2 0 
494 3 7 2 
495 5 0 1 7 
496 3 2 0 
497 2 0 7 5 1 
498 5 7 3 6 
499 4 7 6 5 
500 7 0 6 3 2 
501 7 3 2 1 
502 2 7 3 
503 6 0 3 2 7 
504 7 0 5 1 
505 2 6 3 0 1 
506 7 6 5 0 1 
507 0 3 2 1 
508 2 1 5 0 4 
509 2 6 5 0 1 
510 3 6 5 1 
511 4 3 2 0 
512 5 6 4 1 0 
513 0 2 3 7 1 
514 0 3 1 7 2 
515 6 3 2 0 1 
516 7 0 1 5 3 6 
517 7 6 3 0 2 1 
518 5 3 1 6 
519 7 0 1 6 
520 3 1 4 5 0 
521 0 7 1 4 
522 3 6 5 1 
523 4 0 2 3 7 1 
524 7 3 2 0 1 
525 1 6 5 
526 3 1 4 5 0 
527 5 0 1 3 6 
528 3 4 5 0 1 
529 2 3 6 5 
530 5 0 6 4 3 1 2 
531 4 3 2 0 
532 7 0 1 2 3 6 
533 7 6 0 1 
534 2 3 5 
535 6 5 1 
536 6 3 7 2 0 
537 2 1 5 0 4 
538 7 6 2 1 0 
539 0 5 7 6 4 
540 2 6 1 0 
541 2 1 7 3 6 5 
542 3 1 4 6 0 
543 4 6 7 5 
544 5 7 6 4 0 
545 0 1 4 2 5 6 
546 0 4 6 5 7 
547 6 0 2 3 7 1 
548 6 0 3 2 7 
549 6 7 3 5 
550 5 3 2 0 
551 6 0 1 
552 3 0 1 6 
553 0 1 6 7 
554 3 6 5 2 
555 4 3 2 0 1 
556 6 5 1 
557 1 2 7 3 6 5 
558 3 6 0 1 7 
559 5 7 1 0 4 
560 3 6 5 1 
561 2 1 4 6 0 
562 5 0 1 3 2 7 
563 4 2 1 7 3 6 5 
564 6 4 5 3 0 1 
565 6 2 0 
566 2 4 6 7 5 
567 6 5 7 4 0 
568 6 2 0 
569 2 3 0 
570 7 5 4 0 1 
571 0 5 4 1 
572 2 0 5 6 4 3 1 
573 2 0 1 6 7 
574 3 1 5 0 4 
575 4 0 1 3 2 5 7 
576 5 3 1 6 
577 0 6 2 1 
578 0 3 2 1 
579 6 0 1 7 5 
580 6 1 4 0 2 5 
581 6 3 5 2 
582 5 0 6 3 2 7 
583 6 3 1 2 
584 3 6 4 1 5 0 
585 0 7 2 3 
586 3 2 0 
587 4 3 2 0 
588 6 3 7 2 0 
589 1 5 0 4 
590 3 7 5 6 
591 5 1 4 0 2 6 
592 3 0 2 1 
593 2 6 3 0 1 
594 5 0 1 6 7 
595 4 1 3 5 0 
596 6 7 1 0 4 
597 6 0 1 
598 2 3 0 
599 6 7 5 
600 6 0 1 2 3 4 5 
601 2 6 0 7 
602 7 2 6 3 
603 0 4 7 5 6 
604 2 7 6 5 
605 2 0 5 6 4 3 1 
606 3 0 6 2 7 
607 4 5 6 0 3 2 1 
608 5 4 6 7 
609 0 1 2 3 7 6 
610 0 3 2 
611 6 0 1 7 5 
612 6 3 2 0 
613 6 0 4 3 1 5 
614 5 0 6 4 3 1 2 
615 6 1 5 0 4 
616 3 6 2 1 0 
617 0 7 1 
618 3 0 1 7 2 
619 4 6 7 5 
620 6 3 5 2 
621 1 5 4 0 
622 3 7 2 
623 5 6 4 1 0 
624 3 5 4 0 1 
625 2 3 0 
626 5 6 1 
627 4 3 2 0 
628 6 0 1 2 3 4 5 
629 6 0 1 7 
630 2 1 4 0 5 6 
631 6 3 5 2 
632 6 4 5 7 
633 2 0 1 3 4 5 
634 7 0 4 3 1 5 
635 0 3 6 5 2 
636 2 3 1 6 
637 2 6 4 5 7 
638 3 2 0 1 
639 4 0 1 
640 5 7 6 
641 0 6 5 1 
642 0 2 
643 6 7 3 5 
644 6 0 7 
645 6 1 4 0 
646 5 0 1 
647 6 5 7 4 0 
648 3 1 5 0 4 
649 0 1 7 
650 3 2 0 
651 4 5 7 6 0 
652 6 2 1 0 
653 1 2 7 3 6 5 
654 3 6 4 5 7 
655 5 0 1 3 6 
656 3 2 0 
657 2 6 5 0 1 
658 5 4 6 7 
659 4 6 3 0 2 1 
660 6 0 1 2 3 7 
661 6 0 7 5 1 
662 2 3 0 1 
663 6 5 4 7 
664 6 5 7 4 0 
665 2 3 5 
666 7 6 2 1 0 
667 0 3 2 1 
668 2 3 6 5 
669 2 4 6 5 7 
670 3 0 1 2 
671 4 2 3 5 7 
672 5 4 3 0 1 
673 0 7 3 5 6 
674 0 6 3 2 1 
675 6 3 0 2 1 
676 6 3 0 2 1 
677 6 7 2 3 
678 5 0 1 
679 6 7 2 3 
680 3 0 1 2 7 6 
681 0 2 3 1 
682 3 1 4 0 2 5 6 
683 4 5 6 0 3 2 1 
684 6 4 5 3 0 1 
685 1 2 6 7 3 
686 3 0 1 2 7 6 
687 5 0 1 3 2 
688 3 6 4 5 7 
689 2 0 1 3 5 7 
690 5 3 6 2 
691 4 6 7 5 
692 6 5 4 7 
693 6 5 4 7 
694 2 5 6 4 7 
695 6 0 3 1 7 2 
696 6 2 1 0 
697 2 4 6 5 7 
698 7 0 5 3 1 2 
699 0 1 4 2 5 6 
700 2 4 6 5 7 
701 2 0 1 3 5 7 
702 3 6 0 1 7 
703 4 1 6 0 
704 5 6 4 7 
705 0 3 2 1 
706 0 3 7 2 6 
707 6 0 1 7 5 
708 6 7 5 
709 6 4 5 
710 5 3 1 2 6 
711 6 4 7 5 
712 3 2 1 
713 0 5 7 6 
714 3 0 2 7 1 
715 4 6 0 1 7 
716 6 7 5 
717 1 5 3 6 
718 3 6 5 2 
719 5 7 3 6 
720 3 4 7 5 6 
721 2 3 0 1 
722 5 4 7 6 
723 4 0 1 3 6 
724 6 0 2 3 7 1 
725 6 3 0 2 1 
726 2 3 5 
727 6 4 5 7 
728 6 3 2 0 1 
729 2 1 4 0 5 6 
730 7 5 6 4 0 
731 0 7 3 5 6 
732 2 3 7 0 6 
733 2 0 1 3 4 5 
734 3 4 6 7 5 
735 4 0 1 6 7 
736 5 3 2 0 
737 0 3 5 2 
738 0 4 6 7 5 
739 6 4 5 
740 6 4 5 3 0 1 
741 6 0 1 3 2 
742 5 0 3 1 7 2 
743 6 0 1 3 2 5 7 
744 3 2 6 7 
745 0 1 3 4 5 
746 3 6 5 1 
747 4 0 1 7 
748 6 1 4 0 
749 1 5 0 4 
750 3 1 5 0 4 
751 5 4 0 1 
752 3 5 1 6 
753 2 0 1 7 
754 5 7 4 6 
755 4 0 6 1 7 5 
756 6 4 7 5 
757 6 7 5 
758 2 3 0 1 
759 6 5 4 7 
760 6 5 3 1 
761 2 5 6 4 7 
762 7 3 6 5 2 
763 0 7 2 3 
764 2 3 1 
765 2 3 0 1 
766 3 5 7 6 4 0 
767 4 1 3 5 0 
768 5 7 6 
769 0 7 1 
770 0 7 1 4 
771 6 4 7 5 
772 6 5 7 
773 6 0 1 
774 5 6 0 1 
775 6 5 7 
776 3 7 6 5 
777 0 6 7 
778 3 6 4 5 
779 4 0 5 6 3 1 2 
780 6 7 5 
781 1 4 6 5 7 
782 3 5 7 4 6 
783 5 0 1 3 2 
784 3 2 0 1 
785 2 3 0 
786 5 6 0 1 
787 4 0 6 1 7 5 
788 6 5 0 1 
789 6 0 1 5 3 
790 2 4 3 5 7 
791 6 0 2 3 7 1 
792 6 0 2 3 1 
793 2 4 5 3 0 1 
794 7 5 4 0 1 
795 0 7 1 
796 2 3 7 0 6 
797 1 0 6 7 
798 0 5 6 4 3 1 2 
799 4 3 2 0 
800 5 0 1 2 3 4 
801 0 6 4 5 7 
802 0 2 
803 6 2 0 
804 6 1 5 0 4 
805 6 7 2 3 
806 5 6 4 7 
807 6 3 2 0 
808 0 6 3 2 7 
809 0 4 3 1 5 
810 0 4 2 3 5 7 
811 4 6 0 7 
812 6 0 1 3 
813 1 0 
814 1 6 3 0 2 
815 5 3 1 6 
816 1 0 2 3 7 6 
817 1 6 5 0 
818 5 0 1 7 
819 4 1 3 5 0 
820 6 2 7 3 
821 6 4 5 
822 1 0 5 6 4 3 2 
823 6 0 3 1 7 2 
824 6 0 5 4 3 1 2 
825 1 3 2 
826 7 0 1 
827 0 1 5 3 6 
828 1 0 7 
829 1 4 6 5 7 
830 0 1 4 2 5 6 
831 4 6 5 
832 5 0 1 
833 0 5 7 6 4 
834 0 7 6 5 
835 6 7 5 
836 6 0 1 3 
837 6 0 1 7 
838 5 0 3 1 7 2 
839 6 0 5 7 3 1 2 
840 0 6 4 5 7 
841 0 2 6 7 3 
842 0 7 1 
843 4 5 3 0 1 
844 6 0 1 2 3 7 
845 1 7 6 5 
846 1 3 2 6 
847 5 7 1 0 
848 1 3 2 
849 1 0 5 6 4 3 2 
850 5 0 1 3 2 7 
851 4 6 0 1 7 
852 6 5 7 
853 6 1 5 0 4 
854 1 0 6 7 5 
855 6 0 1 7 
856 6 0 1 7 5 
857 1 0 5 6 4 3 2 
858 7 0 1 3 2 5 
859 0 1 4 6 
860 1 4 6 5 7 
861 1 0 7 5 
862 0 7 6 5 
863 4 5 7 6 0 
864 5 6 4 7 
865 0 1 4 6 
866 0 5 6 4 7 
867 5 4 3 0 1 
868 4 6 5 7 
869 5 0 3 1 7 2 
870 5 6 1 
871 5 0 1 3 2 
872 0 6 7 
873 0 6 4 1 5 
874 0 3 2 1 
875 4 3 6 5 2 
876 4 5 7 6 
877 1 5 7 4 6 
878 1 0 5 7 3 2 
879 5 3 2 0 1 
880 1 7 0 
881 1 4 7 5 6 
882 5 7 6 
883 4 6 5 0 1 
884 4 5 7 6 
885 4 2 3 5 7 
886 1 2 0 
887 4 0 7 5 1 
888 5 4 6 7 
889 1 5 4 0 
890 4 0 5 6 3 1 2 
891 1 6 5 0 
892 1 0 5 3 6 
893 1 5 3 6 
894 0 5 6 4 3 2 1 
895 4 5 0 1 
896 5 3 7 2 0 6 
897 1 5 7 4 6 
898 1 0 7 5 
899 5 0 1 2 3 4 
900 5 0 7 1 
901 5 4 2 3 7 
902 5 6 4 1 0 
903 5 4 6 7 
904 1 0 2 3 7 6 
905 1 5 7 6 
906 1 0 2 3 
907 4 0 5 6 3 1 2 
908 4 0 1 3 2 
909 1 5 7 6 
910 1 0 3 2 
911 5 7 1 0 
912 1 0 5 7 3 2 
913 1 6 4 5 7 
914 5 4 6 7 
915 4 0 7 5 1 
916 5 3 2 
917 5 7 6 
918 1 3 2 0 
919 4 0 1 3 2 
920 5 6 0 1 7 
921 1 3 4 5 0 
922 4 0 6 1 7 5 
923 1 2 7 3 6 5 
924 1 3 2 
925 1 0 3 2 5 7 
926 0 3 2 
927 4 6 5 1 
928 4 5 6 0 3 2 1 
929 1 5 7 6 4 0 
930 1 0 3 6 
931 5 3 2 0 1 
932 4 6 5 7 
933 4 5 7 6 0 
934 1 0 3 2 
935 4 0 1 2 3 5 
936 1 5 7 6 
937 1 6 4 5 0 
938 1 7 3 5 6 
939 4 0 6 3 2 7 
940 4 5 3 1 6 
941 1 0 3 2 
942 1 6 4 5 7 
943 4 2 6 7 3 
944 1 0 3 2 
945 1 4 6 0 
946 4 3 2 0 1 
947 1 3 2 
948 2 5 7 4 6 
949 1 0 3 2 
950 1 5 6 4 7 
951 1 0 3 6 
952 1 0 6 7 
953 1 6 5 0 
954 4 5 6 0 3 2 1 
955 1 4 6 0 
956 1 0 3 7 2 
957 1 0 2 3 4 5 
958 0 1 6 7 
959 4 7 5 6 
960 3 5 6 4 7 
961 1 3 2 6 
962 1 0 3 6 
963 1 7 0 
964 0 6 3 2 1 
965 2 5 7 6 
966 1 0 2 3 7 
967 4 1 0 2 5 6 
968 1 4 2 3 5 7 
969 1 5 7 6 
970 1 4 6 5 7 
971 4 3 1 2 6 
972 4 0 3 1 5 
973 1 7 3 5 6 
974 1 3 2 0 
975 4 6 0 1 7 
976 1 0 4 3 5 
977 1 7 6 5 
978 4 7 3 5 6 
979 4 3 1 2 6 
980 4 6 5 0 1 
981 4 1 5 0 
982 1 3 2 0 
983 4 7 1 0 
984 4 0 3 1 5 
985 1 2 0 
986 4 0 1 3 6 
987 1 4 2 3 5 7 
988 1 3 6 5 2 
989 1 0 6 7 5 
990 0 6 5 1 
991 4 6 5 1 
992 3 0 1 7 
993 1 3 2 0 
994 1 5 6 0 4 3 2 
995 1 0 5 3 6 
996 0 1 3 4 5 
997 2 6 0 7 
998 1 0 7 5 
999 4 0 1 7 
1000 1 4 6 5 7 
1001 1 4 0 2 5 6 
1002 1 5 6 0 4 3 2 
1003 4 6 5 
1004 4 6 7 5 
1005 1 4 6 5 7 
1006 1 4 6 7 5 
1007 4 7 5 6 
1008 1 6 0 7 
1009 1 0 4 3 5 
1010 4 6 5 7 
1011 1 3 2 0 
1012 2 0 3 7 1 
1013 1 7 3 5 6 
1014 1 4 6 5 7 
1015 1 3 2 6 
1016 1 0 7 5 
1017 1 0 3 2 
1018 4 0 2 3 1 
1019 1 6 2 0 
1020 1 0 3 2 
1021 1 5 0 4 
1022 0 5 7 4 6 
1023 4 0 1 3 6 
