0 4 7 0 1 6 2 5 
1 0 5 2 
2 6 1 2 3 5 0 7 
3 1 2 3 6 5 0 7 
4 2 7 3 5 
5 0 6 5 1 7 
6 3 6 5 1 7 
7 3 2 5 0 4 
8 4 7 5 0 
9 6 5 2 7 
10 6 3 2 5 
11 2 1 0 4 5 
12 4 3 2 
13 7 0 1 6 2 5 
14 2 6 3 5 7 
15 7 6 5 2 
16 5 0 1 6 2 7 
17 4 3 2 5 
18 4 5 0 6 
19 0 3 2 5 
20 0 3 4 6 2 7 
21 2 0 1 6 7 
22 0 3 2 
23 2 0 4 1 7 
24 0 6 5 2 7 
25 5 6 2 7 
26 3 5 6 7 4 
27 7 1 2 3 6 5 0 
28 6 5 2 
29 7 5 4 0 1 3 
30 5 4 0 1 3 
31 2 0 1 
32 1 5 3 4 2 
33 5 6 3 7 
34 1 5 6 3 4 7 
35 0 4 3 5 7 
36 2 0 1 3 
37 0 1 6 2 7 
38 6 4 3 7 2 
39 7 0 3 2 
40 0 1 3 2 
41 2 3 6 7 
42 4 3 5 7 
43 3 7 0 1 6 2 5 
44 0 6 3 5 7 
45 3 5 4 0 
46 5 3 2 
47 3 1 2 0 
48 6 3 5 2 
49 2 6 7 0 
50 1 5 3 4 2 
51 5 7 4 0 
52 6 1 0 2 
53 6 0 5 4 
54 1 6 4 2 7 5 
55 3 0 1 2 
56 1 6 5 7 3 
57 7 4 5 0 
58 6 0 1 2 
59 2 5 0 4 
60 2 0 5 3 1 7 
61 4 5 6 3 7 
62 7 6 3 5 0 
63 3 6 5 7 
64 4 6 3 5 7 0 
65 0 1 3 2 
66 6 0 5 3 1 7 2 
67 1 5 3 4 2 
68 2 3 0 
69 0 5 4 1 3 
70 3 5 0 4 2 
71 3 5 0 7 6 
72 4 0 5 7 
73 6 1 3 0 2 
74 6 5 4 0 
75 0 1 2 
76 4 2 0 
77 7 6 5 2 
78 2 0 1 
79 7 0 3 2 
80 5 6 2 7 
81 4 5 6 3 7 2 
82 4 1 2 3 6 5 0 7 
83 0 5 6 3 7 4 
84 0 3 4 6 2 7 
85 2 5 6 3 7 
86 0 4 1 5 2 
87 2 3 5 
88 0 6 4 3 7 2 
89 5 0 1 2 
90 3 2 0 
91 6 0 1 2 7 
92 7 6 0 5 
93 7 5 4 0 1 3 
94 5 3 0 2 
95 2 0 5 4 
96 1 6 3 5 7 
97 5 0 4 
98 1 0 3 2 
99 1 3 0 2 
100 2 0 5 
101 0 5 3 1 7 2 
102 6 5 3 7 
103 7 4 3 2 5 
104 0 2 
105 3 0 5 4 
106 4 3 2 5 
107 3 6 5 7 
108 0 5 6 3 7 2 
109 3 0 5 4 7 
110 5 7 0 1 6 2 
111 3 0 6 1 4 7 
112 6 0 7 1 5 3 
113 2 5 6 1 0 7 
114 0 5 6 2 7 
115 5 0 1 2 
116 5 3 2 
117 6 2 5 0 4 
118 1 5 6 3 7 4 
119 3 2 0 
120 1 6 7 0 
121 7 0 1 2 5 
122 6 5 2 7 
123 2 3 0 
124 2 0 5 1 4 
125 5 3 4 2 
126 7 6 3 5 0 
127 3 6 5 2 7 
128 5 0 3 2 
129 0 3 4 6 2 7 
130 6 0 1 4 7 3 
131 1 3 2 5 
132 2 3 5 
133 0 1 3 2 
134 3 5 4 0 1 
135 3 6 5 2 7 
136 4 5 2 
137 6 7 4 5 0 
138 6 4 1 7 3 
139 0 6 3 5 7 
140 4 0 1 2 
141 7 0 6 1 4 3 
142 2 1 3 6 5 0 7 
143 7 5 6 3 
144 5 0 7 6 
145 4 6 3 5 7 
146 4 0 3 2 
147 7 3 2 5 
148 1 3 6 2 7 
149 0 2 7 
150 0 5 6 4 
151 2 7 4 5 0 
152 0 5 6 3 4 7 
153 5 0 4 
154 3 2 5 0 4 
155 7 5 0 6 
156 7 6 3 5 0 
157 7 6 5 1 3 
158 4 0 1 3 2 
159 2 5 6 3 4 7 
160 1 4 3 5 7 
161 5 6 4 3 7 2 
162 1 6 7 0 
163 7 5 6 3 
164 3 7 5 2 
165 0 1 4 2 5 
166 6 3 0 2 
167 7 1 0 4 2 5 
168 1 5 3 4 2 
169 2 0 5 4 
170 4 2 5 0 
171 3 0 5 1 7 2 
172 1 5 4 0 3 
173 3 4 1 7 
174 5 6 1 7 3 
175 1 6 0 5 
176 6 5 0 4 2 
177 2 3 0 
178 0 5 6 3 7 
179 4 0 3 1 2 
180 7 3 2 5 
181 6 0 4 1 7 2 
182 1 0 2 7 
183 3 2 
184 1 0 3 2 
185 7 0 3 2 
186 6 0 5 4 
187 2 6 5 
188 2 0 5 
189 4 0 1 7 2 
190 7 0 6 1 5 3 
191 3 7 5 2 
192 4 0 5 7 
193 0 5 6 4 7 3 
194 6 3 7 5 2 
195 1 6 5 7 3 
196 3 6 5 1 7 
197 1 4 7 3 
198 3 0 5 4 7 
199 2 5 6 3 7 
200 4 5 3 2 
201 4 1 0 2 5 
202 6 2 5 0 4 
203 1 6 5 7 
204 4 0 1 7 2 5 
205 7 5 6 3 2 
206 3 0 1 7 2 5 
207 6 3 5 7 0 
208 5 3 2 
209 4 3 7 5 2 
210 4 5 6 2 7 
211 1 7 3 5 2 
212 0 5 3 4 2 
213 2 0 
214 0 3 4 6 2 7 
215 2 0 
216 0 5 6 4 
217 5 3 2 
218 3 7 5 2 
219 7 2 5 0 4 
220 7 5 4 0 
221 1 3 2 
222 7 0 1 3 2 
223 2 5 0 6 4 
224 1 4 0 5 2 
225 4 5 0 7 6 
226 3 6 2 7 
227 0 5 6 3 7 2 
228 2 5 0 4 
229 0 5 4 
230 6 7 0 
231 7 0 5 4 
232 4 3 0 2 
233 2 5 6 7 
234 4 5 3 2 
235 1 0 5 4 
236 0 4 1 5 2 
237 7 5 6 1 0 2 
238 5 3 2 
239 3 0 5 1 7 2 
240 6 1 0 2 
241 2 0 1 6 7 
242 0 6 5 2 
243 6 0 5 3 1 7 2 
244 0 5 6 3 4 7 
245 6 0 1 2 7 
246 1 3 2 
247 3 0 7 6 1 5 
248 1 5 4 0 
249 7 5 6 1 0 2 
250 6 5 3 4 7 
251 3 6 5 1 7 
252 3 5 6 7 4 
253 4 3 2 5 
254 5 6 0 
255 4 2 5 0 
256 6 5 1 0 7 2 
257 0 1 3 2 
258 6 0 3 2 
259 1 4 0 5 2 
260 2 3 7 5 
261 0 6 3 5 7 
262 3 2 5 
263 3 7 0 1 6 2 5 
264 6 2 0 5 
265 6 5 3 7 4 
266 6 5 2 7 
267 0 6 3 5 7 
268 4 3 5 2 
269 7 1 3 0 2 
270 2 0 1 3 
271 7 6 4 3 2 
272 5 3 2 0 
273 4 0 1 6 2 7 
274 4 6 5 2 
275 0 5 4 1 3 
276 3 5 0 7 6 
277 0 7 4 5 
278 0 4 3 2 5 
279 2 5 6 4 7 3 
280 0 3 6 2 7 
281 5 6 3 7 
282 3 6 4 2 7 5 
283 7 4 1 3 
284 7 6 4 2 5 
285 1 5 6 0 7 2 
286 4 3 1 2 0 
287 1 3 2 5 
288 1 3 0 2 
289 5 4 1 7 3 
290 3 5 6 4 7 
291 0 3 2 
292 2 5 6 3 7 4 
293 1 5 3 4 2 
294 6 3 5 2 
295 7 3 2 5 
296 0 5 2 
297 2 7 3 5 
298 4 6 5 1 7 
299 3 0 5 1 4 
300 1 5 3 4 2 
301 3 6 2 7 
302 5 2 
303 3 6 4 7 2 
304 6 0 2 7 
305 2 5 
306 0 5 6 4 7 3 
307 5 4 3 7 
308 7 5 2 
309 5 3 2 0 
310 1 0 2 
311 1 5 2 
312 4 5 6 3 7 
313 7 0 1 3 2 
314 6 0 3 1 2 
315 2 4 3 5 
316 2 4 3 5 7 
317 4 3 0 2 
318 7 6 4 3 2 
319 2 3 
320 2 3 5 
321 7 1 0 4 2 5 
322 6 4 1 7 3 
323 1 0 3 2 
324 2 3 1 0 
325 0 3 2 5 
326 1 0 4 7 2 
327 3 6 5 7 0 
328 4 5 2 
329 6 5 2 7 
330 5 0 4 
331 0 5 1 4 
332 4 1 3 0 2 
333 5 3 2 
334 3 5 0 6 4 
335 6 1 0 2 
336 5 0 7 6 1 3 
337 4 5 6 2 7 
338 1 5 3 4 2 
339 0 6 5 1 7 
340 0 3 2 
341 2 4 1 0 5 
342 1 5 0 4 2 
343 6 5 2 
344 0 5 3 4 2 
345 5 0 3 1 7 2 
346 5 0 7 6 1 3 
347 1 0 5 3 7 2 
348 7 3 5 2 
349 7 5 2 
350 5 3 2 0 
351 3 6 5 1 7 
352 1 7 4 5 0 
353 5 6 4 7 3 
354 1 6 4 2 7 5 
355 2 5 6 3 7 
356 2 5 0 6 4 
357 0 5 1 4 
358 6 4 1 7 3 
359 7 0 6 1 5 3 
360 0 7 4 5 
361 2 5 0 4 
362 4 0 5 1 
363 3 5 6 7 2 
364 0 7 1 6 2 5 
365 3 0 5 4 
366 5 0 1 2 
367 5 4 0 1 3 
368 4 6 5 1 7 
369 2 4 3 5 
370 0 6 7 
371 6 0 5 3 1 7 2 
372 7 6 0 
373 6 5 0 4 
374 1 3 5 2 
375 3 0 1 2 
376 1 5 6 3 4 7 
377 6 5 2 7 
378 6 0 7 1 5 3 
379 3 6 4 7 2 
380 2 5 3 4 
381 5 6 4 3 7 2 
382 7 3 2 5 
383 3 4 5 7 
384 7 6 5 2 
385 0 6 1 4 7 3 
386 5 4 0 
387 1 3 2 5 
388 4 5 6 3 7 
389 1 0 7 2 5 
390 6 0 5 4 7 
391 3 1 0 4 2 5 
392 6 0 5 1 4 
393 5 2 0 
394 6 3 1 2 0 
395 0 3 4 6 2 7 
396 5 0 7 6 1 3 
397 7 5 6 4 3 
398 1 0 2 
399 4 0 3 1 2 
400 4 6 5 1 7 3 
401 4 3 2 5 
402 4 0 1 7 2 5 
403 2 0 3 
404 0 5 7 6 
405 2 0 3 
406 5 6 4 2 7 
407 1 0 4 7 2 
408 1 0 5 4 
409 5 3 7 2 
410 2 0 6 1 4 7 3 
411 5 7 0 1 6 2 
412 5 6 2 7 
413 6 5 2 7 
414 6 7 4 5 0 
415 2 0 
416 1 6 4 2 7 5 
417 4 5 2 
418 7 5 0 6 
419 2 3 5 
420 1 3 7 5 2 
421 4 3 1 2 0 
422 6 5 1 7 3 
423 7 6 4 2 5 
424 0 7 3 5 2 
425 2 6 5 
426 4 2 0 5 
427 1 5 6 0 7 2 
428 4 5 6 2 7 
429 7 0 3 1 2 
430 5 4 0 1 3 
431 3 2 
432 6 5 3 4 7 
433 7 3 5 2 
434 5 1 2 3 6 0 7 
435 3 5 6 2 7 
436 0 5 6 2 7 
437 6 4 2 7 5 
438 5 0 4 2 
439 3 5 4 2 
440 1 3 0 2 
441 4 1 3 0 2 
442 4 0 6 1 7 3 
443 2 5 6 3 7 
444 2 0 7 6 1 5 3 
445 4 5 6 7 3 
446 7 6 5 2 
447 3 4 5 7 
448 4 3 6 2 7 
449 0 5 2 
450 6 5 3 4 2 
451 1 7 0 6 2 5 
452 2 5 6 3 4 7 
453 0 3 1 2 
454 3 6 0 5 
455 3 0 1 2 
456 4 5 6 3 7 
457 6 5 2 
458 6 5 3 7 
459 0 3 2 
460 4 5 0 
461 7 5 6 2 
462 2 4 1 0 5 
463 7 6 0 
464 5 0 6 1 4 7 3 
465 4 3 2 5 
466 4 0 2 7 
467 0 7 4 5 
468 0 5 6 3 7 2 
469 2 6 4 7 5 
470 0 3 2 
471 2 3 0 
472 0 3 5 2 
473 5 6 7 0 
474 3 5 4 0 
475 7 6 4 2 5 
476 7 4 1 3 
477 7 1 3 0 2 
478 5 3 4 2 
479 2 3 5 
480 1 5 6 3 7 
481 5 0 3 1 2 
482 1 3 2 0 
483 0 5 4 
484 2 5 6 7 
485 0 1 7 2 5 
486 6 1 3 0 2 
487 7 6 5 2 
488 0 1 2 3 6 5 7 
489 2 3 5 
490 4 3 2 5 
491 3 7 5 2 
492 0 3 2 
493 3 0 1 2 
494 4 0 1 6 2 7 
495 3 6 5 2 7 
496 6 3 2 5 
497 2 0 5 3 1 7 
498 0 1 3 2 
499 5 0 7 6 
500 7 0 1 6 2 5 
501 6 7 3 5 2 
502 1 0 5 4 
503 3 7 5 2 
504 1 5 6 3 7 4 
505 7 6 4 2 5 
506 6 7 0 
507 2 6 5 
508 2 3 0 
509 4 6 0 5 
510 7 0 2 
511 3 5 4 2 
512 4 5 6 7 3 
513 0 5 6 3 7 2 
514 6 3 5 7 
515 1 6 5 7 3 
516 2 3 6 7 
517 0 6 3 5 7 
518 3 1 0 2 
519 3 0 5 4 7 
520 6 0 4 1 7 2 
521 6 5 0 4 2 
522 6 5 3 7 4 
523 0 6 3 5 7 
524 4 5 6 1 0 7 2 
525 7 3 2 0 
526 2 3 1 0 
527 7 4 3 5 
528 5 0 4 7 
529 4 6 5 1 7 
530 4 3 2 0 
531 0 5 4 
532 0 6 3 5 7 
533 2 0 5 
534 0 3 2 5 
535 2 6 3 5 7 0 
536 0 1 2 
537 5 0 6 4 
538 3 6 5 1 7 
539 7 2 5 0 4 
540 7 3 0 2 
541 7 5 6 1 0 2 
542 7 0 2 
543 2 3 5 
544 1 3 2 
545 5 0 6 4 
546 1 0 7 2 5 
547 0 6 4 3 7 2 
548 2 3 4 6 7 
549 0 5 6 3 4 7 
550 6 5 2 
551 7 0 5 3 1 2 
552 0 5 6 1 7 2 
553 2 5 6 3 7 
554 4 6 5 2 7 
555 3 0 5 4 
556 0 6 5 
557 3 5 4 2 
558 5 6 0 
559 3 1 0 2 
560 6 3 2 5 
561 2 0 
562 0 5 4 7 
563 7 3 5 2 
564 7 5 6 3 4 
565 6 5 2 7 
566 1 6 5 7 
567 3 5 6 4 7 
568 1 0 3 2 
569 7 5 6 3 2 
570 6 5 1 7 
571 2 3 6 7 
572 2 0 5 1 4 
573 6 5 4 0 
574 7 5 6 3 2 
575 3 2 5 0 4 
576 7 1 0 2 
577 0 5 4 2 
578 6 5 0 7 
579 1 0 5 4 
580 2 3 5 
581 0 5 6 4 
582 3 0 1 7 2 5 
583 3 5 0 6 4 
584 6 7 0 
585 6 1 2 3 5 0 7 
586 6 7 0 
587 0 1 2 
588 4 3 2 5 
589 6 7 0 
590 2 0 4 1 7 
591 7 6 4 2 5 
592 5 3 2 0 
593 4 3 2 5 
594 4 0 3 2 
595 0 3 1 2 
596 0 1 7 2 5 
597 3 5 4 0 1 
598 0 2 
599 3 6 7 0 
600 0 7 4 5 
601 5 6 3 7 
602 3 5 2 
603 7 6 0 5 
604 7 1 2 3 6 5 0 
605 7 0 1 2 5 
606 6 0 5 3 1 7 2 
607 2 5 6 4 7 3 
608 1 3 6 2 7 
609 5 0 1 6 2 7 
610 1 7 3 5 2 
611 0 6 5 2 
612 2 0 5 1 4 
613 0 3 7 5 2 
614 6 5 2 
615 7 4 3 5 
616 0 6 5 1 7 3 
617 2 5 
618 4 1 7 3 
619 3 2 5 
620 0 6 3 5 7 
621 3 5 4 0 
622 5 0 4 1 7 2 
623 3 2 5 
624 6 4 3 7 2 
625 2 5 0 4 
626 0 5 4 7 
627 6 2 0 5 
628 7 3 2 5 
629 6 0 2 7 
630 1 0 2 
631 3 0 2 
632 1 0 5 3 7 2 
633 7 0 2 
634 6 7 4 5 0 
635 2 0 
636 2 6 5 
637 6 0 7 1 5 3 
638 7 4 1 3 
639 3 7 4 5 0 
640 7 5 3 4 2 
641 1 4 7 3 
642 6 7 0 
643 1 0 6 2 7 
644 2 3 5 
645 0 3 4 6 2 7 
646 3 6 4 2 7 5 
647 3 5 6 1 0 7 2 
648 6 4 3 5 7 
649 6 0 3 1 2 
650 6 1 0 4 2 5 
651 0 3 2 
652 4 2 5 0 
653 7 3 6 2 
654 2 0 4 1 7 
655 7 0 1 6 2 5 
656 5 3 2 
657 4 0 6 1 7 3 
658 4 0 1 7 2 
659 0 1 2 
660 0 5 7 6 
661 2 7 3 5 
662 0 4 1 5 2 
663 2 7 0 1 6 5 
664 0 3 4 6 2 7 
665 5 1 2 3 6 0 7 
666 3 0 7 6 1 5 
667 7 0 1 2 
668 7 5 4 0 
669 7 6 5 1 
670 7 6 0 5 
671 2 5 3 4 
672 1 6 4 2 7 5 
673 5 6 1 7 3 
674 1 0 2 
675 0 5 6 4 7 3 
676 2 0 1 3 
677 0 4 3 2 5 
678 6 5 4 0 
679 7 4 3 5 
680 0 3 4 6 2 7 
681 2 5 3 4 
682 4 5 6 3 7 
683 3 5 6 4 7 
684 0 6 1 4 7 3 
685 3 5 6 1 0 7 2 
686 5 0 4 
687 3 4 6 2 7 
688 6 3 4 2 7 
689 3 6 5 7 0 
690 0 5 4 1 3 
691 6 5 4 0 
692 7 0 1 2 5 
693 6 0 5 
694 1 2 0 
695 3 0 6 1 4 7 
696 1 5 4 0 
697 7 5 6 1 0 2 
698 6 1 0 4 2 5 
699 2 0 5 
700 2 6 5 1 7 3 
701 6 4 3 2 5 
702 7 0 1 6 2 
703 3 5 6 7 2 
704 7 3 4 6 2 
705 0 4 3 2 5 
706 6 3 4 2 7 
707 1 0 2 
708 2 5 4 0 1 3 
709 0 4 3 5 7 
710 3 5 6 7 2 
711 3 0 1 2 
712 6 0 3 2 
713 6 5 1 7 
714 6 0 5 4 
715 0 1 2 3 6 5 7 
716 4 0 1 7 2 5 
717 7 4 5 0 
718 2 6 5 
719 7 3 2 
720 5 0 1 6 2 7 
721 4 5 0 6 
722 4 5 0 2 
723 0 7 6 1 5 3 
724 0 5 4 2 
725 2 0 4 1 7 
726 0 5 4 2 
727 2 7 0 1 6 5 
728 0 3 5 2 
729 5 4 3 7 
730 3 4 1 7 
731 7 5 3 4 2 
732 7 3 5 2 
733 7 3 2 
734 7 5 6 3 4 
735 2 4 3 5 
736 1 3 2 0 
737 5 2 0 
738 1 0 5 3 7 2 
739 0 3 2 
740 2 3 1 0 
741 0 5 3 4 2 
742 6 0 7 1 5 3 
743 7 5 3 4 2 
744 0 4 1 7 3 
745 2 3 4 6 7 
746 4 7 3 5 2 
747 3 5 6 4 7 
748 0 1 4 2 5 
749 3 5 0 4 2 
750 5 0 7 6 
751 3 2 0 
752 6 0 5 3 1 7 2 
753 2 0 1 7 5 
754 0 5 4 
755 6 4 3 7 2 
756 7 0 3 2 
757 6 2 5 0 4 
758 1 7 3 5 2 
759 3 2 0 
760 1 0 2 
761 7 1 0 2 
762 6 3 5 7 
763 2 1 0 4 5 
764 2 6 4 7 5 
765 6 1 2 3 5 0 7 
766 7 3 6 2 
767 3 6 5 7 
768 7 4 3 5 
769 0 6 5 
770 6 5 2 7 
771 1 6 5 2 7 
772 2 7 0 1 6 5 
773 0 5 3 4 2 
774 3 6 2 7 
775 3 0 1 7 2 5 
776 6 2 0 5 
777 6 5 3 7 
778 6 5 3 4 7 
779 0 3 1 2 
780 4 6 3 7 2 
781 5 2 0 
782 2 6 0 5 
783 5 6 1 0 7 2 
784 5 0 2 7 
785 4 6 5 1 7 3 
786 4 6 5 1 7 3 
787 0 5 6 4 
788 0 6 1 4 7 3 
789 2 3 1 0 
790 0 7 4 5 
791 2 5 0 4 
792 0 1 4 2 5 
793 5 1 0 4 2 
794 3 0 1 2 
795 5 6 4 7 3 
796 5 0 4 7 
797 5 1 0 2 
798 7 6 3 5 
799 2 0 6 1 4 7 3 
800 1 0 5 4 
801 5 3 1 2 0 
802 1 0 4 2 5 
803 1 0 5 4 
804 2 5 0 4 
805 1 2 3 6 5 0 7 
806 6 5 3 7 2 
807 7 3 6 2 
808 1 5 0 7 6 
809 2 0 3 1 
810 4 2 0 5 
811 3 7 5 2 
812 1 5 6 3 4 7 
813 3 6 7 0 
814 5 3 1 2 0 
815 3 5 0 4 2 
816 4 0 5 1 
817 2 1 0 4 5 
818 1 5 2 
819 7 6 4 3 2 
820 5 4 0 1 3 
821 4 1 0 5 2 
822 1 5 0 6 4 
823 3 0 2 
824 1 0 4 7 2 
825 4 1 3 0 2 
826 4 3 6 2 7 
827 2 4 1 7 3 
828 2 6 5 
829 6 5 0 4 2 
830 5 7 3 2 
831 3 2 0 5 
832 4 3 2 
833 1 0 2 7 
834 5 0 4 1 7 2 
835 1 0 2 7 
836 2 3 1 0 
837 1 0 4 7 2 
838 3 0 1 2 
839 3 2 5 
840 4 3 0 2 
841 4 6 5 1 7 3 
842 5 0 1 7 2 
843 1 2 3 6 5 0 7 
844 4 0 2 7 
845 5 2 0 4 
846 1 3 0 2 
847 5 3 4 2 
848 5 7 3 2 
849 4 1 0 2 
850 4 1 7 3 
851 2 0 5 4 7 
852 1 3 4 6 2 7 
853 2 3 7 5 
854 1 5 6 0 7 2 
855 2 3 5 
856 1 6 4 3 7 2 
857 5 3 2 
858 2 7 0 1 6 5 
859 5 3 2 0 
860 5 0 7 6 
861 5 6 2 7 
862 5 0 4 7 
863 3 5 4 0 1 
864 1 0 2 
865 5 3 7 2 
866 1 2 5 0 4 
867 1 7 0 6 2 5 
868 2 6 5 
869 1 5 0 6 4 
870 6 3 5 7 
871 7 4 3 2 5 
872 1 0 2 7 
873 2 5 
874 4 1 0 2 5 
875 3 2 5 
876 1 0 3 2 
877 3 5 4 2 
878 5 3 2 
879 3 0 1 2 
880 4 3 2 5 
881 2 5 6 1 0 7 
882 1 3 0 2 
883 5 7 3 2 
884 5 3 1 2 0 
885 4 5 6 7 3 
886 1 0 5 3 7 2 
887 1 0 3 2 
888 1 3 0 2 
889 4 0 5 7 
890 4 0 1 3 2 
891 4 5 3 2 
892 2 3 5 
893 4 0 1 3 2 
894 7 5 6 3 2 
895 3 6 2 7 
896 4 5 0 1 3 
897 1 5 6 0 7 2 
898 6 3 2 0 
899 1 0 6 4 7 3 
900 2 0 5 
901 1 0 2 7 
902 1 4 0 5 2 
903 3 0 1 2 
904 5 6 2 7 
905 6 2 0 
906 5 6 3 7 
907 1 6 0 5 
908 5 0 7 6 1 3 
909 7 3 2 5 
910 5 0 1 3 2 
911 4 3 2 5 
912 5 6 3 7 0 
913 5 1 3 0 2 
914 5 0 1 6 2 7 
915 7 0 2 
916 3 2 
917 5 3 2 
918 5 1 2 3 6 0 7 
919 5 4 0 
920 1 7 3 5 2 
921 5 0 4 7 
922 5 6 0 
923 5 3 7 2 
924 5 3 1 2 0 
925 7 5 6 3 
926 5 0 1 2 
927 7 2 0 5 
928 6 0 5 
929 5 3 2 
930 7 0 1 2 5 
931 7 5 3 4 2 
932 6 5 1 7 3 
933 4 5 6 7 3 
934 6 2 0 5 
935 7 6 0 5 
936 4 1 0 2 
937 7 1 0 4 2 5 
938 5 3 4 2 
939 5 0 1 4 
940 4 0 1 6 2 7 
941 7 6 5 1 
942 5 4 1 0 2 
943 5 4 3 2 
944 6 4 1 7 3 
945 7 5 0 6 
946 5 7 4 0 
947 5 6 7 0 
948 7 3 2 5 
949 6 3 7 5 2 
950 4 1 3 0 2 
951 4 1 3 0 2 
952 4 5 6 3 7 
953 6 0 1 4 7 3 
954 6 2 0 5 
955 4 5 6 3 7 
956 4 5 6 7 3 
957 6 0 1 2 7 
958 7 0 1 6 2 
959 5 3 2 
960 4 0 5 1 
961 7 5 3 4 2 
962 6 3 2 7 
963 2 0 7 
964 3 0 4 1 7 2 
965 1 4 0 5 2 
966 3 6 2 7 
967 3 4 5 7 
968 4 3 2 5 
969 6 2 0 
970 6 3 2 
971 1 0 6 4 7 3 
972 4 3 5 2 
973 7 0 4 1 2 
974 3 6 4 2 7 5 
975 7 4 1 0 5 2 
976 5 6 1 7 3 
977 4 5 6 3 7 
978 4 6 5 2 
979 1 6 4 3 7 2 
980 1 3 2 
981 3 5 2 
982 1 5 4 0 3 
983 3 0 7 6 1 5 
984 1 6 5 7 
985 5 3 4 2 
986 3 5 6 7 
987 7 5 6 3 
988 6 3 5 2 
989 6 4 1 0 5 2 
990 5 6 3 4 7 
991 3 2 0 
992 1 5 0 4 2 
993 5 4 3 2 
994 1 4 0 5 2 
995 1 5 6 3 7 
996 3 0 2 
997 1 3 0 2 
998 6 5 0 7 
999 7 5 6 3 4 
1000 1 5 0 7 6 
1001 3 5 6 7 2 
1002 4 1 2 3 6 5 0 7 
1003 3 6 5 2 7 
1004 1 4 0 5 2 
1005 3 2 5 
1006 5 0 3 2 
1007 3 4 2 5 
1008 4 7 0 1 6 2 5 
1009 7 2 0 
1010 5 4 1 0 2 
1011 5 6 3 7 
1012 5 4 3 7 
1013 4 3 0 2 
1014 4 6 3 5 7 0 
1015 4 3 2 5 
1016 4 3 2 
1017 4 5 6 3 7 
1018 4 0 6 1 7 3 
1019 4 5 0 6 
1020 5 0 7 6 1 3 
1021 4 6 3 7 2 
1022 5 0 1 4 
1023 4 0 5 7 
