0 6 0 1 7 
1 2 0 7 6 
2 1 6 7 4 0 
3 2 6 1 7 4 0 
4 6 1 2 0 7 
5 1 4 5 3 
6 3 4 5 
7 3 0 4 2 5 6 
8 2 7 4 5 6 
9 1 5 0 6 4 
10 1 3 7 6 0 
11 4 0 1 6 5 
12 6 1 0 
13 5 0 1 7 6 
14 2 4 5 1 
15 3 5 2 7 6 0 
16 0 4 1 7 
17 5 2 0 3 4 
18 6 2 0 3 
19 6 5 7 1 0 
20 4 6 0 1 5 2 
21 5 4 1 7 0 
22 3 0 6 1 7 5 
23 1 4 3 0 2 5 
24 2 0 1 4 
25 0 1 4 
26 3 2 7 6 0 
27 0 6 1 7 4 
28 6 5 2 7 3 0 
29 7 2 6 1 
30 6 7 2 1 
31 3 2 6 7 0 
32 6 0 7 4 
33 2 4 5 1 
34 1 4 5 6 7 0 
35 2 3 5 4 0 
36 6 7 2 1 
37 1 4 7 0 
38 3 2 0 
39 3 0 1 4 
40 2 7 1 
41 1 2 0 5 4 
42 1 2 3 5 4 0 
43 4 0 1 7 6 
44 6 5 4 2 3 
45 5 6 7 1 
46 2 1 3 0 6 
47 3 5 4 2 
48 0 2 1 3 6 
49 5 6 7 0 
50 6 0 7 4 
51 6 7 4 5 
52 4 3 0 2 
53 5 0 2 1 4 
54 3 0 2 4 5 
55 1 7 2 
56 2 5 7 4 6 0 
57 0 7 4 5 6 
58 3 2 6 7 0 
59 0 4 2 5 6 
60 6 2 0 3 
61 7 3 2 6 0 
62 6 5 4 2 3 
63 3 4 5 1 
64 6 5 4 2 3 
65 2 7 6 0 
66 1 2 0 6 3 
67 2 6 0 7 4 
68 6 0 1 7 5 
69 1 7 2 6 
70 3 4 1 0 5 
71 3 4 1 5 0 
72 2 7 4 5 6 
73 1 2 7 6 0 
74 1 6 7 
75 4 2 6 3 7 0 
76 6 5 4 1 0 
77 5 0 1 4 
78 2 6 3 7 0 
79 3 0 1 4 
80 0 5 1 6 4 
81 5 2 6 3 7 4 0 
82 6 1 7 4 0 
83 6 3 2 7 0 
84 4 6 0 1 5 2 
85 5 4 7 6 0 
86 3 4 7 5 2 
87 1 5 7 6 0 
88 2 3 0 
89 0 2 6 3 7 
90 3 5 4 1 0 
91 0 4 1 7 
92 6 7 2 
93 7 2 6 1 
94 6 3 7 4 5 2 
95 3 0 2 1 4 
96 6 4 5 1 
97 2 0 1 4 
98 1 0 3 2 5 
99 2 3 7 4 5 6 
100 6 4 5 
101 1 2 0 6 3 
102 2 4 7 6 0 
103 3 0 2 7 6 
104 2 5 4 1 0 
105 0 2 1 4 
106 1 5 7 6 0 
107 4 5 1 
108 6 2 5 3 7 4 0 
109 5 7 4 6 2 
110 2 0 1 7 6 
111 3 6 5 7 4 1 
112 0 3 7 6 2 
113 5 2 3 0 4 
114 6 5 0 1 4 
115 6 2 3 7 0 
116 4 2 0 3 5 
117 5 0 4 2 6 
118 3 2 7 6 0 
119 1 5 4 0 
120 2 6 7 0 
121 0 4 2 6 7 5 1 
122 3 0 1 4 
123 0 6 1 7 5 
124 6 1 4 5 0 
125 7 0 5 1 6 4 
126 6 5 4 2 3 
127 3 0 1 4 
128 6 0 1 4 
129 2 6 4 0 1 5 
130 1 6 5 7 4 
131 2 0 3 4 5 
132 6 3 7 0 
133 1 7 2 
134 3 7 2 6 1 
135 1 0 4 
136 2 0 7 6 
137 1 7 4 5 6 
138 1 5 6 4 7 
139 4 5 1 
140 6 2 3 7 0 
141 5 6 7 4 1 
142 2 6 1 7 4 0 
143 3 4 7 6 0 
144 0 4 1 5 
145 5 4 1 
146 6 0 1 4 
147 6 3 7 0 
148 4 1 2 0 5 
149 5 0 3 
150 3 2 0 6 
151 1 7 4 5 6 
152 2 4 5 6 7 0 
153 0 2 1 4 
154 3 0 4 2 5 6 
155 0 4 1 5 
156 6 5 4 2 3 
157 7 5 4 6 0 
158 6 7 2 1 
159 3 4 5 6 7 0 
160 6 2 3 5 4 0 
161 2 3 0 
162 1 6 7 0 
163 2 4 7 6 0 
164 6 1 2 0 7 
165 1 0 4 6 5 
166 3 7 4 5 6 2 
167 3 0 4 1 6 5 
168 2 0 5 1 7 6 4 
169 1 0 2 4 
170 1 0 4 2 5 6 
171 4 2 0 6 3 
172 6 7 2 1 
173 5 6 4 7 1 
174 2 5 7 4 6 0 
175 3 6 7 2 
176 0 4 1 5 
177 5 3 7 4 6 2 
178 6 4 7 0 
179 6 0 3 2 1 5 
180 4 5 7 1 6 0 
181 5 4 3 0 2 
182 3 0 
183 1 0 
184 2 7 1 
185 0 1 4 
186 2 0 1 4 
187 0 5 2 7 3 6 
188 6 4 5 
189 4 3 0 2 5 
190 6 0 3 7 2 
191 3 1 2 0 7 
192 6 7 4 5 2 
193 2 4 3 5 0 
194 1 0 3 2 
195 2 5 7 4 6 0 
196 6 4 5 3 
197 1 5 6 4 7 
198 3 7 4 5 6 2 
199 3 4 7 6 0 
200 2 0 5 1 7 6 4 
201 1 0 4 6 5 
202 1 0 4 2 5 6 
203 4 5 3 
204 6 4 2 7 5 1 
205 5 2 6 3 7 4 0 
206 2 4 6 7 5 1 
207 3 5 4 2 
208 0 2 3 4 5 
209 5 0 3 2 
210 6 5 0 1 4 
211 6 1 2 0 7 
212 4 6 0 7 
213 5 4 1 0 
214 3 6 4 0 1 5 2 
215 1 5 4 0 
216 2 0 3 6 
217 0 5 7 1 6 
218 3 0 2 
219 0 4 2 5 6 
220 6 7 1 
221 7 1 0 
222 6 7 2 1 
223 3 2 0 6 
224 6 4 7 3 5 2 
225 2 4 1 5 0 
226 1 2 0 5 4 
227 2 6 5 3 7 4 0 
228 6 0 4 2 5 
229 1 0 2 4 
230 3 6 7 0 
231 3 7 4 5 6 2 
232 2 3 7 4 5 6 
233 1 5 0 6 4 
234 1 6 0 7 4 
235 4 1 5 0 
236 6 4 7 3 5 2 
237 5 2 3 0 4 
238 2 5 7 1 6 0 
239 3 2 0 6 
240 0 3 2 
241 5 4 1 7 0 
242 6 5 2 7 3 0 
243 6 2 0 3 
244 4 5 6 7 0 
245 5 4 1 7 0 
246 3 1 0 
247 1 0 3 7 6 2 
248 2 6 7 1 
249 0 2 3 4 5 
250 3 4 5 6 7 0 
251 0 5 7 4 6 
252 6 3 2 7 0 
253 7 2 0 3 4 5 
254 6 7 2 
255 3 0 4 2 5 6 
256 6 2 3 0 4 5 
257 0 2 7 6 
258 1 0 4 
259 2 4 7 3 5 
260 6 0 3 2 
261 0 5 4 2 3 
262 3 2 0 4 5 
263 3 0 1 7 6 
264 2 6 4 5 
265 1 3 2 7 6 0 
266 1 5 0 6 4 
267 4 5 2 3 
268 6 2 1 3 0 
269 5 2 7 6 0 
270 2 7 1 
271 2 3 0 
272 0 6 1 7 5 
273 5 4 1 7 0 
274 6 5 2 7 3 0 
275 6 7 2 1 
276 4 1 5 0 
277 5 7 4 6 
278 3 0 2 7 6 
279 1 4 3 2 5 0 
280 2 1 0 5 4 
281 0 4 7 6 
282 3 0 2 4 5 
283 0 5 6 4 7 1 
284 6 0 2 3 4 5 
285 7 2 3 0 4 5 
286 6 5 4 3 2 
287 2 0 3 4 5 
288 6 3 7 4 5 2 
289 2 5 6 4 7 1 
290 1 4 3 2 5 0 
291 2 0 1 4 
292 6 3 2 7 0 
293 1 0 5 7 6 4 
294 3 2 1 0 6 
295 3 7 6 0 
296 2 0 7 6 
297 1 2 0 7 
298 1 4 5 3 
299 4 1 5 0 
300 6 0 5 1 7 4 
301 5 1 2 0 4 
302 2 0 7 6 
303 3 2 0 
304 0 3 
305 5 0 7 6 2 
306 6 4 3 2 5 0 
307 6 2 3 5 4 0 
308 4 0 7 6 2 
309 5 0 6 1 7 
310 3 0 2 
311 1 0 7 6 2 
312 2 3 7 6 0 
313 0 7 2 1 
314 3 0 2 1 5 
315 0 2 7 3 6 
316 6 2 3 5 4 0 
317 7 3 4 5 6 2 
318 7 3 2 0 
319 3 1 0 
320 6 5 7 1 0 
321 2 0 4 1 6 5 
322 0 5 6 4 7 1 
323 2 0 3 1 5 
324 6 5 4 3 2 
325 1 5 7 6 0 
326 3 4 0 2 5 
327 3 5 4 2 
328 1 0 7 6 2 
329 1 0 4 
330 1 0 2 4 
331 4 1 5 0 
332 6 2 7 0 
333 5 7 1 6 0 
334 2 0 3 6 
335 3 0 2 
336 0 3 7 6 2 
337 5 0 1 6 4 
338 6 0 5 1 7 4 
339 6 4 5 3 
340 4 0 1 
341 5 4 7 3 2 
342 2 4 1 0 5 
343 1 0 7 6 2 
344 2 0 5 1 7 6 4 
345 0 2 6 3 
346 3 0 7 6 2 
347 0 2 6 3 
348 6 0 3 2 
349 7 0 6 2 
350 6 0 1 7 5 
351 3 4 5 
352 6 7 4 5 
353 2 4 3 5 0 
354 1 0 2 3 4 5 
355 0 2 6 5 3 7 4 
356 6 2 0 3 
357 1 4 5 0 
358 0 5 6 4 7 1 
359 2 0 3 7 6 
360 2 7 4 5 6 
361 1 4 0 5 
362 0 1 4 5 
363 4 2 6 5 3 7 0 
364 6 0 1 7 
365 5 0 2 1 4 
366 1 2 6 3 7 0 
367 0 7 2 6 1 
368 0 4 5 3 
369 5 0 2 7 3 6 
370 7 6 0 
371 6 2 0 3 
372 4 6 7 0 
373 5 2 0 3 6 
374 0 2 1 3 6 
375 0 3 2 1 5 
376 0 4 5 6 7 
377 0 5 1 6 4 
378 0 3 7 6 2 
379 0 3 2 
380 6 0 7 4 
381 7 3 2 0 
382 6 3 7 0 
383 0 2 3 5 4 
384 7 0 1 4 
385 2 6 5 7 4 1 
386 1 6 7 
387 2 0 3 4 5 
388 7 3 2 6 0 
389 1 4 2 6 7 5 
390 3 7 4 5 6 2 
391 3 0 4 1 6 5 
392 2 1 4 5 0 
393 1 5 4 0 
394 1 5 4 3 2 
395 4 6 0 1 5 2 
396 7 0 3 6 2 
397 4 3 2 5 0 
398 2 3 0 
399 3 0 2 1 5 
400 0 5 7 4 6 
401 5 3 7 6 0 
402 6 4 2 7 5 1 
403 4 0 1 
404 4 1 5 0 
405 5 0 1 4 
406 3 0 2 4 5 
407 1 4 3 0 2 5 
408 2 1 4 5 0 
409 0 3 2 
410 3 6 5 7 4 1 
411 0 1 7 6 
412 6 0 1 4 
413 7 5 0 1 6 4 
414 6 7 4 5 
415 3 5 4 1 0 
416 6 0 2 3 4 5 
417 2 0 7 6 
418 1 4 5 0 
419 2 1 3 0 6 
420 6 0 3 2 
421 1 5 4 3 2 
422 3 5 7 4 6 0 
423 3 0 2 4 5 
424 2 1 0 7 
425 1 5 2 7 3 6 0 
426 1 6 4 5 
427 4 2 3 0 5 
428 6 5 0 1 4 
429 5 0 3 2 1 
430 2 7 6 1 
431 3 1 0 
432 0 4 5 6 7 
433 5 0 3 2 
434 6 1 7 4 0 
435 6 5 0 1 4 
436 4 5 0 1 6 
437 5 0 2 3 4 
438 3 4 1 0 5 
439 1 6 0 7 4 
440 2 3 7 4 5 6 
441 0 2 7 6 
442 3 6 5 7 4 1 
443 0 4 7 6 
444 6 0 3 7 2 
445 7 4 3 2 5 0 
446 6 5 2 7 3 0 
447 3 2 5 4 0 
448 6 4 0 1 5 2 
449 2 0 7 6 
450 1 6 0 7 4 
451 2 0 1 7 6 
452 6 4 5 7 0 
453 1 5 4 3 2 
454 3 6 7 2 
455 3 0 2 1 5 
456 2 4 7 6 0 
457 1 0 7 6 2 
458 1 4 7 6 0 
459 4 1 0 
460 6 7 1 
461 5 0 1 6 4 
462 2 4 7 3 5 
463 3 6 7 0 
464 0 6 5 7 4 1 
465 5 3 7 6 0 
466 6 0 3 
467 6 7 4 5 
468 4 2 6 5 3 7 0 
469 5 0 2 3 4 
470 3 0 1 4 
471 1 0 6 7 5 
472 2 1 3 0 6 
473 0 6 7 
474 3 6 7 1 
475 0 2 3 4 5 
476 6 5 4 7 1 
477 7 2 6 0 
478 6 0 7 4 
479 3 7 6 0 
480 6 4 7 0 
481 2 0 3 1 5 
482 1 5 4 3 2 
483 2 0 1 4 
484 6 5 0 1 4 
485 1 4 2 6 7 5 
486 3 2 7 6 0 
487 3 0 1 4 
488 2 6 1 7 4 0 
489 1 2 3 0 6 
490 1 3 7 6 0 
491 4 0 3 2 
492 6 3 7 4 5 2 
493 5 2 6 3 7 0 
494 2 4 1 7 0 
495 3 0 1 4 
496 0 3 7 6 
497 5 2 0 6 3 
498 6 2 7 0 
499 6 4 1 5 0 
500 4 0 1 7 6 
501 5 1 2 0 7 
502 3 1 4 5 0 
503 1 0 3 2 
504 2 3 7 6 0 
505 0 2 3 4 5 
506 3 6 7 0 
507 0 5 2 7 3 6 
508 6 3 7 4 5 2 
509 7 6 2 
510 6 0 3 
511 3 6 0 7 4 
512 6 4 3 2 5 0 
513 2 6 5 3 7 4 0 
514 1 4 5 
515 2 5 7 4 6 0 
516 6 1 2 0 5 4 
517 1 5 4 2 3 
518 3 0 2 
519 3 7 4 5 6 2 
520 2 4 3 0 5 
521 1 4 0 5 
522 1 3 2 7 6 0 
523 4 5 2 3 
524 6 2 3 0 4 5 
525 5 0 6 1 7 
526 2 5 4 3 
527 3 2 5 4 0 
528 0 7 4 5 6 2 
529 5 4 3 
530 6 0 1 7 5 
531 6 7 1 
532 4 5 1 
533 5 6 4 
534 3 2 0 4 5 
535 1 5 4 2 3 
536 2 3 0 
537 0 2 3 6 
538 3 4 5 
539 0 4 2 5 6 
540 6 3 7 4 5 2 
541 7 2 3 0 4 5 
542 6 0 3 
543 3 7 6 0 
544 6 1 0 
545 2 0 3 6 
546 1 4 2 6 7 5 
547 2 3 0 
548 6 4 0 1 5 2 
549 1 4 5 6 7 0 
550 3 5 2 7 6 0 
551 3 2 0 6 
552 2 3 0 4 5 
553 1 2 6 5 3 7 4 0 
554 1 0 4 
555 4 0 2 1 
556 6 7 2 
557 5 0 1 7 6 4 
558 2 6 7 
559 3 0 2 
560 0 3 7 6 
561 5 4 1 0 
562 6 7 4 5 2 
563 6 0 3 2 
564 4 5 6 7 0 
565 5 0 1 4 
566 3 4 5 
567 1 4 5 6 7 0 
568 2 0 3 1 5 
569 0 2 6 5 3 7 4 
570 3 4 5 
571 0 1 2 5 4 
572 6 1 4 5 0 
573 7 6 1 
574 6 2 5 3 7 4 0 
575 3 0 4 2 5 6 
576 6 3 0 2 
577 2 4 1 0 5 
578 1 4 5 0 
579 2 1 4 5 0 
580 6 5 7 1 0 
581 1 2 0 3 6 
582 3 4 2 6 7 5 1 
583 3 2 0 6 
584 2 6 7 0 
585 1 6 7 4 0 
586 1 6 7 0 
587 4 3 0 2 
588 7 3 6 0 
589 5 6 7 0 
590 2 4 3 0 5 
591 3 0 2 4 5 
592 0 6 1 7 5 
593 5 0 2 7 3 6 
594 7 0 1 4 
595 7 0 3 2 1 5 
596 4 2 6 7 5 1 
597 5 7 2 6 1 
598 3 5 4 1 0 
599 1 6 7 0 
600 2 7 4 5 6 
601 0 4 5 1 
602 3 2 1 0 6 
603 0 6 7 2 
604 7 6 1 4 0 
605 7 4 2 6 5 1 
606 7 2 0 6 3 
607 3 4 2 5 0 
608 7 1 2 0 5 4 
609 2 4 1 7 0 
610 1 2 0 7 
611 2 5 7 3 6 0 
612 7 1 4 5 0 
613 1 0 3 2 
614 3 5 2 7 6 0 
615 3 2 5 4 0 
616 2 5 7 4 6 0 
617 1 0 7 6 2 
618 1 5 6 4 7 
619 4 5 7 1 6 0 
620 7 5 4 2 3 
621 5 6 7 1 
622 2 4 3 0 5 
623 3 2 0 4 5 
624 0 3 2 
625 5 4 1 0 
626 7 4 5 6 2 
627 7 6 4 5 
628 4 5 7 1 6 0 
629 5 0 3 
630 3 2 6 7 0 
631 1 0 4 
632 2 0 6 3 
633 0 3 
634 3 7 4 5 6 
635 0 5 4 1 
636 7 5 2 3 6 0 
637 7 0 3 6 2 
638 7 5 6 4 1 
639 3 7 4 5 6 
640 7 0 5 1 6 4 
641 2 5 6 4 7 1 
642 1 6 7 0 
643 2 4 1 7 0 
644 7 3 6 0 
645 1 6 4 0 5 2 
646 3 0 2 4 5 
647 3 2 0 4 5 
648 2 3 5 4 0 
649 1 0 3 2 5 
650 1 0 4 6 5 
651 4 0 6 1 7 5 
652 7 0 4 2 5 6 
653 5 1 2 0 4 
654 2 4 3 0 5 
655 3 0 1 7 6 
656 0 2 3 4 5 
657 5 6 7 4 1 
658 7 4 3 0 2 5 
659 7 2 6 3 0 
660 4 1 5 0 
661 5 1 2 0 7 
662 3 4 7 5 2 
663 1 0 7 6 
664 2 6 4 0 1 5 
665 0 6 1 7 4 
666 3 0 7 6 2 
667 0 2 6 3 7 
668 7 6 1 
669 7 4 5 3 
670 7 6 2 
671 3 6 0 7 4 
672 7 0 2 3 4 5 
673 2 5 7 4 6 0 
674 1 3 0 2 
675 2 4 3 5 0 
676 7 2 1 
677 1 0 2 7 3 6 
678 3 6 7 1 
679 3 2 5 4 0 
680 2 6 4 0 1 5 
681 1 0 5 7 6 4 
682 1 3 2 7 6 0 
683 4 3 2 5 0 
684 7 6 5 4 1 
685 5 2 3 0 4 
686 2 0 1 4 
687 3 6 4 0 1 5 2 
688 0 6 4 1 5 2 
689 5 4 2 3 
690 7 2 6 1 
691 7 6 1 
692 4 2 6 7 5 1 
693 5 6 7 2 
694 3 5 4 1 0 
695 1 6 5 7 4 
696 2 6 7 1 
697 0 2 3 4 5 
698 3 0 4 1 6 5 
699 0 6 4 5 
700 7 5 4 6 0 
701 7 0 2 3 6 
702 7 4 1 0 
703 3 2 6 5 7 4 0 
704 7 6 4 0 1 5 2 
705 2 0 7 3 6 
706 1 6 4 0 5 2 
707 2 6 3 7 0 
708 7 2 6 1 
709 1 2 3 5 4 0 
710 3 2 6 5 7 4 0 
711 3 0 2 1 5 
712 2 0 1 4 
713 1 4 5 3 
714 1 0 2 4 
715 4 6 1 7 0 
716 7 4 2 6 5 1 
717 5 7 4 6 
718 2 5 7 3 6 0 
719 3 1 0 
720 0 4 1 7 
721 5 2 0 3 6 
722 7 4 1 0 5 
723 7 0 3 6 2 
724 4 1 0 5 
725 5 4 3 0 2 
726 3 4 1 0 5 
727 1 0 7 6 
728 2 1 3 0 6 
729 0 2 3 5 4 
730 3 5 6 4 7 1 
731 0 6 7 4 
732 7 2 1 3 0 6 
733 7 1 0 
734 7 4 5 6 0 
735 3 0 2 7 6 
736 7 0 6 1 5 
737 2 6 4 5 
738 1 2 0 6 3 
739 2 1 0 
740 7 5 4 3 2 
741 1 0 5 7 6 4 
742 3 0 7 6 2 
743 3 6 0 7 4 
744 2 5 6 4 7 1 
745 1 6 4 0 5 2 
746 1 2 0 7 
747 4 3 2 5 0 
748 7 0 4 1 6 5 
749 5 4 1 0 
750 2 4 1 5 0 
751 2 5 4 1 0 
752 0 2 6 3 
753 5 4 2 6 7 1 
754 7 6 1 
755 7 3 2 0 
756 4 0 1 
757 5 0 4 2 6 
758 2 1 0 7 
759 1 0 6 7 5 
760 2 3 0 
761 0 3 2 
762 2 4 5 1 
763 0 4 1 6 5 
764 7 0 2 3 4 5 
765 7 6 1 4 0 
766 7 1 2 0 5 4 
767 2 4 5 1 
768 7 2 3 5 4 0 
769 2 6 7 
770 1 5 0 6 4 
771 2 0 1 4 
772 7 0 1 6 
773 1 6 0 7 4 
774 2 1 0 5 4 
775 1 4 2 6 7 5 
776 0 6 4 5 
777 1 4 7 6 0 
778 1 4 5 6 7 0 
779 4 5 3 2 
780 7 3 2 0 
781 5 6 4 
782 1 6 7 2 
783 0 2 3 4 5 
784 0 3 
785 5 7 4 6 0 
786 7 5 4 6 0 
787 7 2 0 3 6 
788 4 6 5 7 1 
789 5 4 3 2 
790 0 7 4 5 6 
791 1 4 0 5 
792 0 4 1 6 5 
793 0 4 1 6 5 
794 0 7 2 1 
795 0 4 3 2 5 
796 7 4 5 6 2 
797 7 3 0 2 
798 7 4 5 1 
799 0 6 5 7 4 1 
800 7 0 2 1 4 
801 0 5 4 3 2 
802 1 0 4 6 5 
803 0 2 1 4 
804 7 0 4 2 5 6 
805 1 6 7 4 0 
806 0 2 6 5 3 7 4 
807 0 1 2 5 4 
808 1 4 5 0 
809 0 3 2 1 5 
810 0 6 4 5 
811 4 1 2 0 7 
812 7 4 5 6 0 
813 5 6 7 0 
814 0 5 4 3 2 
815 0 4 1 5 
816 0 1 4 5 
817 5 0 4 1 6 
818 7 0 6 2 
819 7 3 2 0 
820 4 7 2 6 1 
821 5 4 7 3 2 
822 0 2 3 6 
823 0 3 7 4 5 6 2 
824 0 4 3 2 5 
825 0 2 7 6 
826 0 1 2 5 4 
827 0 5 6 4 7 1 
828 7 5 2 3 6 0 
829 7 4 1 0 5 
830 7 1 2 0 
831 0 6 4 5 
832 7 1 0 
833 0 3 
834 0 4 3 2 5 
835 0 3 
836 7 5 4 3 2 
837 0 4 3 2 5 
838 0 2 6 3 7 
839 0 2 3 4 5 
840 0 3 7 4 5 6 2 
841 0 5 7 4 6 
842 0 4 2 6 7 5 1 
843 4 6 1 7 0 
844 7 0 3 
845 5 0 4 2 6 
846 0 2 7 6 
847 0 6 7 4 
848 0 1 2 7 
849 5 3 0 2 
850 7 5 6 4 1 
851 7 4 5 6 2 
852 4 6 0 1 5 2 
853 5 0 3 2 
854 0 2 3 4 5 
855 0 2 1 3 6 
856 0 3 2 
857 0 5 7 1 6 
858 0 1 7 6 
859 0 6 1 7 5 
860 7 4 1 5 0 
861 7 0 1 4 
862 7 4 5 6 2 
863 5 7 2 6 1 
864 7 2 6 3 0 
865 7 0 3 2 
866 5 0 4 2 6 
867 7 0 1 6 
868 7 5 2 3 6 0 
869 6 2 0 3 
870 5 4 1 
871 5 0 2 7 3 6 
872 4 0 3 
873 6 0 7 2 
874 5 0 4 1 6 
875 4 3 7 6 0 
876 7 0 3 2 1 5 
877 5 0 1 7 6 4 
878 5 2 0 3 4 
879 5 7 2 1 
880 7 0 2 3 6 
881 5 2 3 0 4 
882 7 2 6 0 
883 7 1 2 0 
884 4 5 3 2 
885 5 4 3 2 0 
886 4 2 0 6 3 
887 5 0 3 2 1 
888 4 2 7 6 0 
889 5 7 4 6 2 
890 5 7 2 1 
891 5 0 1 7 6 4 
892 7 5 1 6 0 
893 7 2 1 
894 7 2 6 5 3 4 0 
895 5 1 2 0 4 
896 7 2 6 1 
897 7 2 3 0 4 5 
898 5 0 6 1 7 
899 7 6 5 4 1 
900 7 6 4 5 
901 6 0 3 
902 5 4 7 3 2 
903 5 7 2 1 
904 4 5 0 1 6 
905 6 5 4 1 0 
906 7 4 5 1 
907 4 6 7 2 
908 7 0 3 6 2 
909 5 7 1 6 0 
910 4 7 2 1 
911 5 0 2 7 3 6 
912 7 5 4 2 3 
913 5 2 7 6 0 
914 7 4 1 0 
915 7 0 3 
916 4 1 0 
917 5 2 0 3 4 
918 4 6 1 7 0 
919 5 6 7 1 
920 4 1 2 0 7 
921 5 7 4 6 2 
922 5 6 7 2 
923 4 0 3 2 
924 4 5 3 2 
925 4 7 6 0 
926 4 2 6 3 7 0 
927 5 6 4 
928 4 6 7 2 
929 4 3 7 6 0 
930 5 4 2 6 7 1 
931 4 6 0 7 
932 4 5 7 6 0 
933 4 3 2 5 0 
934 5 6 4 
935 5 6 7 2 
936 4 3 0 2 
937 4 0 1 6 5 
938 5 0 1 7 6 4 
939 4 1 5 0 
940 4 1 7 0 
941 5 4 3 
942 5 4 7 3 2 
943 5 0 2 7 3 6 
944 4 5 6 7 1 
945 5 4 1 0 
946 5 7 4 6 
947 4 6 7 0 
948 4 2 0 3 5 
949 5 0 3 2 
950 4 2 7 6 0 
951 5 2 7 6 0 
952 4 3 2 7 6 0 
953 5 6 7 4 1 
954 4 6 5 
955 5 3 2 7 6 0 
956 7 4 3 2 5 0 
957 7 4 1 0 
958 7 4 1 0 
959 5 2 1 3 0 6 
960 4 1 5 0 
961 4 0 5 1 7 6 
962 4 1 2 0 5 
963 4 0 3 
964 4 3 0 2 5 
965 4 7 3 5 2 
966 5 1 2 0 4 
967 5 2 3 4 0 
968 4 0 2 7 3 6 
969 4 5 1 0 
970 7 1 0 
971 4 6 5 7 1 
972 4 2 1 3 0 6 
973 5 4 3 0 2 
974 5 0 2 3 4 
975 4 7 3 5 2 
976 4 5 7 6 0 
977 4 5 6 7 0 
978 5 2 7 3 6 0 
979 7 3 2 0 
980 4 1 0 
981 4 2 1 3 0 6 
982 4 7 2 6 1 
983 4 0 3 7 6 2 
984 4 5 3 
985 4 0 5 1 7 6 
986 5 4 7 6 0 
987 4 7 6 0 
988 4 2 1 3 0 6 
989 7 4 3 5 2 
990 4 5 6 7 0 
991 4 0 6 1 7 5 
992 7 4 1 0 5 
993 7 0 2 3 6 
994 4 7 3 5 2 
995 7 4 6 0 
996 7 3 4 5 6 2 
997 6 3 7 4 5 2 
998 5 4 1 0 
999 5 3 2 7 6 0 
1000 4 1 5 0 
1001 6 2 5 3 7 4 0 
1002 7 6 1 4 0 
1003 4 0 1 
1004 7 4 3 5 2 
1005 4 2 0 3 5 
1006 4 0 1 
1007 4 0 2 7 3 6 
1008 7 0 1 6 
1009 4 5 1 0 
1010 7 4 3 5 2 
1011 7 4 5 1 
1012 4 2 3 5 0 
1013 4 3 7 5 6 2 
1014 4 5 2 3 
1015 4 5 7 1 6 0 
1016 4 1 0 
1017 4 3 2 7 6 0 
1018 4 6 5 7 1 
1019 4 2 0 3 6 
1020 7 0 3 6 2 
1021 4 3 2 0 
1022 4 1 5 0 
1023 4 7 5 6 2 
