0 3 4 5 7 6 
1 7 0 1 3 
2 0 1 2 
3 2 4 5 0 
4 2 4 5 0 1 7 
5 2 5 4 0 7 
6 7 3 0 2 6 
7 5 6 7 4 0 1 2 3 
8 4 0 1 2 6 
9 3 4 6 
10 4 0 5 1 2 
11 2 4 5 7 6 
12 6 4 0 7 2 
13 1 4 6 
14 7 2 0 3 1 6 
15 0 1 2 3 
16 2 0 1 3 
17 1 0 2 6 
18 1 3 2 6 
19 0 2 1 4 5 7 
20 4 0 7 6 2 
21 1 0 4 5 7 2 
22 0 2 4 7 3 6 
23 7 0 1 3 
24 5 0 1 6 3 
25 7 1 0 4 3 5 
26 0 1 2 3 
27 3 0 1 2 6 
28 6 0 3 1 2 
29 7 2 6 3 
30 0 4 5 1 2 
31 7 2 3 1 6 
32 7 4 5 6 
33 2 3 0 7 6 
34 5 2 3 1 6 
35 4 7 2 3 6 
36 0 4 7 6 2 
37 6 5 4 7 
38 3 4 5 0 2 
39 2 0 4 1 6 
40 7 2 6 
41 7 5 4 0 2 
42 3 0 1 2 
43 6 4 7 2 
44 1 2 7 6 
45 2 1 3 0 7 6 
46 6 0 1 4 5 7 2 
47 2 0 1 3 
48 4 0 1 5 7 2 
49 2 3 0 1 7 6 
50 6 0 1 2 3 
51 2 7 3 6 
52 7 1 0 2 
53 1 7 4 6 
54 4 3 0 7 2 6 
55 7 5 4 6 
56 3 7 4 6 
57 7 0 1 4 5 2 
58 3 4 5 0 6 2 
59 6 5 4 7 
60 5 4 6 7 
61 7 1 0 4 3 5 
62 3 2 4 6 
63 5 7 4 6 
64 3 2 0 1 4 5 7 
65 7 6 5 4 0 1 2 3 
66 0 5 1 4 7 2 
67 2 0 1 3 
68 2 5 4 6 7 
69 2 4 5 6 7 
70 7 2 0 3 1 6 
71 5 4 7 6 
72 4 0 5 1 7 2 
73 3 2 0 1 7 6 
74 4 0 1 2 6 
75 2 5 4 0 7 
76 6 4 7 3 
77 0 2 7 6 
78 7 5 4 0 2 
79 0 5 4 7 
80 2 4 5 6 
81 0 4 5 2 6 
82 1 3 0 2 7 6 
83 0 7 6 2 
84 4 0 1 7 6 2 
85 1 3 0 7 2 6 
86 0 1 4 3 5 7 
87 7 0 1 6 3 
88 5 0 1 2 3 
89 7 4 5 6 
90 0 7 4 5 6 
91 3 1 0 4 5 7 
92 6 4 5 2 
93 7 2 6 3 
94 0 2 7 6 
95 7 1 0 4 3 5 
96 7 0 1 6 3 
97 2 4 6 
98 5 4 6 7 
99 4 1 0 7 6 3 
100 0 1 4 5 7 2 
101 6 4 7 2 
102 3 7 4 5 6 
103 2 4 5 
104 7 1 0 2 
105 7 0 1 3 
106 3 5 4 2 6 
107 6 4 5 2 3 
108 1 5 4 7 6 
109 2 0 7 1 4 6 
110 6 3 5 4 2 
111 2 4 5 3 0 6 
112 4 3 0 1 7 2 6 
113 2 4 6 
114 6 1 0 2 
115 2 1 0 
116 7 0 6 2 
117 1 6 5 7 4 0 2 3 
118 4 1 0 3 5 7 
119 7 5 4 6 
120 3 4 7 6 
121 7 2 6 3 
122 3 4 5 2 
123 6 3 2 
124 5 2 1 3 0 7 6 
125 7 0 1 3 2 
126 3 7 2 6 
127 5 1 0 2 
128 3 4 5 0 2 
129 7 5 4 6 
130 0 4 5 2 3 
131 2 3 6 
132 2 3 0 7 6 
133 2 4 7 3 6 
134 7 4 6 
135 5 3 0 7 2 6 
136 4 5 7 6 
137 3 7 2 6 
138 4 2 0 3 1 7 6 
139 2 6 3 
140 6 5 4 7 
141 0 3 5 4 2 6 
142 7 0 1 3 
143 0 1 2 
144 2 5 4 0 7 
145 0 4 5 1 2 
146 1 4 5 2 
147 0 2 1 3 
148 4 5 7 
149 1 4 5 3 0 6 2 
150 0 1 2 
151 7 1 0 2 
152 5 0 1 2 6 
153 7 3 5 4 2 6 
154 0 7 1 6 2 
155 3 0 1 7 
156 6 2 3 
157 7 4 0 6 2 
158 0 1 2 6 
159 7 5 4 6 
160 7 5 4 6 
161 2 3 1 6 
162 5 0 4 7 2 6 
163 4 0 1 7 6 2 
164 1 0 7 4 2 6 
165 6 0 1 7 2 
166 3 2 4 6 
167 2 4 6 
168 7 3 0 2 6 
169 7 2 1 3 0 6 
170 3 1 0 4 5 7 
171 6 5 7 4 0 1 2 3 
172 1 2 3 6 
173 3 0 1 7 2 6 
174 6 0 1 2 
175 2 4 5 6 7 
176 4 7 6 3 
177 2 7 3 6 
178 6 2 3 1 
179 2 5 4 7 6 
180 6 0 3 1 2 
181 1 2 4 6 3 
182 4 2 7 3 6 
183 7 1 0 6 3 
184 3 2 0 1 7 6 
185 7 5 4 0 2 
186 3 2 4 6 
187 6 0 1 3 
188 5 0 1 3 2 
189 7 4 6 3 
190 3 0 7 1 6 2 
191 5 0 1 3 2 
192 3 5 4 7 6 
193 7 0 1 3 
194 0 5 4 1 2 6 
195 2 4 5 7 6 
196 2 4 6 3 
197 0 5 1 4 7 2 
198 7 2 0 3 1 6 
199 5 2 6 3 
200 4 5 0 1 2 6 
201 2 7 4 5 6 
202 4 0 7 1 6 2 
203 2 5 4 0 1 6 
204 6 0 5 1 4 7 2 
205 0 7 1 4 2 6 
206 7 4 6 3 
207 0 5 4 7 6 
208 2 0 3 
209 0 2 1 3 
210 1 5 4 7 6 
211 0 5 1 4 7 2 
212 4 2 7 6 3 
213 5 1 0 2 
214 0 1 3 2 
215 7 4 5 6 
216 5 0 3 2 
217 7 5 4 
218 0 4 5 1 2 
219 2 0 1 3 
220 4 3 0 1 7 2 6 
221 7 4 5 0 1 2 
222 0 2 1 4 5 7 
223 7 0 1 2 3 
224 7 4 6 
225 2 5 4 7 6 
226 5 3 0 2 1 7 6 
227 4 7 6 
228 0 1 4 5 7 2 
229 6 4 5 0 2 
230 3 0 1 7 2 6 
231 2 4 7 6 
232 7 4 5 0 2 
233 7 2 3 6 
234 3 5 4 2 6 
235 6 1 0 7 3 
236 1 3 2 6 
237 2 0 7 1 6 
238 6 4 
239 2 0 7 1 6 
240 4 7 2 6 
241 2 1 3 0 7 6 
242 6 0 7 1 4 2 
243 3 4 0 5 1 2 
244 7 5 4 
245 1 7 4 5 6 
246 4 5 3 0 6 2 
247 7 4 5 2 3 
248 3 5 4 6 7 
249 5 2 3 1 6 
250 3 2 6 
251 6 4 
252 5 4 2 3 
253 7 0 3 1 2 6 
254 3 0 5 4 7 2 6 
255 5 2 0 1 3 
256 3 7 4 5 6 
257 7 0 3 1 2 6 
258 0 4 6 
259 2 0 3 1 7 6 
260 2 1 0 
261 2 5 4 6 7 
262 7 4 5 2 
263 5 4 2 
264 4 2 3 1 6 
265 3 4 6 
266 4 0 3 2 
267 2 4 6 
268 6 5 4 0 1 2 
269 0 5 1 4 7 2 
270 7 3 0 2 1 6 
271 0 2 7 6 3 
272 2 0 7 1 6 
273 0 1 3 2 
274 1 2 3 6 
275 0 1 4 3 5 7 
276 6 0 2 4 1 
277 1 5 4 0 2 6 
278 0 2 4 6 3 
279 7 3 0 2 1 6 
280 5 7 4 6 
281 7 5 4 
282 0 6 5 7 4 1 2 3 
283 3 0 7 1 6 2 
284 6 0 1 2 
285 6 2 1 3 0 7 
286 0 4 5 2 6 
287 7 4 5 0 2 
288 7 4 5 2 6 
289 2 1 0 
290 5 1 0 7 6 3 
291 5 4 0 1 2 7 
292 0 4 5 2 3 
293 6 4 5 7 
294 3 2 6 
295 2 0 1 3 
296 4 0 1 7 6 2 
297 7 1 0 2 
298 3 2 7 6 
299 6 4 5 3 0 2 
300 1 3 2 6 
301 2 0 3 1 6 
302 6 0 3 1 2 
303 3 0 1 2 6 
304 4 7 6 
305 3 0 1 7 
306 6 2 0 1 4 5 7 
307 2 0 1 3 
308 7 2 0 1 3 
309 1 0 3 2 
310 4 5 6 7 
311 7 1 0 2 
312 3 0 2 
313 6 2 1 3 0 7 
314 3 0 1 6 
315 6 5 4 7 
316 5 0 1 7 6 2 
317 7 4 5 0 2 
318 3 5 4 6 7 
319 5 4 0 1 2 6 
320 3 4 0 5 1 2 
321 7 0 1 6 3 
322 0 7 4 5 6 
323 2 0 1 3 
324 2 3 1 6 
325 2 1 0 
326 7 4 0 6 2 
327 5 4 0 2 7 
328 4 7 2 6 
329 3 0 1 2 6 
330 4 5 6 7 
331 2 7 0 6 
332 6 4 5 3 0 2 
333 0 5 4 1 2 6 
334 7 0 1 6 2 
335 0 5 4 7 6 
336 2 0 1 4 5 7 
337 0 7 6 2 
338 1 3 0 2 7 6 
339 0 1 7 6 3 
340 5 1 0 2 
341 1 4 5 3 0 6 2 
342 0 3 1 7 2 6 
343 7 5 4 6 
344 5 4 7 2 6 
345 4 1 0 7 6 3 
346 1 0 2 
347 3 2 4 7 6 
348 6 0 3 2 
349 7 0 2 4 1 6 
350 1 0 3 7 
351 7 3 0 2 1 6 
352 7 0 1 4 2 6 
353 2 0 1 6 
354 4 3 0 2 1 7 6 
355 4 2 0 3 1 7 6 
356 0 4 6 
357 5 3 0 1 7 2 6 
358 3 4 5 2 6 
359 2 5 4 7 6 
360 7 5 4 
361 7 4 5 3 0 6 2 
362 3 2 1 6 
363 4 5 2 3 
364 1 0 3 2 6 
365 2 1 0 
366 6 7 4 
367 2 0 1 3 
368 4 5 0 2 
369 2 3 6 
370 6 2 1 3 0 7 
371 2 3 1 6 
372 7 2 6 3 
373 1 5 4 6 7 
374 4 7 2 3 6 
375 7 2 6 
376 3 0 1 6 
377 7 0 1 3 2 
378 3 4 6 
379 6 5 4 7 
380 5 7 0 6 2 
381 7 0 1 4 2 6 
382 3 4 5 0 1 2 7 
383 5 4 2 3 
384 3 4 7 2 6 
385 5 2 0 1 4 7 
386 0 1 2 3 
387 2 5 4 6 7 
388 2 4 5 6 7 
389 2 0 1 3 
390 7 4 6 
391 5 4 3 0 6 2 
392 4 5 0 2 7 
393 3 4 6 
394 5 2 3 1 6 
395 2 7 6 
396 5 4 7 6 
397 0 5 1 4 7 2 
398 5 1 0 2 
399 1 0 3 2 6 
400 2 4 5 0 1 7 
401 0 7 4 5 6 
402 1 0 3 2 6 
403 0 7 4 6 
404 6 5 4 0 2 7 
405 1 4 7 2 6 
406 0 5 1 4 7 2 
407 7 0 1 3 2 
408 5 0 7 1 4 2 6 
409 7 5 4 6 
410 0 1 7 6 2 
411 3 0 2 4 1 6 
412 6 7 4 
413 7 3 2 6 
414 0 5 1 4 7 2 
415 7 4 5 2 6 
416 7 0 1 6 2 
417 0 1 2 
418 5 1 0 7 6 3 
419 4 0 1 7 6 2 
420 0 4 5 2 3 
421 6 4 
422 3 5 4 7 6 
423 2 7 6 
424 7 0 3 1 2 6 
425 7 1 0 6 3 
426 3 7 0 6 2 
427 6 0 5 4 7 2 
428 1 4 7 2 6 
429 2 5 4 6 7 
430 6 2 7 
431 2 4 5 
432 5 0 1 7 6 2 
433 2 4 5 
434 6 4 0 7 2 
435 2 0 1 3 
436 7 5 4 6 
437 1 0 7 6 2 
438 4 5 0 1 2 6 
439 6 5 4 0 2 7 
440 3 0 1 2 6 
441 7 2 6 3 
442 3 7 0 6 2 
443 6 7 4 5 
444 1 4 5 2 
445 6 4 
446 3 2 4 7 6 
447 5 4 7 6 
448 3 4 5 7 6 
449 7 5 4 
450 0 3 7 2 6 
451 2 4 6 
452 2 0 1 7 6 
453 2 4 5 
454 7 4 6 
455 5 4 7 
456 4 5 6 7 
457 3 2 1 6 
458 4 3 2 6 
459 2 3 0 7 6 
460 7 0 1 4 5 2 
461 0 1 6 3 
462 6 3 0 2 1 7 
463 0 4 5 7 6 
464 2 4 6 
465 0 4 5 2 
466 1 5 4 6 7 
467 0 1 2 
468 4 0 7 1 6 2 
469 1 4 0 7 6 2 
470 0 1 3 2 
471 7 0 1 3 2 
472 5 2 7 6 3 
473 7 1 0 2 
474 0 2 7 6 
475 3 0 1 2 
476 6 2 4 7 3 
477 7 3 0 1 2 6 
478 0 4 7 6 2 
479 7 0 3 2 
480 7 4 2 6 
481 2 5 4 6 7 
482 5 0 1 3 2 
483 4 2 0 1 5 7 
484 0 6 5 7 4 1 2 3 
485 6 1 0 2 
486 3 5 4 0 1 2 6 
487 2 3 6 
488 7 2 4 3 6 
489 7 4 2 6 
490 3 7 4 5 6 
491 6 5 4 7 
492 1 2 0 3 7 6 
493 2 4 5 6 7 
494 5 4 3 0 6 2 
495 2 4 0 7 6 
496 4 5 6 7 
497 2 0 3 
498 6 1 0 2 
499 2 6 5 7 4 0 1 3 
500 7 2 4 3 6 
501 1 4 7 6 3 
502 4 5 2 3 
503 7 0 1 6 3 
504 3 7 4 5 6 
505 7 5 4 6 
506 3 4 5 0 6 2 
507 6 4 5 0 1 2 7 
508 5 4 2 
509 7 0 1 4 5 2 
510 1 0 7 6 2 
511 5 0 1 4 7 2 
512 3 6 5 7 4 0 1 2 
513 7 3 5 4 2 6 
514 0 3 1 2 6 
515 3 4 7 6 
516 2 4 5 0 1 7 
517 2 3 5 4 6 
518 7 4 5 6 
519 5 0 3 1 2 6 
520 4 5 6 7 
521 3 0 7 1 4 2 6 
522 4 0 3 2 
523 2 3 0 1 7 6 
524 6 0 1 7 2 
525 0 5 4 7 
526 7 2 0 1 4 5 
527 0 5 4 7 6 
528 2 4 5 
529 0 3 5 4 2 6 
530 1 2 7 6 
531 0 3 2 6 
532 4 5 2 6 
533 1 2 6 3 
534 0 1 7 6 3 
535 7 3 0 2 6 
536 5 0 1 3 7 
537 7 0 1 6 2 
538 0 3 2 1 7 6 
539 3 2 1 0 7 6 
540 6 0 7 1 4 2 
541 7 4 5 6 
542 0 5 4 7 6 
543 7 4 5 6 
544 6 0 2 4 1 
545 3 4 5 0 2 
546 5 0 1 2 6 
547 4 0 1 7 6 2 
548 0 2 1 4 5 7 
549 6 4 7 2 
550 3 2 1 6 
551 2 7 4 5 6 
552 6 0 1 2 
553 7 2 6 3 
554 3 7 4 5 6 
555 6 3 0 1 7 2 
556 1 2 0 3 7 6 
557 2 3 6 
558 6 4 7 2 
559 2 0 3 1 7 6 
560 4 2 7 6 3 
561 2 0 1 7 6 
562 6 7 4 5 
563 1 4 7 6 3 
564 7 4 5 6 
565 1 0 4 3 5 7 
566 4 0 1 2 3 
567 7 2 3 6 
568 3 4 0 7 6 2 
569 7 2 3 1 6 
570 3 0 1 6 
571 6 2 0 1 3 
572 5 3 4 2 6 
573 7 5 4 0 2 
574 1 2 0 4 5 7 
575 5 4 0 1 2 7 
576 3 0 1 4 5 7 2 
577 7 2 3 6 
578 0 4 5 3 6 2 
579 0 1 4 3 5 7 
580 3 1 0 4 5 7 
581 2 1 3 0 7 6 
582 6 3 0 7 2 
583 5 4 7 
584 4 7 5 6 
585 1 3 2 6 
586 4 0 1 2 6 
587 2 5 4 7 6 
588 7 4 5 6 
589 0 2 7 6 3 
590 7 0 1 6 2 
591 0 4 5 2 3 
592 2 5 4 6 7 
593 0 3 2 1 7 6 
594 1 3 0 7 2 6 
595 0 4 5 2 3 
596 4 1 0 2 
597 1 5 4 6 7 
598 0 1 2 
599 7 5 4 6 
600 5 4 2 3 
601 7 1 0 2 
602 0 1 7 6 2 
603 3 4 6 
604 6 2 0 3 1 7 
605 6 0 2 4 1 
606 0 7 4 5 6 
607 7 5 4 6 
608 6 0 5 4 7 2 
609 2 7 6 
610 5 4 0 1 2 6 
611 4 5 0 1 2 7 
612 0 2 1 3 7 6 
613 6 0 2 4 1 
614 3 4 5 7 6 
615 2 0 1 7 6 
616 6 1 0 7 3 
617 6 7 0 2 
618 3 2 4 6 
619 6 1 0 7 3 
620 1 2 3 6 
621 2 4 5 0 1 7 
622 6 2 0 1 3 
623 2 4 5 0 1 7 
624 4 0 3 2 
625 2 3 1 6 
626 6 2 0 3 1 7 
627 1 0 7 4 2 6 
628 6 2 0 3 1 7 
629 1 0 3 2 6 
630 4 0 1 7 6 2 
631 6 0 3 2 
632 3 2 4 6 
633 6 4 5 0 2 
634 3 4 5 2 
635 6 0 1 7 2 
636 5 4 0 1 2 6 
637 6 4 5 3 0 2 
638 1 4 6 
639 5 7 4 6 
640 3 1 0 7 6 
641 6 5 4 7 
642 0 4 6 
643 2 0 1 3 
644 2 0 1 3 
645 2 7 4 6 
646 6 4 0 5 1 2 
647 5 7 4 6 
648 4 2 3 1 6 
649 2 6 5 7 4 0 1 3 
650 4 0 5 1 2 
651 3 1 0 7 6 
652 6 0 1 3 
653 0 4 5 7 6 
654 6 0 1 2 
655 0 4 5 6 7 
656 3 2 6 
657 0 3 5 4 2 6 
658 1 2 4 7 3 6 
659 0 5 4 7 
660 4 2 7 6 
661 1 2 0 3 
662 0 7 4 5 6 
663 7 4 0 5 1 2 
664 5 4 7 6 
665 7 2 6 
666 0 4 5 1 2 7 
667 2 7 4 5 6 
668 6 2 7 3 
669 6 2 4 3 
670 0 2 4 1 6 
671 5 3 0 2 1 7 6 
672 4 0 1 7 6 2 
673 2 5 4 7 6 
674 5 4 6 7 
675 4 3 0 2 1 7 6 
676 0 5 4 2 7 
677 6 0 5 1 4 7 2 
678 3 0 1 7 
679 1 0 6 3 
680 6 7 4 
681 6 0 1 7 2 
682 1 3 0 2 7 6 
683 6 4 
684 1 0 2 3 
685 2 0 1 7 6 
686 6 4 7 3 
687 2 4 7 3 6 
688 4 2 1 3 0 7 6 
689 2 0 1 3 
690 6 7 2 3 
691 1 4 7 6 3 
692 6 2 4 3 
693 1 0 2 6 
694 4 0 5 1 7 2 
695 5 0 2 4 1 6 
696 3 0 1 7 6 2 
697 6 2 0 1 4 5 7 
698 3 2 1 6 
699 6 4 5 0 2 
700 5 0 7 1 6 2 
701 6 4 
702 1 0 2 4 6 
703 5 0 7 1 6 2 
704 3 1 0 7 6 
705 6 4 0 7 2 
706 0 7 6 2 
707 2 1 3 0 7 6 
708 2 1 0 
709 2 4 5 6 
710 6 2 0 1 3 
711 5 4 2 3 
712 4 7 6 3 
713 3 5 4 7 
714 4 5 0 2 
715 2 6 3 
716 6 2 4 7 3 
717 0 2 4 1 6 
718 6 0 5 4 7 2 
719 0 7 4 6 
720 2 0 1 3 
721 0 5 4 7 6 
722 1 5 4 6 7 
723 0 1 7 6 2 
724 4 5 6 7 
725 1 0 3 2 
726 0 2 4 6 3 
727 7 0 5 4 2 6 
728 5 4 0 1 2 7 
729 7 2 4 3 6 
730 0 4 5 1 2 7 
731 3 4 5 7 6 
732 6 5 4 0 1 2 
733 6 0 1 3 2 
734 0 7 6 2 
735 7 0 5 4 2 6 
736 6 2 4 3 
737 2 7 0 6 
738 5 4 6 7 
739 4 2 3 1 6 
740 0 6 5 7 4 1 2 3 
741 6 7 4 5 
742 3 0 1 2 
743 2 3 0 7 6 
744 6 0 1 3 2 
745 6 3 5 4 2 
746 3 2 4 6 
747 6 0 2 4 1 
748 1 2 0 3 
749 2 4 5 3 0 6 
750 6 7 2 3 
751 2 5 4 6 7 
752 4 0 1 5 7 2 
753 2 0 7 1 4 6 
754 6 2 3 
755 1 4 7 6 3 
756 6 5 4 7 
757 1 4 5 0 2 7 
758 4 0 3 2 
759 6 0 1 3 2 
760 3 4 5 2 
761 6 2 3 
762 3 4 5 2 
763 6 2 3 1 
764 5 6 7 4 0 1 2 3 
765 6 5 4 7 
766 1 7 4 6 
767 5 0 1 2 3 
768 3 0 1 6 
769 6 4 5 7 
770 0 1 7 6 2 
771 2 5 4 0 1 6 
772 2 3 0 1 7 6 
773 2 0 1 3 7 
774 6 0 7 1 4 2 
775 5 3 0 7 2 6 
776 4 5 7 
777 3 0 1 6 
778 4 5 7 
779 2 5 4 6 7 
780 6 4 5 7 
781 0 4 7 2 6 
782 6 4 0 7 2 
783 0 1 2 
784 2 4 5 3 
785 0 5 4 7 6 
786 1 0 7 6 2 
787 0 2 1 4 5 7 
788 4 2 3 1 6 
789 1 4 0 5 2 
790 0 1 2 
791 7 2 6 3 
792 5 7 0 6 2 
793 7 4 5 0 2 
794 0 2 1 3 
795 3 1 0 4 5 7 
796 6 7 4 
797 6 1 0 2 
798 0 1 4 5 7 2 
799 7 4 6 3 
800 6 0 7 1 2 
801 2 0 7 1 4 6 
802 5 0 1 4 7 2 
803 4 0 5 7 2 6 
804 0 2 7 6 3 
805 6 4 5 2 
806 3 4 0 5 1 2 
807 2 1 0 
808 4 5 7 6 
809 4 2 0 1 5 7 
810 3 2 1 6 
811 4 5 0 2 
812 1 2 3 0 7 6 
813 2 7 6 
814 5 1 0 7 6 3 
815 3 7 4 5 6 
816 4 0 1 3 7 
817 3 4 5 7 6 
818 5 2 3 1 6 
819 1 3 0 2 7 6 
820 4 7 0 6 2 
821 1 2 3 6 
822 4 1 0 3 5 7 
823 5 4 6 7 
824 3 2 1 6 
825 5 0 1 4 7 2 
826 3 0 2 1 7 6 
827 6 5 7 4 0 1 2 3 
828 5 0 7 1 4 2 6 
829 5 4 7 6 
830 1 5 4 0 2 6 
831 5 2 7 6 
832 3 0 1 2 
833 5 2 0 3 1 7 6 
834 0 5 4 7 2 6 
835 3 4 6 
836 3 0 5 4 7 2 6 
837 2 5 4 6 7 
838 4 5 6 7 
839 5 0 4 7 2 6 
840 4 5 0 2 7 
841 3 7 4 6 
842 4 6 5 7 0 1 2 3 
843 3 4 6 
844 5 4 6 
845 1 4 5 7 6 
846 5 2 1 3 0 7 6 
847 1 4 5 0 2 7 
848 3 2 1 0 7 6 
849 1 0 3 2 
850 1 0 3 2 
851 1 4 6 
852 4 0 1 3 7 
853 1 0 3 2 
854 0 2 4 1 6 
855 5 4 0 7 6 2 
856 5 4 2 6 
857 4 0 2 1 6 
858 1 7 4 5 6 
859 3 4 0 5 1 2 
860 5 0 2 4 1 6 
861 4 0 7 1 2 6 
862 1 3 0 7 2 6 
863 5 4 6 7 
864 5 4 0 2 7 
865 3 0 1 7 2 6 
866 5 7 2 3 6 
867 4 3 5 2 6 
868 1 5 4 0 2 7 
869 5 4 6 7 
870 3 2 1 6 
871 3 2 6 
872 3 0 1 7 6 2 
873 3 0 1 6 
874 3 2 6 
875 1 2 0 3 7 6 
876 1 2 7 6 3 
877 1 0 5 4 7 2 6 
878 1 6 5 7 4 0 2 3 
879 5 0 1 4 7 2 
880 0 4 5 2 
881 4 3 0 1 7 2 6 
882 1 0 3 2 
883 4 0 1 2 3 
884 1 4 7 6 3 
885 4 5 6 7 
886 4 0 3 1 2 6 
887 5 4 7 6 3 
888 4 5 6 7 
889 1 4 5 2 
890 6 2 4 3 
891 0 2 4 7 3 6 
892 1 0 2 6 
893 1 2 0 4 5 7 
894 5 7 4 6 
895 1 5 4 0 2 6 
896 5 2 6 3 
897 0 5 4 7 6 
898 4 5 0 1 2 6 
899 0 2 6 3 
900 5 2 0 1 4 7 
901 0 5 4 6 7 
902 5 4 0 7 6 2 
903 5 3 4 2 6 
904 4 0 1 2 3 
905 1 4 5 2 6 
906 4 5 7 6 
907 3 4 5 2 
908 0 2 1 3 7 6 
909 1 3 0 7 2 6 
910 5 4 6 7 
911 1 0 3 2 
912 1 2 4 7 3 6 
913 1 2 4 7 3 6 
914 1 2 3 6 
915 1 0 5 4 7 2 6 
916 4 7 2 3 6 
917 4 0 7 6 2 
918 4 2 7 3 6 
919 4 0 5 1 2 
920 5 4 6 7 
921 4 7 0 6 2 
922 1 2 6 3 
923 1 0 7 6 2 
924 4 0 5 7 2 6 
925 4 5 7 6 
926 1 5 4 6 7 
927 5 0 7 1 6 2 
928 4 2 0 1 5 7 
929 4 2 3 1 6 
930 5 1 0 4 3 7 
931 4 2 3 1 6 
932 1 0 3 2 
933 1 0 7 6 2 
934 3 2 4 6 
935 1 5 4 6 7 
936 4 5 7 
937 4 6 
938 5 4 6 7 
939 1 0 6 3 
940 5 2 7 6 3 
941 5 0 7 1 6 2 
942 5 1 0 7 6 3 
943 0 1 3 2 
944 4 5 6 7 
945 4 7 0 6 2 
946 1 4 6 
947 1 7 4 6 
948 4 0 1 7 6 2 
949 4 0 1 3 2 
950 5 7 4 6 
951 5 4 6 7 
952 4 5 7 6 
953 5 7 4 6 
954 6 2 3 1 
955 6 5 4 0 2 7 
956 5 0 1 3 7 
957 1 3 0 7 2 6 
958 1 4 5 2 6 
959 1 0 3 2 
960 5 0 4 7 2 6 
961 0 1 2 3 
962 1 5 4 6 7 
963 4 3 0 7 2 6 
964 3 4 5 0 6 2 
965 5 2 0 1 3 
966 4 1 0 3 5 7 
967 5 4 0 2 
968 4 2 7 6 
969 4 5 3 0 6 2 
970 3 4 7 2 6 
971 5 4 0 7 6 2 
972 0 7 2 3 6 
973 5 4 2 6 
974 1 3 2 6 
975 1 0 5 4 7 2 6 
976 3 4 0 5 1 2 
977 1 7 2 3 6 
978 1 0 3 2 
979 1 4 7 6 3 
980 1 5 4 7 6 
981 1 0 3 7 
982 4 5 7 
983 5 7 0 6 2 
984 4 2 0 1 3 
985 4 0 5 1 7 2 
986 1 5 4 7 6 
987 3 4 5 6 7 
988 4 7 2 3 6 
989 4 2 3 1 6 
990 4 0 1 5 7 2 
991 5 0 7 1 6 2 
992 4 6 5 7 0 1 2 3 
993 3 5 4 6 7 
994 5 3 4 2 6 
995 4 0 2 1 6 
996 1 3 0 7 2 6 
997 1 5 4 7 6 
998 3 1 0 4 5 7 
999 3 4 6 
1000 3 2 6 
1001 3 0 7 1 4 2 6 
1002 1 3 0 7 2 6 
1003 5 4 6 
1004 5 3 4 2 6 
1005 5 0 1 7 6 2 
1006 1 2 0 4 5 7 
1007 5 2 0 1 3 
1008 0 4 5 1 2 
1009 1 2 6 3 
1010 5 4 2 6 
1011 4 2 6 3 
1012 1 0 3 2 
1013 4 0 5 1 7 2 
1014 5 6 7 4 0 1 2 3 
1015 5 0 1 4 7 2 
1016 3 4 5 2 6 
1017 1 4 5 2 6 
1018 0 3 5 4 2 6 
1019 0 4 5 1 2 
1020 1 0 4 5 7 2 
1021 1 4 7 2 6 
1022 5 3 2 6 
1023 5 0 1 3 7 
