0 4 7 5 0 6 2 3 1 
1 2 4 5 1 
2 0 3 2 1 
3 7 0 3 2 1 
4 1 7 5 3 
5 6 5 7 2 3 1 
6 3 5 6 7 2 
7 5 7 4 6 3 
8 3 7 5 6 2 
9 3 5 7 6 2 
10 7 5 2 3 1 
11 3 6 5 4 7 2 
12 3 4 2 6 7 0 1 
13 1 4 6 5 7 
14 6 4 7 5 2 
15 5 7 6 4 3 
16 6 0 2 1 3 
17 6 3 4 5 7 1 
18 5 7 4 2 3 
19 3 0 5 4 1 
20 4 3 2 1 
21 0 7 6 5 3 1 
22 3 5 7 6 2 
23 1 3 5 6 0 2 
24 4 5 3 0 1 
25 1 7 5 2 3 
26 1 7 6 4 3 
27 4 0 6 7 3 1 
28 6 7 4 3 
29 2 6 5 4 7 3 
30 2 4 6 5 7 1 
31 5 3 0 1 
32 4 3 5 0 1 2 
33 4 3 1 2 
34 2 6 3 4 0 1 
35 5 3 4 7 1 
36 6 5 4 1 
37 3 4 2 6 7 0 1 
38 6 0 3 2 1 
39 6 3 2 5 4 1 
40 4 0 6 7 3 1 
41 1 4 0 5 6 7 
42 1 5 4 6 7 3 
43 6 5 7 3 
44 1 5 6 7 4 
45 3 6 5 7 0 1 2 
46 5 2 7 6 0 1 
47 5 6 3 7 0 1 2 
48 3 7 6 4 2 
49 2 7 5 3 1 
50 4 5 6 7 3 
51 3 5 6 7 4 2 
52 7 5 4 0 3 1 
53 3 0 2 1 
54 0 6 5 7 2 3 1 
55 6 0 2 1 3 
56 1 4 7 6 2 3 
57 5 3 0 1 
58 2 4 0 5 6 7 1 
59 4 3 2 5 1 
60 3 5 7 4 6 
61 5 2 0 3 1 
62 6 3 4 0 1 
63 0 6 5 4 7 3 2 
64 4 7 5 6 0 2 1 
65 2 7 6 4 3 
66 0 3 4 5 7 1 
67 7 5 6 0 2 1 
68 3 2 7 6 5 0 1 
69 6 3 5 0 1 2 
70 3 6 4 0 1 
71 5 3 4 7 1 
72 3 5 7 6 2 
73 3 5 6 7 4 2 
74 7 5 6 2 3 
75 3 5 0 1 2 
76 3 6 5 4 7 2 
77 1 5 4 0 3 
78 6 7 5 0 2 3 1 
79 5 3 4 7 1 
80 6 4 7 5 2 3 
81 6 2 5 0 1 3 
82 5 0 2 1 3 
83 3 5 0 1 
84 4 7 5 2 3 
85 0 6 7 5 3 1 
86 3 5 6 0 1 2 
87 1 4 2 6 7 0 3 
88 4 0 3 2 1 
89 1 5 4 3 2 
90 1 0 3 2 
91 4 6 7 5 2 
92 6 3 1 2 
93 2 6 7 5 1 
94 2 7 6 4 3 
95 5 0 3 2 1 
96 4 0 3 2 1 
97 4 7 5 6 2 3 
98 2 0 3 1 
99 5 3 2 1 
100 6 5 3 0 7 1 
101 3 4 7 6 2 
102 6 7 4 5 3 
103 6 5 3 7 0 1 2 
104 4 6 7 5 1 
105 1 0 6 4 7 3 
106 1 7 4 5 6 3 
107 6 3 1 2 
108 1 5 7 6 4 
109 3 5 0 1 
110 5 7 6 2 3 
111 5 3 0 1 2 
112 3 5 4 2 
113 2 5 4 0 3 1 
114 4 6 5 7 3 2 
115 1 7 6 5 2 3 
116 6 7 5 2 3 
117 3 6 4 0 1 
118 0 6 7 5 3 1 
119 6 7 5 3 1 
120 1 3 4 5 7 
121 5 7 6 4 1 
122 2 3 0 1 
123 5 6 4 7 3 2 
124 3 7 2 4 6 
125 5 0 2 1 3 
126 6 4 0 5 7 1 
127 0 7 4 5 6 3 
128 4 5 0 2 1 
129 2 7 5 6 0 1 
130 0 7 5 6 2 3 
131 7 5 4 6 3 
132 3 2 7 0 6 5 1 
133 6 5 4 3 2 
134 3 4 7 6 2 
135 5 4 1 
136 3 0 5 7 1 
137 3 7 4 5 2 
138 7 5 3 0 1 
139 3 5 4 1 
140 3 0 6 4 7 1 
141 1 3 2 
142 6 7 4 2 3 
143 1 4 5 
144 6 2 0 3 1 
145 6 7 5 2 3 
146 4 7 6 3 
147 0 7 6 5 2 3 
148 4 7 5 6 2 3 
149 0 2 5 1 3 
150 3 7 4 5 2 
151 1 7 6 5 3 
152 4 2 7 0 6 5 1 
153 1 3 2 0 
154 1 5 0 4 2 
155 4 5 0 3 1 
156 6 5 7 4 1 
157 2 7 6 4 3 
158 2 5 7 6 3 
159 5 7 2 4 6 3 
160 4 5 6 7 2 3 
161 4 5 1 
162 2 5 6 7 3 1 
163 5 4 2 6 7 0 1 3 
164 6 5 0 4 2 1 
165 3 0 5 7 1 
166 6 5 7 3 
167 6 4 5 7 1 
168 4 7 5 6 2 3 
169 1 7 5 6 2 3 
170 1 0 5 4 
171 6 4 2 7 0 1 3 
172 1 0 2 3 
173 3 5 6 7 4 1 
174 5 6 7 1 
175 5 6 3 7 0 1 2 
176 3 5 6 7 2 
177 2 7 6 5 0 1 
178 4 0 3 2 1 
179 3 5 4 2 
180 6 5 4 3 2 
181 3 7 6 5 2 
182 0 7 6 5 2 3 
183 6 7 5 1 
184 1 3 2 
185 5 4 6 7 3 
186 2 7 5 3 1 
187 4 5 7 6 2 3 
188 3 0 5 4 1 
189 5 6 7 4 1 
190 6 5 7 2 3 1 
191 0 5 4 3 2 
192 4 5 6 7 3 1 
193 2 7 0 6 5 1 
194 0 2 7 6 5 1 
195 7 2 5 0 1 3 
196 3 4 7 5 6 2 
197 6 7 4 3 
198 3 7 6 4 2 
199 5 7 6 2 3 
200 3 7 5 1 
201 3 5 6 7 1 
202 7 5 6 2 3 
203 3 5 4 2 
204 3 6 5 7 0 1 2 
205 1 3 4 5 7 
206 6 7 4 2 3 
207 5 7 6 3 1 
208 6 5 4 7 3 
209 6 3 4 0 1 
210 5 6 7 3 
211 3 6 5 7 0 1 2 
212 4 5 3 2 
213 0 6 5 3 7 1 2 
214 3 7 5 6 0 2 1 
215 1 4 2 6 7 0 3 
216 4 7 6 5 3 1 
217 1 4 7 6 2 3 
218 1 5 4 6 7 3 
219 4 5 1 
220 7 5 6 3 1 
221 2 7 5 0 6 3 1 
222 2 5 4 3 
223 5 7 6 2 3 
224 4 5 1 
225 4 2 7 6 5 0 1 
226 2 7 4 5 3 
227 5 7 0 6 2 3 1 
228 7 0 5 3 1 
229 3 0 6 7 5 1 
230 6 7 5 2 3 
231 6 5 7 4 1 
232 4 5 7 6 3 
233 0 5 6 7 4 1 
234 1 5 4 
235 7 2 4 6 3 
236 1 7 5 6 0 2 
237 3 5 6 7 1 
238 4 0 3 2 1 
239 5 2 7 6 0 1 
240 3 0 6 7 5 1 
241 2 7 4 5 6 3 
242 4 7 5 6 0 2 1 
243 3 2 7 6 5 0 1 
244 6 7 5 2 3 
245 3 5 4 0 1 
246 0 3 5 4 1 
247 6 3 2 5 4 1 
248 1 7 4 5 6 3 
249 5 7 4 6 3 
250 2 6 7 5 1 
251 4 7 6 5 2 3 
252 3 6 4 0 1 
253 5 7 3 1 
254 6 4 5 7 1 
255 0 4 5 6 7 1 
256 4 2 7 0 6 5 1 
257 2 5 3 0 1 
258 0 7 5 6 2 3 
259 7 3 2 0 1 
260 3 7 4 5 6 
261 6 7 4 3 
262 3 6 7 5 1 
263 5 3 2 0 1 
264 2 7 5 3 1 
265 3 5 0 4 2 1 
266 7 5 2 3 1 
267 2 7 4 6 3 
268 3 2 1 
269 1 6 7 5 
270 4 6 7 5 2 
271 5 3 0 4 6 2 1 
272 6 5 7 4 2 3 
273 6 5 3 0 7 1 
274 5 4 1 
275 2 7 6 5 3 
276 4 7 5 6 0 2 1 
277 0 7 6 4 3 
278 3 5 4 1 
279 0 6 4 7 3 1 
280 4 5 1 
281 0 4 7 5 6 2 3 
282 1 7 5 3 
283 4 7 2 6 3 
284 4 0 3 2 1 
285 4 0 5 6 7 1 
286 0 3 2 1 
287 5 7 6 4 2 3 
288 4 7 5 6 0 2 1 
289 4 3 5 0 1 2 
290 2 0 1 3 
291 5 2 0 1 3 
292 6 7 5 2 3 
293 0 6 4 7 3 1 
294 6 0 7 5 3 1 
295 7 5 4 0 3 1 
296 4 6 7 5 1 
297 1 0 5 4 
298 1 5 6 7 4 2 3 
299 6 0 5 4 1 
300 1 0 5 7 3 
301 3 5 0 1 
302 5 6 7 1 
303 5 4 3 2 
304 2 4 0 5 6 7 1 
305 2 5 7 4 6 3 
306 7 5 4 0 3 1 
307 2 7 4 6 3 
308 6 3 0 1 2 
309 1 5 0 3 
310 0 3 4 5 7 1 
311 6 4 7 5 2 3 
312 1 2 7 6 5 0 
313 5 7 6 3 1 
314 0 7 6 5 3 1 
315 4 7 5 6 3 
316 3 5 7 6 4 1 
317 5 7 4 6 3 
318 6 3 2 5 4 1 
319 1 0 3 2 
320 6 5 0 1 3 
321 2 0 3 1 
322 0 5 6 7 2 3 
323 7 6 3 4 0 1 
324 3 7 5 0 6 2 1 
325 6 3 5 0 1 2 
326 3 5 7 4 6 
327 5 3 6 0 1 2 
328 3 2 0 1 
329 3 5 4 2 
330 7 5 4 1 
331 3 2 5 0 1 
332 0 3 2 1 
333 0 3 5 1 2 
334 7 4 6 5 2 
335 4 5 7 6 3 
336 6 5 7 2 3 
337 6 5 7 2 3 
338 5 0 3 2 1 
339 3 6 5 7 0 1 2 
340 5 6 7 4 1 
341 0 5 6 7 3 
342 3 5 7 4 6 
343 1 5 4 6 7 3 
344 4 3 5 0 1 2 
345 1 7 5 3 
346 1 5 6 7 3 
347 4 3 2 1 
348 6 3 4 0 1 
349 2 7 5 0 6 3 1 
350 2 5 4 6 7 3 
351 5 4 1 
352 4 0 5 6 7 1 
353 4 3 1 2 
354 2 5 0 4 1 
355 5 6 7 2 3 1 
356 6 4 0 5 7 1 
357 3 6 4 0 1 
358 6 0 5 4 1 
359 6 5 7 4 1 
360 7 5 6 0 2 1 
361 1 5 6 7 4 
362 1 5 4 3 2 
363 6 3 4 5 7 1 
364 1 3 0 2 
365 3 7 5 6 2 
366 5 6 7 4 2 3 
367 7 5 6 3 1 
368 3 5 4 1 
369 0 7 5 6 2 3 
370 5 7 2 3 1 
371 3 0 2 1 
372 5 3 0 1 2 
373 3 6 5 4 7 2 
374 0 6 4 7 3 1 
375 6 4 7 5 2 3 
376 0 2 5 1 3 
377 7 3 1 2 
378 2 7 5 6 3 
379 4 2 5 0 1 3 
380 3 7 6 5 1 
381 4 0 3 2 1 
382 6 7 5 2 3 
383 0 6 4 7 3 1 
384 4 3 5 1 
385 2 3 0 1 
386 0 3 4 6 2 1 
387 7 3 0 4 6 2 1 
388 3 5 4 0 1 
389 6 3 2 5 4 1 
390 2 5 0 1 3 
391 5 7 6 4 1 
392 0 7 2 4 6 3 
393 0 3 2 1 
394 7 5 6 2 3 
395 3 7 5 0 6 2 1 
396 3 5 4 2 
397 1 6 5 3 7 0 2 
398 6 7 4 5 2 3 
399 5 2 0 3 1 
400 7 0 5 4 1 
401 6 5 4 7 3 
402 5 7 6 4 2 3 
403 2 5 7 6 3 
404 4 7 5 6 2 3 
405 0 7 6 4 3 
406 3 5 6 0 1 2 
407 1 0 3 2 
408 4 3 1 
409 1 3 
410 1 3 2 5 4 
411 4 7 6 2 3 
412 6 5 4 1 
413 1 5 4 6 7 3 
414 2 7 5 3 1 
415 5 4 7 6 2 3 
416 4 0 5 6 7 1 
417 4 7 6 5 2 3 
418 2 7 5 0 6 3 1 
419 5 7 4 2 3 
420 6 5 7 4 2 3 
421 0 6 7 5 3 1 
422 6 5 7 2 3 
423 6 0 2 1 3 
424 5 3 2 0 1 
425 1 7 6 5 2 3 
426 1 2 7 0 6 5 
427 6 5 7 2 3 
428 1 6 5 7 2 3 
429 3 4 6 7 5 2 
430 7 3 1 
431 5 3 0 4 6 2 1 
432 3 6 4 0 1 
433 2 7 6 4 3 
434 4 3 1 2 
435 3 4 2 6 7 0 1 
436 6 2 7 0 5 1 
437 3 1 
438 0 3 4 5 7 1 
439 6 5 0 1 3 
440 1 5 6 7 2 3 
441 5 7 6 4 3 
442 0 2 7 6 5 1 
443 4 7 5 0 6 2 3 1 
444 1 7 4 5 2 3 
445 5 7 6 2 3 
446 6 3 5 0 1 2 
447 0 5 3 7 6 1 
448 4 0 3 2 1 
449 3 7 4 5 2 
450 0 3 5 4 1 
451 7 5 4 1 
452 2 4 6 7 5 
453 6 5 3 0 7 1 
454 3 0 5 7 1 
455 4 5 6 7 2 3 
456 3 5 6 7 1 
457 3 4 6 5 7 1 
458 7 5 6 2 3 
459 3 0 2 1 
460 3 5 4 0 1 
461 1 3 2 5 4 
462 6 3 1 
463 5 4 3 2 
464 6 5 0 4 2 1 
465 6 5 4 7 3 
466 5 7 6 4 1 
467 3 1 
468 4 2 0 3 1 
469 0 3 1 
470 3 5 6 7 4 1 
471 1 2 0 3 
472 4 7 5 6 2 3 
473 1 5 4 
474 1 6 3 4 0 
475 5 7 4 2 3 
476 6 3 5 4 1 
477 2 7 4 6 3 
478 2 7 6 5 3 
479 5 4 6 7 1 
480 4 3 5 1 
481 4 6 3 0 1 
482 2 4 0 5 6 7 1 
483 5 4 1 
484 6 5 0 4 2 1 
485 2 0 3 1 
486 6 5 7 2 3 1 
487 6 3 5 0 1 2 
488 4 0 6 7 5 3 1 
489 1 4 2 6 7 0 3 
490 1 5 7 6 2 3 
491 6 4 7 5 2 
492 1 5 6 7 3 
493 3 5 6 7 1 
494 5 7 2 3 1 
495 5 3 2 1 
496 3 5 7 4 6 
497 2 4 6 7 5 
498 4 5 6 7 3 
499 3 5 4 1 
500 6 4 7 5 2 3 
501 3 7 6 5 2 
502 0 3 5 6 1 2 
503 6 2 0 3 1 
504 1 5 7 4 6 3 
505 5 0 2 1 3 
506 2 7 5 6 0 1 
507 4 5 3 0 1 
508 3 6 4 0 1 
509 5 7 6 3 1 
510 6 4 5 1 
511 0 4 6 5 7 1 
512 5 3 6 0 1 2 
513 2 7 6 4 3 
514 0 7 4 5 6 3 
515 7 5 6 4 1 
516 3 6 7 5 1 
517 6 4 5 1 
518 0 6 4 7 3 1 
519 5 3 0 1 2 
520 3 0 6 7 5 1 
521 3 6 5 7 2 1 
522 7 5 6 3 
523 3 0 6 4 7 1 
524 3 1 
525 1 5 3 0 7 6 
526 6 5 3 0 1 
527 5 7 6 3 1 
528 6 5 0 1 3 
529 6 5 3 7 0 1 2 
530 5 0 4 2 1 
531 3 7 6 5 2 
532 4 5 3 0 7 6 1 
533 0 7 5 3 1 
534 2 7 4 5 3 
535 1 4 5 
536 4 0 5 1 
537 1 5 6 7 3 
538 1 4 5 
539 4 3 2 1 
540 6 0 5 7 3 1 
541 2 3 1 
542 2 3 1 
543 5 7 6 2 3 
544 4 5 7 6 1 
545 4 0 2 1 3 
546 2 7 6 4 3 
547 5 6 7 3 1 
548 6 5 4 7 3 2 
549 3 4 2 6 7 0 1 
550 6 7 5 0 2 3 1 
551 6 5 3 0 7 1 
552 4 5 6 7 1 
553 1 2 0 3 
554 1 2 5 0 3 
555 6 4 7 5 2 
556 1 5 0 3 
557 2 0 3 1 
558 5 4 6 7 1 
559 5 4 1 
560 3 5 0 1 
561 2 7 6 5 0 1 
562 4 7 5 6 3 
563 3 5 4 6 7 
564 6 3 2 0 1 
565 3 4 7 6 2 
566 0 3 2 1 
567 6 5 7 4 2 3 
568 1 2 5 0 3 
569 5 6 7 3 1 
570 2 5 6 7 4 1 
571 4 7 6 2 3 
572 3 6 5 7 2 1 
573 5 0 1 3 
574 7 2 4 6 3 
575 0 7 5 6 2 3 
576 4 3 5 7 1 
577 2 3 5 4 1 
578 0 3 5 4 1 
579 7 5 6 4 2 3 
580 3 0 1 2 
581 6 0 3 2 1 
582 3 2 7 6 5 0 1 
583 5 4 0 6 7 1 
584 3 0 5 4 1 
585 3 6 5 4 7 2 
586 7 5 6 2 3 
587 3 5 6 7 4 2 
588 3 7 6 5 2 
589 1 7 4 5 2 3 
590 6 4 5 7 1 
591 5 7 6 4 1 
592 6 2 7 0 5 1 
593 6 3 1 
594 5 0 6 7 3 1 
595 3 5 6 7 
596 4 2 5 0 1 3 
597 0 4 6 7 5 2 
598 3 4 7 6 2 
599 1 6 7 5 
600 4 7 5 2 3 1 
601 1 5 3 0 
602 1 7 6 4 2 3 
603 4 5 1 
604 6 3 5 4 1 
605 2 4 7 5 6 3 
606 2 3 1 
607 5 7 6 3 1 
608 4 6 5 7 2 3 1 
609 4 7 6 2 3 
610 2 0 3 1 
611 5 3 0 4 6 2 1 
612 6 0 2 1 3 
613 3 5 6 7 4 2 
614 6 5 4 7 3 2 
615 6 7 4 5 3 
616 4 3 1 2 
617 1 7 5 2 3 
618 1 3 5 0 2 
619 6 3 0 4 2 1 
620 1 0 2 3 
621 3 7 6 5 2 
622 5 7 4 2 3 
623 5 7 6 2 3 
624 3 5 0 1 
625 2 7 6 4 3 
626 4 3 1 
627 3 5 7 6 2 
628 6 7 5 0 2 3 1 
629 3 0 2 1 
630 0 3 1 2 
631 6 7 5 2 3 
632 1 7 5 3 
633 5 7 4 6 3 
634 2 3 5 4 1 
635 4 5 3 2 
636 3 2 5 4 1 
637 5 7 6 4 2 3 
638 6 7 4 5 2 3 
639 0 2 7 6 5 1 
640 5 2 7 6 0 1 
641 3 7 2 4 6 
642 0 3 4 5 7 1 
643 7 6 5 2 3 
644 3 4 6 7 5 2 
645 7 5 4 1 
646 2 3 1 
647 5 2 0 1 3 
648 2 7 5 3 1 
649 3 5 4 6 7 
650 7 3 5 0 1 2 
651 2 6 5 4 7 3 
652 2 3 5 6 0 1 
653 1 3 0 4 6 2 
654 6 0 3 2 1 
655 5 7 2 3 1 
656 6 5 0 1 3 
657 6 5 3 0 7 1 
658 5 4 6 7 2 
659 0 5 6 7 3 
660 4 5 6 7 2 3 
661 0 7 5 6 2 3 1 
662 2 7 6 5 0 1 
663 1 3 2 5 4 
664 4 6 3 0 1 
665 1 3 2 
666 1 5 6 7 3 
667 5 3 4 1 
668 6 3 5 0 1 2 
669 2 5 0 1 3 
670 2 0 3 1 
671 5 2 0 3 1 
672 4 5 3 0 1 
673 4 6 3 0 1 
674 2 5 0 1 3 
675 5 7 6 2 3 
676 6 5 4 0 3 1 
677 2 5 3 0 1 
678 6 4 7 5 2 3 
679 6 7 2 4 3 
680 4 7 5 3 1 
681 1 6 5 7 2 3 
682 1 5 3 0 7 6 
683 7 6 5 2 3 
684 1 7 5 6 2 3 
685 0 3 5 6 1 2 
686 5 3 0 7 6 1 
687 4 3 2 1 
688 2 3 5 0 1 
689 2 3 0 1 
690 4 5 0 3 1 
691 1 2 0 3 
692 7 2 0 3 1 
693 2 7 5 6 3 
694 0 3 2 5 4 1 
695 6 7 4 2 3 
696 1 3 0 2 
697 5 7 6 4 1 
698 2 7 4 5 3 
699 4 2 6 7 0 1 3 
700 3 7 5 0 6 2 1 
701 5 3 2 4 1 
702 6 4 7 2 3 
703 1 3 2 
704 4 3 1 
705 2 0 5 7 3 1 
706 0 5 1 3 
707 7 3 2 0 1 
708 2 7 5 6 3 
709 6 4 7 2 3 
710 2 5 6 7 3 
711 5 3 0 7 6 1 
712 2 0 5 7 3 1 
713 3 0 5 7 1 
714 7 4 6 5 1 
715 2 0 3 1 
716 2 5 4 6 7 3 
717 1 0 6 4 7 3 
718 6 7 2 4 3 
719 5 7 4 6 3 
720 6 0 5 4 1 
721 6 0 2 1 3 
722 5 0 3 2 1 
723 2 6 5 4 7 3 
724 4 2 5 0 1 3 
725 0 5 4 2 1 
726 2 3 5 0 1 
727 1 5 6 7 4 2 3 
728 4 5 0 2 1 
729 1 4 2 6 7 0 3 
730 1 3 5 4 
731 4 7 6 2 3 
732 7 0 6 4 3 1 
733 2 5 0 4 1 
734 2 5 4 6 7 3 
735 5 4 0 3 1 
736 4 7 5 2 3 1 
737 4 0 6 7 3 1 
738 2 0 1 3 
739 5 7 6 2 3 
740 7 4 0 5 6 1 
741 2 4 7 5 6 3 
742 7 3 2 0 1 
743 7 4 6 2 3 
744 4 7 5 6 2 3 
745 1 6 7 5 
746 1 5 6 7 4 2 3 
747 7 4 0 5 6 1 
748 1 5 6 7 2 3 
749 2 0 6 7 5 3 1 
750 5 3 1 2 
751 5 7 4 6 3 
752 2 3 1 
753 2 7 5 3 1 
754 4 5 0 3 1 
755 2 3 1 
756 7 3 2 0 1 
757 2 6 7 5 1 
758 0 7 4 5 6 3 
759 7 5 6 4 1 
760 1 3 0 4 6 2 
761 5 7 3 1 
762 2 4 7 5 6 3 
763 4 5 6 7 1 
764 3 0 6 7 5 1 
765 5 0 4 2 1 
766 7 4 5 1 
767 0 2 7 6 5 1 
768 4 5 6 7 1 
769 2 5 7 6 3 
770 0 7 5 6 2 3 
771 7 0 6 5 3 1 
772 2 7 5 6 3 
773 7 5 4 1 
774 2 0 5 4 1 
775 5 7 6 2 3 
776 2 4 7 5 6 3 
777 3 4 5 7 1 
778 7 6 5 3 0 1 2 
779 2 4 7 6 3 
780 2 7 5 6 3 
781 1 4 6 5 7 
782 7 4 2 6 0 1 3 
783 5 6 7 1 
784 7 4 2 6 0 1 3 
785 7 5 6 2 3 
786 5 4 7 6 2 3 
787 2 5 7 6 4 1 
788 4 5 6 7 3 1 
789 0 7 2 4 6 3 
790 2 5 0 1 3 
791 1 5 6 7 4 
792 4 5 3 0 1 
793 1 5 7 4 6 3 
794 1 0 3 2 
795 4 2 7 6 5 0 1 
796 7 0 3 2 1 
797 2 7 5 6 0 1 
798 2 0 6 4 7 3 1 
799 5 0 1 3 
800 4 5 3 2 
801 4 5 7 6 3 
802 2 7 5 3 1 
803 5 4 0 3 1 
804 7 6 3 4 0 1 
805 2 5 3 0 7 6 1 
806 7 4 0 5 6 1 
807 7 5 4 6 3 
808 4 0 5 1 
809 1 5 6 7 4 2 3 
810 1 3 2 
811 7 6 5 2 3 1 
812 1 4 5 
813 2 7 0 6 5 1 
814 5 3 0 1 2 
815 5 7 3 1 
816 2 0 5 7 3 1 
817 2 5 7 6 3 
818 4 3 0 1 2 
819 2 5 3 0 7 6 1 
820 7 3 5 4 1 
821 2 3 1 
822 0 5 4 3 1 
823 7 5 6 3 
824 1 0 6 7 5 3 
825 5 2 0 3 1 
826 2 3 5 0 1 
827 4 0 5 1 
828 3 7 5 2 1 
829 5 6 7 2 3 
830 7 5 4 1 
831 0 3 4 6 2 1 
832 4 6 7 5 1 
833 2 4 6 7 5 
834 0 6 5 4 7 3 2 
835 7 5 6 4 2 3 
836 2 5 7 6 3 
837 7 5 6 2 3 
838 2 7 5 3 1 
839 5 6 4 7 3 2 
840 2 3 0 4 6 1 
841 3 5 6 7 1 
842 7 4 5 1 
843 2 7 6 5 3 
844 2 7 5 6 3 
845 1 3 0 4 6 2 
846 7 0 6 5 3 1 
847 5 3 4 1 
848 7 5 6 2 3 
849 7 5 6 2 3 
850 5 4 6 7 1 
851 2 3 0 4 6 1 
852 4 5 7 6 1 
853 0 3 2 1 
854 2 6 5 3 7 0 1 
855 1 7 5 6 0 2 
856 4 5 3 0 1 
857 1 2 7 6 5 0 
858 1 3 
859 4 7 2 6 3 
860 7 3 5 0 1 2 
861 2 4 7 6 3 
862 2 5 7 6 4 1 
863 5 2 7 0 6 1 
864 4 0 5 7 3 1 
865 4 7 2 6 3 
866 2 4 7 5 6 3 
867 5 7 2 3 1 
868 7 6 5 3 0 1 2 
869 2 3 1 
870 7 6 5 2 3 
871 7 5 6 0 2 1 
872 7 6 5 4 3 2 
873 1 5 3 0 
874 1 5 6 7 2 3 
875 7 6 4 2 3 
876 1 5 4 0 3 
877 2 3 0 1 
878 7 5 0 6 2 3 1 
879 7 5 6 2 3 
880 2 3 5 0 1 
881 2 3 0 1 
882 7 4 6 2 3 
883 1 4 6 5 7 
884 7 3 4 5 1 
885 1 0 5 4 
886 0 7 5 6 2 1 
887 7 6 4 3 
888 1 7 4 5 6 3 
889 7 0 5 4 1 
890 0 3 1 2 
891 7 5 3 1 
892 1 6 5 7 2 3 
893 5 3 0 7 6 1 
894 7 0 5 3 1 
895 0 7 6 5 3 1 
896 6 7 4 5 3 
897 0 5 6 7 4 2 3 
898 0 4 2 6 7 1 3 
899 1 7 6 5 3 
900 7 3 1 
901 1 0 5 7 3 
902 7 5 6 3 
903 7 0 6 4 3 1 
904 7 5 4 6 3 
905 7 3 1 2 
906 7 6 5 2 3 1 
907 4 5 6 7 1 
908 4 3 2 5 1 
909 4 2 7 6 5 0 1 
910 7 2 0 6 5 1 
911 0 7 6 5 3 1 
912 7 3 2 0 1 
913 7 4 2 6 0 1 3 
914 7 6 4 2 3 
915 7 0 6 4 3 1 
916 6 3 0 1 2 
917 0 5 7 3 1 
918 7 2 6 5 0 1 
919 7 3 5 0 1 2 
920 0 6 5 7 2 3 1 
921 0 4 5 6 7 1 
922 0 5 4 2 1 
923 0 4 5 1 
924 1 3 5 0 2 
925 5 3 0 1 
926 0 7 5 6 2 1 
927 4 2 7 6 5 0 1 
928 4 6 7 5 2 
929 0 2 1 3 
930 0 7 5 6 2 3 1 
931 0 5 7 6 4 1 
932 0 3 5 6 1 2 
933 7 3 5 4 1 
934 7 5 4 6 3 
935 7 5 6 3 
936 7 3 2 5 4 1 
937 0 5 4 1 
938 0 5 6 7 3 1 
939 0 5 3 7 6 1 
940 0 2 7 6 5 1 
941 0 2 3 1 
942 7 4 6 5 2 
943 7 4 5 1 
944 0 6 5 3 7 1 2 
945 0 4 5 6 7 1 
946 7 6 5 1 
947 7 5 6 2 3 
948 1 3 0 4 6 2 
949 7 4 5 6 2 3 
950 7 3 0 1 2 
951 0 5 7 6 2 3 
952 7 5 0 4 2 1 
953 0 7 6 5 2 3 
954 7 5 3 0 1 
955 7 4 6 5 1 
956 5 3 4 7 1 
957 0 2 5 1 3 
958 0 3 4 6 2 1 
959 7 5 6 4 1 
960 6 4 7 2 3 
961 0 3 2 1 
962 0 7 4 5 6 3 
963 1 3 5 6 0 2 
964 1 5 6 7 3 
965 1 6 5 7 2 3 
966 0 3 1 2 
967 0 7 5 2 3 1 
968 0 3 4 6 2 1 
969 0 3 1 2 
970 0 4 6 5 7 1 
971 0 7 6 5 2 3 
972 0 4 2 6 7 1 3 
973 0 7 6 5 2 3 
974 0 7 6 5 2 3 
975 0 5 7 3 1 
976 7 0 5 3 1 
977 7 4 6 5 2 
978 7 5 3 0 6 1 
979 7 5 6 4 1 
980 6 7 5 3 1 
981 6 3 2 5 4 1 
982 7 5 0 1 3 
983 7 5 6 3 1 
984 0 7 6 5 2 3 
985 0 7 6 5 3 1 
986 0 2 5 1 3 
987 0 3 2 1 
988 1 7 5 6 2 3 
989 4 0 2 1 3 
990 5 3 6 0 1 2 
991 5 7 6 2 3 
992 4 7 6 3 
993 0 3 5 6 1 2 
994 0 3 1 
995 0 7 4 5 2 3 
996 0 3 1 2 
997 7 3 2 0 1 
998 7 2 0 3 1 
999 7 5 6 2 3 
1000 7 6 5 4 3 2 
1001 0 6 7 5 3 1 
1002 0 2 3 1 
1003 0 5 7 4 6 3 
1004 0 4 7 6 2 3 
1005 0 4 5 1 
1006 7 5 0 6 2 3 1 
1007 7 6 5 3 0 1 2 
1008 0 7 5 6 2 1 
1009 0 3 2 1 
1010 7 6 5 2 3 1 
1011 5 7 3 1 
1012 1 5 0 4 2 
1013 7 3 0 1 2 
1014 7 6 5 3 0 1 2 
1015 0 3 2 1 
1016 7 2 4 6 3 
1017 0 3 4 5 7 1 
1018 7 4 6 5 1 
1019 7 5 0 4 2 1 
1020 5 3 0 4 6 2 1 
1021 0 2 7 6 5 1 
1022 0 6 7 5 3 1 
1023 7 3 2 5 4 1 
