0 2 1 6 
1 1 6 
2 7 3 2 
3 2 3 7 
4 1 6 
5 0 6 
6 6 7 5 
7 6 5 4 
8 7 1 0 6 
9 1 3 2 7 
10 0 6 
11 6 7 5 
12 0 3 2 7 
13 4 3 5 
14 1 5 4 
15 2 7 6 5 
16 7 5 4 
17 3 5 4 
18 0 5 4 6 
19 4 3 2 7 
20 1 3 6 
21 2 6 7 5 
22 3 1 6 
23 7 3 2 5 
24 5 3 2 7 
25 1 3 5 
26 1 0 6 
27 4 3 5 
28 7 3 6 
29 2 5 4 
30 5 6 
31 3 1 0 6 
32 7 6 
33 6 5 
34 2 3 5 
35 4 6 
36 0 1 5 
37 3 6 
38 4 5 
39 5 3 2 7 
40 3 7 6 5 
41 4 3 2 7 
42 2 1 7 
43 2 3 7 
44 2 3 7 
45 6 3 5 
46 0 6 
47 6 5 4 
48 5 6 
50 4 5 
51 7 5 4 6 
52 7 1 0 6 
53 1 7 6 
54 0 3 2 5 
55 5 3 2 4 
56 2 7 6 
57 5 3 6 
58 3 1 0 6 
59 0 1 5 
60 6 3 
61 5 3 4 
62 4 1 6 
64 2 6 7 5 
65 1 6 
66 7 6 
67 2 1 0 6 
68 1 3 2 7 
69 0 5 4 
71 6 7 
72 7 3 5 4 
73 1 3 2 7 
74 0 6 7 5 
76 0 5 4 6 
77 4 3 5 
78 1 5 
79 2 5 4 
80 7 3 2 5 
81 3 5 4 
82 0 5 
83 4 6 7 5 
84 1 3 6 
85 2 1 0 6 
86 3 1 6 
87 7 3 2 5 
88 5 1 0 6 
89 1 7 6 5 
90 1 0 5 
91 4 5 
92 7 6 
93 3 5 4 6 
94 5 1 0 
95 3 5 4 
96 7 6 
97 6 1 0 5 
98 2 3 5 
99 4 7 6 
100 0 5 4 6 
101 3 6 
102 4 5 
103 5 3 2 
104 3 6 
105 4 1 6 
106 2 3 5 4 
107 2 3 7 
108 2 3 6 
109 6 5 4 
110 0 7 6 
111 6 3 2 5 4 
112 5 7 6 
113 6 1 7 
114 4 1 0 6 
115 7 1 0 5 
116 5 1 0 7 
117 1 6 
118 1 6 
119 5 1 0 7 
120 2 6 
121 7 6 
122 3 1 0 6 
123 0 5 4 
124 6 5 4 
125 5 3 2 4 
126 4 1 0 5 
127 5 1 0 7 
128 2 3 7 
129 1 7 6 5 
130 7 6 5 
131 2 5 4 
132 1 6 
133 0 3 2 7 
134 6 5 
135 6 5 
136 7 5 
137 1 7 6 
138 0 7 6 
139 6 5 4 
140 0 5 4 
141 4 7 6 5 
142 1 7 6 
143 2 5 
144 7 6 
145 3 5 4 
146 0 6 7 5 
147 4 5 
148 1 0 6 
149 2 3 7 
150 3 2 7 
151 7 6 5 
153 1 7 
154 1 6 
155 4 6 
156 7 1 6 
157 2 5 
158 5 1 7 
159 3 1 0 6 
160 7 5 4 
161 6 1 0 5 4 
162 2 3 5 
163 4 3 2 7 
164 0 6 7 5 
165 3 2 5 4 
166 4 1 7 
167 5 6 
168 3 1 7 
169 4 1 0 5 7 
170 2 5 4 
171 2 6 
172 2 1 0 5 
173 6 3 
174 0 5 
176 0 1 6 
177 6 3 5 4 
178 4 6 
179 7 3 2 5 
180 7 1 0 5 
181 1 0 5 
182 0 6 
183 5 1 0 
184 2 6 
186 3 5 4 
187 0 5 4 
190 4 1 0 5 
191 5 7 6 
192 2 3 7 
193 1 6 
194 7 1 0 6 
195 2 1 0 5 
196 1 3 2 7 
197 0 3 2 5 4 
198 6 1 0 5 
199 6 5 
200 5 1 0 
201 1 5 4 
202 0 3 2 5 
204 2 3 5 
205 4 1 0 5 
206 1 3 2 7 
207 2 5 4 6 
208 7 1 6 
209 3 1 7 
210 0 1 6 
211 4 5 
212 1 6 
213 2 3 5 
214 2 1 0 6 
215 7 3 2 
216 5 7 6 
217 1 3 5 
218 1 0 6 
219 4 6 7 5 
220 6 1 
221 2 5 4 
222 4 3 2 7 
223 3 5 4 
224 7 1 0 6 
225 6 1 7 
226 2 1 0 5 
227 4 6 7 5 
228 0 3 2 5 4 
229 3 5 4 
230 4 3 5 
231 5 3 2 7 
232 3 1 0 5 7 
233 4 3 5 
234 2 3 5 
235 2 6 
236 1 0 5 7 
237 7 3 2 
238 0 3 2 7 
239 6 5 4 
240 5 3 4 
241 6 1 7 
242 4 6 
243 7 3 5 
244 5 7 6 
245 1 0 5 
246 0 5 
247 6 5 4 
248 2 5 4 
249 7 3 6 
250 3 2 5 4 
251 1 3 2 7 
252 6 1 0 5 4 
253 5 6 7 
254 4 3 2 7 
255 4 6 
256 0 5 4 
257 1 0 6 
258 7 3 5 
259 2 3 7 
260 1 0 5 4 
261 0 7 6 
262 6 3 2 5 4 
264 7 3 2 5 4 
265 1 0 6 
266 0 7 6 
267 6 1 0 
268 1 3 5 
269 4 5 
270 1 3 2 5 
271 2 5 
272 7 3 2 
273 3 1 0 5 
274 0 1 5 4 
275 4 3 5 
276 1 0 6 
277 2 7 6 
278 3 6 
279 7 1 0 5 
280 5 3 4 
281 1 0 5 4 
282 0 1 5 
283 4 1 0 5 
284 7 1 0 6 
285 1 3 5 
286 5 4 
287 3 1 0 5 4 
288 7 3 6 
289 6 5 4 
290 3 7 6 5 
291 4 6 
292 0 3 5 
293 3 7 6 5 
294 4 1 6 
296 3 7 6 5 
297 4 1 0 5 
298 2 3 5 
299 2 1 0 5 4 
300 2 5 4 
301 6 1 
302 0 3 2 7 
303 6 5 
304 5 7 6 
305 6 5 4 
306 4 3 2 7 
307 7 1 0 6 
308 7 5 
309 1 3 2 7 
310 0 6 
311 0 1 7 
312 3 1 0 6 
313 7 5 4 
314 3 1 0 5 
315 0 5 
316 7 3 2 
318 4 5 
319 5 7 6 
320 2 1 6 
321 1 7 
322 7 6 5 
323 0 3 5 
324 1 3 5 4 
325 0 3 2 7 
326 6 5 4 
327 6 1 0 5 4 
328 7 6 
329 0 5 
330 0 6 
331 6 5 4 
332 0 3 2 5 
333 4 3 2 7 
334 1 7 6 5 
335 2 1 0 5 7 
336 7 3 2 
337 3 6 7 5 
338 1 0 6 
339 5 3 2 7 
340 1 3 6 
341 2 1 0 5 
342 3 5 
343 7 1 0 6 
345 1 6 
346 1 5 
347 4 7 6 5 
348 7 3 5 
349 2 1 0 5 4 
350 6 1 0 
351 3 5 
352 7 5 4 
353 6 1 0 5 7 
354 2 3 6 
356 0 5 
357 3 7 6 
358 4 7 6 
359 5 3 2 4 
360 3 5 4 
361 5 3 
362 2 1 0 6 
363 2 3 5 
364 2 1 0 5 4 
365 5 1 0 6 
366 0 7 6 
367 6 5 4 
369 7 6 5 
370 4 3 2 5 
371 7 1 0 5 
372 6 3 
373 1 5 4 
374 0 6 
375 5 4 
376 2 3 7 
377 7 3 5 4 
378 3 1 0 5 
379 0 1 6 
380 6 5 
381 5 3 
382 4 3 2 7 
383 5 4 
384 2 1 7 
385 1 5 
386 7 6 5 
387 2 5 4 
388 1 0 5 7 
389 0 3 2 7 
390 7 6 
391 6 1 0 5 
392 7 1 0 6 
393 1 3 5 
394 2 5 
395 6 5 4 
396 2 7 6 
397 4 1 0 6 
398 1 3 2 5 
399 2 6 7 5 
400 7 1 0 5 4 
401 3 5 4 
402 0 1 7 
403 4 1 0 6 
404 1 3 6 
405 2 5 4 
406 3 6 
407 7 6 
408 5 3 
409 1 0 5 
410 1 6 
411 5 1 0 6 
412 7 6 
413 2 3 5 
415 3 5 4 6 
416 7 5 
417 6 5 
418 2 3 6 
419 4 3 5 
420 0 3 5 
421 3 7 6 5 
422 4 1 0 6 
423 6 1 0 5 7 
424 0 5 4 
425 4 5 
426 3 6 7 5 
427 2 3 7 
428 2 6 
429 6 3 5 4 
430 3 1 0 6 
431 6 3 2 7 
432 5 3 
434 4 5 
435 7 3 6 
436 7 6 
437 1 0 5 
438 0 5 
439 5 3 2 7 
440 2 5 4 
441 7 1 0 5 
442 3 5 
443 0 1 6 
444 6 5 
445 5 3 2 7 
446 4 5 
447 5 3 2 7 
448 2 3 5 
449 1 0 5 4 
450 7 1 0 6 
451 3 6 
452 1 7 6 
453 0 3 5 
454 6 1 0 
455 6 3 5 
456 7 1 0 5 
457 1 5 4 
458 0 6 
459 6 5 4 
460 0 5 4 
461 4 3 5 
462 1 3 5 
463 2 3 5 
464 7 3 5 4 
465 3 1 6 
466 0 7 6 
467 4 1 0 5 
468 1 7 
469 2 5 4 
470 3 2 7 
471 7 1 0 5 
473 1 7 6 
474 1 0 5 4 
475 4 7 6 
476 7 1 0 5 
477 2 3 5 
478 5 6 
479 3 2 5 
480 7 3 5 
481 6 1 0 
482 2 5 4 6 
483 4 5 
484 0 3 2 7 
485 3 6 
486 4 6 
487 5 3 2 
488 3 7 6 
489 4 6 
490 2 3 7 
491 2 5 
492 2 6 
494 0 3 2 7 
495 6 3 2 7 
496 5 3 2 
497 4 6 
498 4 5 6 
499 7 6 
500 7 5 
501 1 3 2 7 
502 0 3 5 4 
503 6 3 5 
504 2 3 7 
505 7 5 
506 3 6 
507 0 1 6 
508 6 7 5 
509 5 1 0 4 
510 4 1 0 6 
512 2 3 5 
513 1 3 6 
514 7 1 0 5 
515 2 1 0 6 
516 1 0 5 4 
517 0 1 6 
518 6 3 5 
519 6 3 2 7 
520 7 5 
521 1 0 6 
522 0 1 7 
524 0 7 6 
525 4 3 5 
526 1 7 6 
527 2 3 7 
528 7 3 2 5 4 
529 3 2 5 
530 0 3 2 7 
531 4 5 
532 1 7 6 
533 2 1 0 6 
534 2 5 4 6 
535 7 3 5 
536 5 6 
537 1 3 2 7 
538 1 0 6 
539 4 1 0 6 
540 7 1 0 6 
541 2 3 5 
542 5 3 2 
543 3 6 
544 7 1 0 5 
545 6 3 2 5 4 
546 2 3 6 
547 4 5 6 
548 0 1 5 
549 3 2 7 
550 4 5 
551 5 7 6 
552 3 5 4 
553 4 6 
554 2 1 0 5 7 
555 2 3 5 4 
556 2 6 
558 0 1 5 7 
559 6 5 4 
560 5 7 6 
561 6 5 
562 4 1 0 5 
563 7 6 5 
564 7 3 5 4 
565 1 5 4 
566 0 5 
567 5 1 0 
568 2 5 
569 7 6 
570 3 5 
571 0 1 5 
572 6 5 
573 5 4 
574 4 1 7 
575 5 6 
576 2 3 7 
577 3 5 
578 7 3 6 
579 2 3 5 4 
580 1 6 
581 0 5 4 6 
582 6 7 
583 6 5 
584 7 3 2 
585 1 3 2 7 
586 0 6 
587 6 3 5 4 
588 0 1 6 
589 4 3 2 7 
590 1 3 2 7 
591 2 3 5 
592 7 1 0 6 
593 3 2 5 
594 0 5 4 
595 4 5 
596 1 0 5 4 
597 2 1 6 
598 3 1 0 6 
599 7 5 4 
600 5 3 
601 1 5 4 
602 1 0 5 
603 4 3 6 
604 7 3 6 
605 2 1 6 
606 5 3 2 7 
607 3 1 0 6 
608 7 6 
609 6 3 5 
610 2 7 6 5 
611 4 5 
612 0 5 4 6 
613 3 1 0 6 
614 4 1 0 5 
616 3 7 6 
617 4 5 
618 5 7 6 
619 2 5 4 
620 2 3 5 
621 6 5 
622 0 1 5 7 
624 5 3 2 7 
625 6 1 0 
626 4 3 2 7 
627 7 1 
628 7 6 
629 1 7 
630 0 1 5 
631 5 1 0 
632 2 5 4 
633 7 1 6 
634 0 1 6 
635 0 7 6 
636 6 1 0 
637 5 6 
638 4 1 0 5 
639 5 6 7 
640 2 5 4 
641 1 7 6 
642 7 1 0 5 
643 3 6 
644 1 0 5 4 
645 0 3 6 
646 6 7 5 
647 6 3 5 
648 7 3 2 
649 1 6 
650 0 1 5 
651 6 3 2 5 4 
652 0 1 7 
653 4 3 6 
654 1 5 4 
655 2 3 6 
656 7 3 2 
657 3 7 6 5 
658 1 7 
659 4 1 7 
660 1 5 
661 2 3 5 4 
662 3 1 0 6 
663 7 3 2 
664 5 3 2 7 
665 1 5 4 
666 1 0 6 
667 4 6 
668 7 3 2 
669 2 7 6 
670 5 3 2 7 
671 3 2 7 
672 7 1 0 5 
673 6 1 0 
674 2 6 
675 4 5 6 
676 0 7 6 
677 3 1 0 6 
678 4 1 0 5 7 
680 3 5 4 
681 5 1 6 
682 2 1 0 6 
683 2 1 0 5 7 
684 2 1 0 6 
685 6 5 4 
686 0 7 6 5 
687 6 5 4 
688 5 1 0 7 
689 6 1 0 
690 4 3 5 
691 7 1 0 6 
692 7 1 0 6 
693 1 0 5 4 
694 0 5 4 6 
695 5 7 6 
696 2 5 
697 7 1 0 6 
698 3 6 
699 0 1 5 7 
700 6 5 4 
701 5 7 6 
703 5 1 7 
704 2 3 5 4 
705 0 5 4 
706 6 1 7 
707 2 1 6 
708 1 5 
709 0 3 2 7 
710 6 7 5 
711 6 5 4 
712 7 5 4 
713 1 6 
714 0 6 7 5 
715 6 5 
716 1 3 5 
717 4 5 
718 0 5 
719 2 3 5 4 
720 7 1 
721 3 5 
722 0 7 6 
723 4 6 
724 1 0 5 4 
725 2 3 5 
726 3 6 7 5 
727 7 3 5 4 
728 5 6 
729 1 3 5 
730 1 7 
731 4 3 5 
732 7 6 
733 1 6 
734 5 1 0 4 
735 3 1 0 6 
736 0 5 
737 7 1 0 5 
738 2 3 5 4 
739 4 5 6 
740 0 1 5 
741 3 1 0 6 
742 4 1 0 5 
743 5 1 0 6 
744 3 7 6 
745 4 3 2 5 
746 2 3 5 4 
747 2 3 7 
748 1 0 6 
749 6 5 4 
750 3 5 4 
751 6 5 
752 5 3 2 4 
753 7 5 
754 5 1 0 
755 7 3 5 
756 7 5 4 
757 1 3 2 5 
758 0 5 
760 2 5 4 6 
761 7 6 
762 3 1 0 6 
763 0 5 
764 6 1 0 
765 5 3 
766 4 5 
767 4 3 2 7 
768 3 6 7 5 
769 1 6 7 5 
770 7 5 4 
771 2 7 6 
772 1 6 
773 0 1 7 
774 7 6 5 
775 6 3 2 7 
776 7 5 
777 1 6 
778 0 3 6 
779 6 5 4 
780 0 5 
781 4 1 0 5 7 
782 1 6 7 5 
783 3 5 
784 7 3 2 
785 3 6 7 5 
786 0 1 5 4 
787 4 1 0 5 7 
788 1 5 
789 2 3 6 
790 3 2 5 4 
791 7 1 6 
793 1 0 6 
794 1 3 2 5 
795 4 1 0 5 
796 7 6 
797 2 3 7 
798 6 3 5 4 
799 3 5 
800 4 3 2 7 
801 6 5 4 
802 3 5 4 
803 4 3 2 5 
804 0 3 2 7 
805 3 6 
806 4 7 6 
807 5 3 
808 0 6 7 5 
809 4 7 6 5 
810 3 1 0 6 
811 2 1 7 
812 3 5 4 
813 7 1 0 5 
814 0 7 6 
816 5 1 0 6 
817 4 5 
818 4 3 2 5 
819 7 1 0 6 
820 6 5 4 
821 0 3 2 5 
822 0 3 5 4 
823 5 3 2 7 
824 2 3 7 
825 7 1 0 6 
826 3 1 0 5 7 
827 1 5 4 
828 6 7 
829 5 1 0 
830 4 1 0 6 
831 5 4 6 
832 2 3 7 
833 1 3 5 
834 7 3 6 
835 0 5 4 6 
836 1 0 5 4 
837 0 5 4 
838 4 1 0 5 
839 6 7 
840 6 1 0 5 
841 1 6 
842 5 4 
843 6 1 0 
844 0 5 4 6 
845 4 6 7 5 
846 1 3 5 4 
847 2 1 7 
848 7 1 0 5 4 
849 3 2 7 
850 0 7 6 5 
851 4 3 2 5 
852 1 3 2 5 4 
853 2 5 4 6 
854 3 6 
855 5 1 0 6 
856 5 1 0 
857 1 5 4 6 
858 1 3 2 7 
859 4 1 0 6 
861 2 3 5 
862 5 1 0 
863 3 1 0 5 
864 7 1 0 5 
865 4 5 6 
866 2 3 5 
867 4 3 2 5 
868 0 7 6 
869 3 1 0 5 7 
870 5 6 
871 5 4 6 
872 3 1 0 6 
873 4 5 
874 2 1 6 
875 3 1 0 5 4 
876 2 5 4 6 
878 0 6 
879 6 1 0 
880 5 6 
881 6 3 2 5 4 
882 4 7 6 5 
883 7 5 4 
884 7 6 
885 1 3 2 5 
886 1 0 5 
887 5 1 0 6 
888 2 1 0 5 4 
889 7 6 
890 2 1 0 6 
891 0 1 5 7 
892 6 1 0 
893 5 6 
894 4 5 
895 5 1 0 7 
896 2 1 0 6 
897 1 0 5 
898 7 3 2 
899 3 5 4 6 
900 1 3 5 4 
901 0 1 6 
902 6 1 0 
903 6 3 5 4 
904 7 1 6 
905 1 5 4 
906 0 5 
907 6 5 
908 0 7 6 
909 4 7 6 
910 1 5 4 6 
911 3 2 7 
912 0 1 7 
913 3 1 0 5 7 
914 4 5 
915 5 4 6 
916 0 3 2 7 
917 3 5 
918 4 6 7 5 
919 7 5 
920 5 1 0 6 
921 3 1 0 5 7 
922 5 1 0 6 
923 6 3 5 
925 3 1 0 5 
926 0 6 7 5 
927 0 1 5 
929 3 5 4 
930 3 2 5 4 
931 4 3 2 5 
932 3 5 
933 3 1 0 5 7 
934 3 5 4 
935 6 7 5 
936 4 7 6 
937 3 6 7 5 
938 0 1 5 
939 6 5 4 
940 5 7 6 
941 6 5 
942 0 3 6 
943 3 1 0 5 
944 5 7 6 
945 3 5 
946 4 5 
947 7 6 
948 3 1 7 
949 6 5 4 
950 0 1 5 
951 0 1 6 
952 5 7 6 
953 3 5 
954 5 3 
955 6 5 4 
956 7 5 
958 1 0 6 
959 3 7 6 5 
960 3 7 6 
961 1 3 5 
962 5 3 2 7 
963 3 7 6 
964 1 6 
965 0 6 
966 6 3 2 5 4 
967 6 3 5 
968 7 1 0 5 
969 3 2 7 
970 2 3 5 
971 4 1 0 5 
972 7 6 5 
973 5 1 0 7 
974 4 6 
975 3 5 
976 6 3 2 5 4 
977 3 6 
978 4 3 2 5 
979 4 3 2 7 
980 1 3 5 
981 3 5 
982 4 6 
983 7 3 6 
984 5 1 0 4 
985 3 5 
986 5 3 
987 4 1 0 6 
988 5 7 6 
989 5 3 2 7 
990 4 3 5 
991 0 7 6 5 
992 0 6 
993 3 1 0 5 7 
994 3 6 7 5 
995 4 5 6 
996 3 2 7 
997 3 1 0 5 
998 3 2 5 
999 5 1 0 6 
1000 4 1 0 5 
1001 3 6 
1003 6 5 4 
1006 3 1 6 
1007 3 7 6 5 
1008 0 1 7 
1009 3 7 6 5 
1010 4 5 
1011 6 3 2 7 
1012 1 3 2 7 
1013 6 7 
1015 0 5 4 6 
1016 5 6 
1017 3 1 0 5 7 
1018 5 1 7 
1019 6 3 5 
1021 5 7 6 
1022 1 0 6 
1023 3 2 5 
