0 2 7 4 5 
1 3 4 2 5 
2 7 1 2 0 4 3 5 
3 2 3 0 1 
4 3 7 4 5 
5 5 3 7 2 
6 4 1 2 0 3 5 
7 3 2 5 
8 1 6 7 3 5 
9 5 7 4 
10 3 5 4 7 
11 1 7 4 5 
12 6 0 1 
13 2 1 0 
14 4 1 7 0 6 2 
15 4 1 0 2 5 
16 5 1 0 4 2 
17 3 2 0 1 
18 3 0 7 6 2 5 
19 0 7 2 1 6 3 5 
20 0 1 
21 5 4 1 0 
22 3 1 0 2 
23 1 5 7 3 
24 2 3 5 
25 6 0 1 
26 5 1 7 4 0 2 
27 2 7 1 6 3 5 
28 0 7 4 5 
29 5 1 7 4 0 2 
30 4 0 2 1 3 
31 0 6 4 7 5 
32 6 5 1 7 2 
33 0 4 2 5 3 
34 7 0 1 2 
35 4 0 1 5 2 
36 6 1 0 3 2 
37 1 7 2 6 3 5 
38 6 5 2 
39 1 6 4 7 
40 7 1 4 0 5 2 
41 2 0 4 1 5 
42 5 1 2 0 
43 0 2 7 3 4 
44 0 7 3 6 4 2 
45 6 3 2 5 
46 2 7 0 6 4 1 
47 4 7 0 6 1 
48 3 6 4 7 5 
49 1 6 4 7 5 
50 7 6 5 
51 3 1 2 0 
52 7 1 2 3 0 
53 4 1 2 5 
54 2 6 7 5 
55 1 0 3 2 
56 5 1 7 6 0 4 2 
57 1 4 5 0 
58 0 3 7 2 
59 0 2 5 3 7 
60 6 7 5 
61 1 5 4 7 
62 4 1 2 0 
63 7 1 0 5 3 
64 2 3 0 1 5 7 
65 3 0 1 
66 7 0 4 1 5 2 
67 2 6 7 5 
68 3 0 1 7 5 6 
69 5 4 6 7 
70 4 6 5 7 
71 3 1 2 4 0 5 
72 2 7 1 5 6 
73 5 6 7 3 
74 3 5 1 7 
75 1 6 7 3 5 
76 6 4 5 
77 2 1 
78 5 1 0 
79 4 1 5 3 
80 5 7 4 
81 3 1 7 4 0 5 2 
82 2 0 4 7 5 
83 0 6 7 5 
84 0 4 1 2 5 
85 5 7 1 6 2 
86 3 6 4 7 5 
87 1 0 5 3 
88 3 6 7 5 
89 6 1 0 4 2 5 
90 5 7 4 6 
91 2 1 0 3 
92 0 4 6 5 7 
93 5 3 7 2 
94 4 1 7 0 5 2 
95 1 7 6 0 4 2 
96 6 7 2 5 
97 0 1 7 5 3 6 
98 7 0 4 1 5 2 
99 4 7 2 1 6 3 5 
100 6 2 3 0 1 
101 1 4 5 3 
102 6 0 7 2 5 
103 1 3 0 2 
104 6 7 3 4 2 
105 3 4 2 5 
106 5 6 7 2 
107 0 6 7 5 
108 0 2 4 1 5 3 
109 6 2 3 0 1 
110 1 6 4 7 
111 4 0 1 
112 3 6 4 7 
113 0 3 1 5 
114 7 3 1 5 
115 3 2 0 1 
116 7 5 4 
117 4 1 7 6 0 2 
118 2 6 3 7 
119 1 2 7 3 4 
120 5 7 1 6 3 
121 1 2 0 4 3 5 
122 0 3 2 5 
123 0 7 5 4 
124 6 5 1 7 2 
125 1 2 7 3 4 
126 4 1 0 5 3 
127 7 1 3 0 2 
128 2 3 7 
129 3 2 6 7 
130 7 2 5 3 
131 2 1 3 0 
132 3 0 1 
133 5 7 1 6 3 
134 4 6 5 7 
135 3 7 4 5 
136 2 6 7 5 
137 5 6 7 
138 3 1 5 
139 1 2 4 5 3 
140 6 0 2 1 
141 2 6 7 5 
142 4 1 5 0 
143 4 6 5 7 
144 5 2 6 3 7 
145 3 5 2 
146 2 4 6 5 7 
147 0 1 7 4 5 2 
148 0 2 5 3 7 
149 4 2 1 5 3 
150 3 6 4 7 
151 1 6 4 7 5 
152 2 6 7 5 
153 6 1 2 3 0 
154 5 7 4 
155 2 1 3 0 
156 0 6 5 1 7 2 
157 5 2 4 3 
158 4 7 5 
159 1 7 4 6 5 
160 4 7 1 5 2 6 
161 0 7 6 2 5 
162 7 5 2 
163 4 3 2 5 
164 6 7 3 4 2 
165 1 0 4 7 2 5 
166 6 7 0 4 1 
167 1 2 4 0 3 5 
168 7 6 5 
169 2 0 7 6 5 
170 5 0 4 1 2 
171 0 2 4 1 5 3 
172 1 0 5 
173 6 7 4 5 
174 2 3 0 1 
175 4 1 7 0 6 2 
176 3 4 2 5 
177 1 6 5 7 2 
178 7 6 4 
179 3 2 0 1 
180 7 4 1 2 5 
181 4 6 7 5 
182 2 6 3 7 
183 1 0 2 7 
184 5 6 4 7 
185 1 2 4 0 3 5 
186 0 1 5 3 
187 0 5 2 
188 6 3 1 5 
189 1 4 5 
190 4 7 6 5 
191 7 6 2 5 
192 2 6 7 5 
193 3 7 1 5 2 6 
194 7 3 6 4 2 
195 2 7 1 6 3 5 
196 3 0 1 7 5 6 
197 5 1 3 0 2 
198 4 3 0 1 5 2 7 
199 3 2 5 
200 2 6 7 5 
201 5 2 7 3 4 
202 3 1 2 0 
203 1 2 6 3 7 
204 6 1 7 0 2 4 
205 2 5 4 7 
206 7 0 6 2 5 
207 4 1 7 0 5 2 
208 5 7 1 6 2 
209 3 7 0 6 4 1 
210 2 1 0 5 3 
211 0 1 2 3 
212 0 6 7 2 5 
213 5 1 2 4 0 3 
214 3 5 4 7 
215 1 0 5 
216 2 1 0 4 5 
217 6 5 2 
218 5 7 4 
219 1 2 0 4 3 5 
220 1 2 3 0 
221 5 6 7 
222 4 1 0 5 
223 1 3 2 5 
224 6 0 2 1 3 
225 6 1 7 0 4 2 
226 7 4 6 5 
227 4 7 3 6 2 
228 6 4 2 5 3 
229 1 6 7 5 
230 6 2 4 3 5 
231 1 3 7 2 
232 7 1 5 2 6 
233 2 4 1 5 3 
234 5 4 2 3 
235 6 2 7 3 4 
236 0 7 6 4 1 
237 7 4 5 
238 2 1 0 4 5 
239 4 3 2 
240 3 2 4 1 5 
241 1 6 7 5 
242 5 0 1 2 7 
243 3 0 7 6 2 5 
244 6 0 4 7 2 5 
245 4 5 1 7 3 
246 2 4 5 
247 0 1 
248 4 0 7 6 2 5 
249 1 2 4 3 5 
250 0 1 7 6 4 2 
251 0 4 5 
252 6 0 1 
253 1 7 4 6 5 
254 4 6 7 5 
255 7 3 2 
256 0 2 3 1 
257 0 7 6 2 5 
258 7 3 2 
259 2 5 1 7 3 
260 3 1 7 6 0 4 2 
261 5 4 2 3 
262 4 1 2 3 0 
263 7 1 2 0 
264 2 6 7 5 
265 5 1 0 3 
266 3 1 2 0 4 5 
267 1 2 7 3 4 
268 6 4 1 2 5 
269 7 1 2 3 0 
270 4 7 3 6 2 
271 4 5 1 7 3 
272 5 1 0 4 2 
273 3 2 
274 0 1 3 2 
275 0 2 1 3 
276 0 4 7 2 5 
277 5 0 1 
278 3 0 2 1 
279 1 2 4 0 3 5 
280 2 1 
281 6 5 4 7 
282 5 1 7 0 6 2 4 
283 2 7 5 1 6 
284 0 7 5 4 
285 5 3 2 
286 4 1 2 3 0 
287 1 2 6 3 7 
288 6 2 3 
289 0 3 1 5 2 7 
290 7 3 2 
291 4 7 6 5 
292 6 1 7 0 4 2 
293 0 5 4 7 
294 6 1 2 0 4 3 5 
295 1 7 4 0 5 2 
296 7 3 1 5 
297 2 1 7 4 0 5 
298 6 1 2 3 0 
299 1 4 5 
300 7 1 2 0 4 3 5 
301 6 1 2 
302 2 0 1 
303 4 3 2 
304 3 1 2 0 
305 1 7 0 6 2 4 
306 7 1 0 3 2 
307 3 0 1 7 5 6 
308 7 1 5 2 6 
309 4 6 7 5 
310 2 6 3 7 
311 1 0 5 
312 5 6 7 2 
313 1 6 7 3 5 
314 0 1 5 3 
315 0 4 1 5 2 
316 6 4 1 5 3 
317 1 0 2 7 
318 4 3 1 5 
319 7 1 2 4 0 3 5 
320 7 1 3 0 2 
321 6 2 4 3 5 
322 5 0 2 1 
323 7 4 2 5 3 
324 0 7 5 1 6 2 
325 5 1 7 0 6 2 4 
326 4 1 5 0 
327 0 1 2 7 
328 2 6 7 5 
329 5 4 
330 3 1 0 4 2 5 
331 1 6 4 7 5 
332 6 1 7 0 4 2 
333 2 3 0 1 5 7 
334 4 1 5 0 
335 4 1 5 3 
336 5 1 2 3 0 
337 3 7 4 5 
338 7 0 4 2 5 
339 3 7 2 
340 0 2 3 
341 5 4 1 3 
342 3 2 5 
343 4 3 7 2 
344 2 6 4 7 5 
345 6 4 5 7 
346 5 3 2 
347 2 6 4 7 5 
348 0 3 2 
349 5 1 2 0 
350 7 1 6 0 4 2 
351 2 7 5 1 6 
352 6 7 3 5 
353 0 4 6 5 7 
354 7 1 0 6 2 4 
355 4 6 7 
356 6 2 4 3 5 
357 3 1 0 5 
358 6 7 5 
359 1 6 7 5 
360 7 2 6 3 
361 2 3 1 5 
362 4 7 5 
363 0 4 2 5 3 
364 0 1 4 2 5 
365 6 1 2 
366 3 1 2 4 0 5 
367 5 1 0 3 
368 3 0 1 7 5 6 
369 1 0 5 
370 5 0 1 
371 0 2 3 
372 6 7 2 5 
373 4 1 0 3 2 
374 2 0 1 7 
375 1 4 2 5 3 
376 4 1 2 0 3 5 
377 1 4 5 
378 0 1 2 
379 0 7 3 6 4 2 
380 6 4 7 5 
381 2 4 5 3 
382 4 3 2 
383 7 4 1 2 5 
384 2 0 4 1 5 
385 3 1 2 4 0 5 
386 5 1 2 3 0 
387 2 3 7 
388 7 1 2 4 0 3 5 
389 5 7 3 6 4 2 
390 4 7 3 6 2 
391 3 0 2 1 
392 6 2 7 3 4 
393 5 1 2 3 0 
394 0 1 2 7 
395 7 6 5 
396 4 1 7 0 5 2 
397 1 7 6 3 5 
398 5 7 4 6 
399 7 1 2 3 0 
400 7 6 5 1 2 
401 7 2 6 3 
402 1 2 4 5 3 
403 4 3 1 5 
404 3 2 4 1 5 
405 5 4 1 3 
406 7 6 2 5 
407 1 2 3 0 
408 2 0 1 
409 5 7 4 
410 7 1 2 0 4 3 5 
411 4 6 7 5 
412 1 4 2 5 3 
413 6 7 1 3 5 
414 4 1 2 
415 4 0 1 5 2 
416 6 7 0 4 1 
417 3 4 1 5 
418 7 4 5 
419 1 0 
420 6 2 5 3 7 
421 6 7 1 3 5 
422 6 7 5 
423 1 5 2 
424 7 2 3 
425 2 1 7 6 0 4 
426 5 0 4 7 2 
427 0 4 2 5 3 
428 0 6 5 1 7 2 
429 2 0 1 
430 0 6 4 7 5 
431 0 4 2 5 3 
432 0 2 3 
433 6 4 7 5 
434 1 7 5 4 
435 6 0 1 7 5 3 
436 7 1 3 0 2 
437 0 4 1 5 
438 2 4 5 3 
439 1 6 7 5 
440 5 3 0 1 2 7 
441 6 4 7 5 
442 0 4 1 2 5 
443 1 0 3 2 
444 6 4 2 5 3 
445 1 7 0 6 2 4 
446 4 1 2 5 
447 7 0 1 5 3 6 
448 2 0 1 7 5 3 6 
449 3 1 0 5 
450 7 0 2 1 3 
451 2 6 7 5 
452 3 2 4 1 5 
453 5 6 7 3 
454 4 0 7 2 5 
455 3 7 2 
456 3 1 2 0 
457 5 7 2 1 6 3 
458 3 0 7 6 2 5 
459 1 0 2 7 
460 6 4 1 5 0 
461 2 3 0 1 5 7 
462 4 1 2 0 
463 4 2 5 3 
464 4 3 2 5 
465 3 0 1 5 2 7 
466 2 1 3 0 
467 0 7 2 1 6 3 5 
468 1 0 7 6 2 5 
469 5 7 1 6 3 
470 1 0 
471 1 4 6 5 7 
472 2 3 5 
473 6 2 5 3 7 
474 5 0 2 1 
475 2 1 7 6 0 4 
476 0 1 7 4 5 2 
477 5 6 7 
478 4 7 5 
479 1 2 4 3 5 
480 6 0 2 1 
481 0 1 2 4 3 5 
482 7 0 2 1 3 
483 4 7 2 1 6 3 5 
484 6 3 0 1 5 2 7 
485 1 2 4 5 3 
486 6 2 5 3 7 
487 1 4 5 0 
488 7 4 5 
489 2 1 
490 5 6 1 7 2 
491 0 6 4 7 5 
492 0 2 3 
493 6 1 2 4 0 3 5 
494 2 1 7 4 0 5 
495 4 1 2 3 0 
496 3 5 1 7 
497 1 5 2 
498 7 6 5 
499 3 2 5 7 
500 7 0 1 2 
501 4 5 
502 2 7 0 6 4 1 
503 1 2 3 0 
504 5 1 0 
505 1 5 7 3 
506 0 4 1 5 
507 0 4 1 5 
508 6 7 5 1 2 
509 1 7 5 6 2 
510 4 0 2 1 3 
511 7 6 3 5 
512 2 1 0 
513 3 5 1 7 
514 7 6 5 
515 2 4 1 5 0 
516 3 7 5 4 
517 5 6 4 7 
518 4 2 6 3 7 
519 3 7 1 6 5 
520 2 1 3 0 
521 4 3 0 1 5 2 7 
522 3 0 1 2 7 
523 1 5 4 7 
524 6 1 7 0 2 4 
525 2 1 3 0 
526 4 5 
527 4 1 0 2 5 
528 5 3 2 
529 1 7 5 2 6 
530 2 1 0 4 5 
531 0 7 5 4 
532 0 6 7 5 
533 5 1 2 
534 3 7 2 1 6 5 
535 1 7 0 6 2 4 
536 2 1 7 0 6 4 
537 6 2 5 3 7 
538 5 1 7 4 0 2 
539 2 0 1 
540 0 4 6 5 7 
541 5 0 7 6 2 
542 4 1 2 3 0 
543 1 6 7 5 
544 6 4 2 5 3 
545 0 1 7 6 2 4 
546 7 0 6 4 1 
547 4 2 7 3 
548 6 2 3 7 
549 1 2 7 3 4 
550 6 3 1 5 
551 1 4 5 0 
552 7 4 5 
553 2 7 3 6 4 
554 5 6 4 7 
555 0 7 4 5 
556 0 1 7 5 3 6 
557 6 3 2 
558 2 1 0 
559 4 6 7 5 
560 3 6 5 1 7 2 
561 1 7 3 6 4 2 
562 7 0 4 1 5 2 
563 3 4 5 
564 7 4 1 2 5 
565 4 1 2 0 3 5 
566 2 7 3 6 4 
567 1 6 7 2 5 
568 5 3 2 
569 1 7 2 6 3 5 
570 0 3 1 5 
571 0 5 2 
572 6 0 4 7 2 5 
573 1 5 7 3 
574 4 0 1 5 2 
575 7 6 5 
576 2 4 1 5 
577 3 4 2 5 
578 7 1 3 0 2 
579 2 1 0 5 3 
580 3 7 4 5 
581 5 1 2 0 
582 4 2 5 3 
583 3 0 1 7 5 6 
584 2 4 6 5 7 
585 5 3 0 1 2 7 
586 3 7 6 4 2 
587 1 2 3 
588 6 4 1 2 5 
589 2 7 1 5 6 
590 4 2 3 5 
591 4 5 1 7 3 
592 5 1 7 3 
593 3 4 2 5 
594 2 7 1 6 3 5 
595 0 1 2 7 
596 0 6 4 7 
597 5 7 1 6 3 
598 3 1 0 2 
599 1 2 5 3 7 
600 2 6 7 5 
601 6 0 2 1 3 
602 5 6 7 
603 2 1 3 0 
604 0 1 4 2 5 
605 4 5 2 
606 4 7 5 1 6 2 
607 1 2 0 
608 6 1 0 5 3 
609 0 1 2 4 3 5 
610 7 1 2 4 0 3 5 
611 4 0 2 1 
612 6 7 4 5 
613 1 2 6 3 7 
614 6 1 0 5 
615 1 7 0 6 4 
616 7 5 4 
617 2 5 1 7 3 
618 5 6 7 3 
619 0 6 7 5 
620 0 7 4 5 
621 6 4 2 5 3 
622 2 7 1 5 6 
623 4 6 7 5 
624 3 1 0 5 
625 1 0 7 6 2 5 
626 7 1 2 0 4 3 5 
627 3 5 4 7 
628 7 0 2 1 3 
629 4 2 1 5 3 
630 2 0 1 
631 1 0 4 7 2 5 
632 5 1 7 3 
633 1 7 6 3 5 
634 0 1 3 2 
635 0 7 4 6 5 
636 6 1 0 4 2 5 
637 1 7 6 3 5 
638 4 2 7 3 
639 7 1 2 0 
640 2 1 0 
641 3 1 7 6 0 4 2 
642 7 5 4 
643 2 5 
644 3 5 2 
645 5 4 6 7 
646 4 6 5 1 7 2 
647 3 4 1 5 0 
648 2 0 1 
649 5 4 1 3 
650 3 7 1 6 5 
651 1 2 
652 4 1 5 0 
653 2 4 1 5 
654 4 6 5 7 
655 4 3 1 5 
656 5 3 2 
657 3 7 6 4 2 
658 2 1 0 3 
659 0 4 1 5 2 
660 3 7 1 5 2 6 
661 5 7 4 6 
662 3 0 1 
663 1 2 3 0 
664 2 0 4 7 5 
665 6 1 3 0 2 
666 5 0 4 7 2 
667 2 0 1 7 
668 0 5 4 7 
669 5 2 7 3 4 
670 4 0 1 2 7 
671 2 0 1 7 5 3 6 
672 6 2 3 7 
673 3 1 0 2 
674 7 6 3 5 
675 4 6 7 5 
676 6 0 2 1 3 
677 3 6 5 1 7 2 
678 7 4 5 
679 1 4 6 5 7 
680 7 5 2 
681 2 3 7 
682 5 3 1 
683 0 3 1 5 
684 0 6 4 7 
685 6 4 2 5 3 
686 2 1 4 0 3 5 
687 4 2 5 3 
688 3 1 0 2 
689 1 2 
690 7 4 6 5 
691 3 6 7 5 
692 7 1 0 5 
693 4 7 5 
694 2 6 7 5 
695 1 0 2 3 
696 5 6 7 3 
697 0 6 7 3 5 
698 0 1 
699 0 7 2 1 6 3 5 
700 6 0 1 7 5 3 
701 2 7 1 5 6 
702 4 3 7 2 
703 7 1 6 0 4 2 
704 2 1 0 4 3 5 
705 3 2 6 7 
706 7 5 4 
707 3 7 2 
708 3 7 5 4 
709 5 4 1 3 
710 4 1 2 
711 3 1 0 5 
712 2 7 5 4 
713 5 6 7 3 
714 3 2 5 
715 1 0 
716 6 7 4 5 
717 2 5 3 7 
718 4 2 6 3 7 
719 4 5 
720 5 7 2 1 6 3 
721 3 2 4 5 
722 2 4 5 
723 3 2 
724 2 6 7 5 
725 5 7 4 6 
726 3 1 0 2 
727 3 2 0 1 
728 2 6 5 1 7 
729 6 0 4 1 5 2 
730 5 3 0 1 2 7 
731 2 3 5 
732 0 1 2 3 
733 5 4 2 3 
734 4 6 7 5 
735 2 1 3 0 
736 6 7 1 5 2 
737 2 0 1 
738 7 0 6 2 5 
739 4 2 1 5 3 
740 6 2 7 3 4 
741 3 0 1 
742 6 2 3 7 
743 1 0 7 5 3 6 
744 7 5 1 3 
745 2 6 4 7 5 
746 5 0 4 1 2 
747 0 7 6 4 1 
748 0 2 3 
749 6 7 5 
750 2 0 4 7 5 
751 4 2 7 3 
752 3 4 2 5 
753 1 5 2 
754 7 3 0 1 5 2 
755 3 1 7 4 0 5 2 
756 7 4 5 
757 4 3 0 1 5 2 7 
758 2 4 1 5 3 
759 1 7 5 6 2 
760 5 1 3 0 2 
761 1 6 5 7 2 
762 0 4 1 2 5 
763 0 1 2 3 
764 6 2 4 3 5 
765 2 5 4 7 
766 4 0 1 2 7 
767 7 0 1 
768 2 6 7 5 
769 3 2 0 1 
770 7 2 4 1 5 3 
771 2 3 
772 3 0 4 7 2 5 
773 5 1 2 3 0 
774 4 7 1 5 2 6 
775 3 1 0 2 
776 2 5 
777 5 6 4 7 
778 3 0 1 
779 1 0 5 3 
780 6 4 7 
781 2 1 0 
782 4 2 3 
783 4 7 6 5 
784 5 6 4 7 
785 3 6 4 7 
786 2 4 5 3 
787 3 1 2 4 0 5 
788 2 0 1 
789 7 6 4 
790 3 0 2 1 
791 3 1 2 4 0 5 
792 2 7 5 1 6 
793 6 0 7 2 5 
794 7 0 1 
795 2 4 1 5 3 
796 0 7 5 1 6 2 
797 7 2 3 4 
798 7 6 4 
799 2 0 1 3 
800 7 6 5 1 2 
801 2 3 
802 7 0 4 2 5 
803 4 1 2 5 
804 6 4 1 5 3 
805 3 7 2 1 6 5 
806 6 7 5 4 
807 0 2 1 
808 7 5 1 6 2 
809 3 1 5 
810 6 0 2 1 
811 0 7 5 1 6 2 
812 0 1 5 
813 6 0 4 7 2 5 
814 3 0 1 
815 6 0 1 
816 3 0 1 2 7 
817 1 0 4 2 5 
818 7 4 1 5 3 
819 3 6 7 2 5 
820 7 0 6 4 1 
821 6 5 4 7 
822 2 1 
823 1 4 5 0 
824 6 4 1 2 5 
825 1 7 0 6 2 4 
826 0 7 5 4 
827 0 1 2 3 
828 6 2 3 
829 2 7 0 6 4 1 
830 4 0 7 6 2 5 
831 7 3 2 
832 3 2 5 7 
833 3 7 1 5 2 6 
834 7 6 2 5 
835 3 1 5 
836 3 2 7 4 
837 5 1 2 3 0 
838 4 0 2 1 
839 7 6 5 
840 6 1 2 0 4 3 5 
841 5 1 0 
842 4 6 7 3 5 
843 7 1 2 
844 6 7 5 1 2 
845 7 4 2 5 3 
846 3 2 0 1 
847 0 2 5 3 7 
848 5 1 0 3 
849 7 6 3 5 
850 7 0 2 1 
851 4 1 0 3 2 
852 4 2 3 5 
853 5 1 0 4 2 
854 7 6 4 
855 4 5 
856 3 2 4 5 
857 6 1 7 0 4 2 
858 5 3 2 
859 2 6 4 7 5 
860 0 5 4 7 
861 5 1 2 0 4 3 
862 4 0 1 
863 2 1 3 0 
864 6 7 4 5 
865 3 2 4 1 5 
866 7 1 0 4 2 5 
867 0 6 4 7 
868 7 1 6 3 5 
869 3 7 0 6 4 1 
870 6 1 0 3 2 
871 1 3 0 2 
872 7 4 2 5 3 
873 3 7 2 1 6 5 
874 5 6 7 
875 0 6 7 5 
876 0 7 4 6 5 
877 2 3 0 1 
878 0 7 5 4 
879 0 7 4 5 
880 0 7 1 6 3 5 
881 1 2 
882 2 1 0 5 
883 0 1 7 6 2 4 
884 7 4 1 5 3 
885 0 4 2 5 3 
886 1 6 5 7 2 
887 1 0 3 2 
888 5 1 2 0 4 3 
889 1 7 6 3 5 
890 1 3 5 
891 0 2 3 1 
892 6 4 7 5 
893 1 3 0 5 2 7 
894 4 7 0 6 1 
895 0 1 3 2 
896 0 6 4 7 
897 1 2 4 3 5 
898 7 4 5 
899 0 1 3 2 
900 0 5 2 
901 5 4 2 3 
902 4 2 3 5 
903 0 6 4 7 5 
904 1 6 7 5 
905 5 1 0 
906 3 6 7 5 
907 1 2 
908 6 5 1 7 2 
909 2 7 4 5 
910 3 4 1 5 
911 0 6 5 1 7 2 
912 5 6 7 2 
913 1 5 4 7 
914 0 7 3 6 4 2 
915 1 3 0 5 2 7 
916 3 0 2 1 
917 5 7 1 2 6 
918 0 2 4 3 5 
919 3 2 5 7 
920 0 7 5 1 6 2 
921 7 3 2 
922 5 2 3 7 
923 1 2 4 3 5 
924 0 1 7 5 3 6 
925 5 0 1 7 3 6 
926 4 7 5 
927 2 1 7 6 0 4 
928 4 7 5 
929 3 4 1 5 
930 7 5 4 
931 4 5 
932 6 2 5 3 7 
933 4 7 5 
934 6 1 0 5 
935 5 6 7 
936 7 4 1 5 3 
937 6 1 0 5 
938 5 2 3 
939 5 7 2 1 6 3 
940 6 1 7 0 2 4 
941 6 0 1 2 7 
942 5 1 2 0 4 3 
943 5 7 4 
944 6 7 1 5 2 
945 6 1 2 3 0 
946 7 5 1 6 2 
947 6 1 7 0 2 4 
948 7 0 4 1 5 2 
949 4 1 7 0 5 2 
950 5 1 2 
951 7 0 1 
952 5 4 1 2 
953 6 2 3 0 1 
954 5 2 4 1 3 
955 7 1 2 3 0 
956 7 0 1 
957 6 0 7 2 5 
958 5 6 7 2 
959 1 0 
960 1 6 7 5 
961 1 5 7 3 
962 7 5 4 
963 0 4 1 2 5 
964 0 4 1 5 
965 5 6 4 7 
966 4 7 1 6 3 5 
967 0 1 
968 1 6 4 7 
969 5 2 
970 0 1 5 3 
971 1 0 2 
972 6 2 3 
973 1 0 4 5 2 
974 4 2 5 3 
975 4 6 7 5 
976 5 1 7 6 0 4 2 
977 1 2 4 3 5 
978 0 1 2 3 
979 3 6 7 5 
980 3 0 4 7 2 5 
981 5 0 4 1 2 
982 1 2 3 
983 3 0 1 5 2 7 
984 0 6 7 5 
985 6 3 2 
986 5 7 4 6 
987 1 0 4 2 5 
988 0 2 1 
989 5 1 2 3 0 
990 4 6 7 5 
991 2 0 1 3 
992 7 5 1 3 
993 6 3 7 2 
994 7 4 6 5 
995 4 3 2 
996 7 0 2 1 
997 4 1 2 0 
998 7 0 1 5 3 6 
999 5 1 7 4 0 2 
1000 7 0 6 4 1 
1001 6 0 1 
1002 7 6 4 5 
1003 6 7 1 3 5 
1004 7 5 4 
1005 7 6 2 5 
1006 7 2 3 4 
1007 6 4 7 5 
1008 7 3 2 
1009 6 7 1 5 2 
1010 4 2 3 
1011 6 7 4 5 
1012 7 6 2 5 
1013 6 0 2 1 
1014 5 7 4 
1015 7 3 2 
1016 4 7 5 
1017 6 7 3 4 2 
1018 5 1 2 3 0 
1019 7 6 3 5 
1020 7 0 6 4 1 
1021 6 3 2 5 
1022 4 7 6 5 
1023 7 2 5 3 
