0 4 6 7 5 
1 6 5 4 
2 4 0 2 3 1 
3 0 1 6 7 4 3 
4 3 0 5 4 1 
5 3 1 2 
6 7 3 2 1 4 
7 5 4 1 
8 3 1 0 6 
9 5 3 1 2 
10 3 5 4 1 
11 2 6 0 1 5 
12 7 6 5 4 
13 1 6 0 3 4 
14 5 0 3 2 1 
15 2 3 1 
16 4 0 2 1 3 
17 2 5 4 
18 4 6 7 
19 0 7 4 6 
20 4 2 3 1 
21 6 5 4 1 
22 7 3 1 2 
23 1 0 4 3 
24 5 2 7 3 0 4 
25 4 6 1 0 3 
26 6 1 0 3 4 
27 4 5 3 1 
28 3 5 6 4 
29 6 3 1 2 
30 4 7 6 3 
31 7 1 0 4 3 
32 7 4 6 
33 0 7 6 3 4 
34 3 5 4 1 
35 0 6 5 4 
36 2 3 1 4 
37 4 6 7 5 
38 0 3 7 1 6 2 4 
39 6 1 0 4 3 
40 0 3 2 1 
41 2 5 0 1 4 
42 5 1 0 2 6 
43 0 3 2 1 
44 7 1 0 3 
45 1 2 3 
46 2 6 7 1 4 
47 4 7 3 2 
48 3 7 2 4 
49 3 5 6 4 
50 6 7 5 4 
51 3 7 4 2 
52 0 7 4 6 
53 4 1 0 3 
54 0 3 5 2 4 1 
55 5 0 1 4 
56 1 6 0 3 4 
57 1 6 5 4 
58 7 6 4 
59 5 6 4 
60 3 2 1 4 
61 0 6 7 4 
62 5 7 6 3 4 
63 0 3 5 2 4 
64 4 2 6 3 5 0 
65 6 5 4 
66 4 3 1 
67 0 1 7 6 4 3 
68 3 5 4 1 
69 3 5 4 
70 7 0 5 4 1 
71 5 0 3 2 1 
72 3 6 7 1 5 
73 5 6 4 
74 3 7 6 2 1 4 
75 2 3 6 1 
76 7 1 0 6 3 4 2 
77 1 5 4 
78 5 7 6 4 
79 2 5 4 1 
80 4 6 7 3 1 5 
81 2 3 5 4 
82 4 3 2 1 
83 0 1 6 4 3 
84 4 1 0 6 7 3 2 
85 6 5 4 
86 7 1 0 6 3 4 2 
87 1 5 4 
88 5 7 6 1 
89 4 0 3 2 1 
90 6 5 3 4 1 
91 4 3 5 2 
92 3 5 2 4 
93 6 7 5 4 
94 4 7 5 1 
95 7 3 6 1 0 2 4 
96 7 6 0 1 5 
97 0 3 2 1 
98 3 1 7 6 4 
99 0 1 5 
100 2 6 0 1 5 
101 4 6 7 
102 0 6 7 3 1 5 
103 6 7 5 1 
104 0 6 7 3 1 5 
105 2 0 5 4 1 
106 4 7 2 3 
107 0 6 7 5 1 
108 7 3 5 2 4 1 
109 1 6 7 4 
110 2 5 4 
111 5 7 2 4 3 
112 3 1 5 0 2 4 
113 3 1 0 2 6 
114 6 7 1 4 
115 3 5 4 
116 0 3 1 2 
117 4 7 6 1 5 
118 0 5 4 
119 5 6 0 1 
120 1 6 4 3 
121 1 6 7 5 4 
122 7 2 3 4 
123 5 2 7 3 0 4 
124 3 6 0 1 5 
125 0 7 2 4 3 
126 5 4 1 
127 0 2 3 1 
128 4 3 7 6 2 1 
129 6 1 0 2 
130 4 7 6 3 
131 0 3 5 2 4 
132 3 2 1 
133 3 1 5 
134 7 1 0 6 3 4 2 
135 5 3 1 2 
136 3 7 6 1 5 
137 5 3 1 2 
138 3 5 2 4 1 
139 2 3 7 6 4 1 
140 7 6 5 4 
141 1 7 6 4 
142 5 3 7 1 6 0 2 4 
143 2 7 6 1 5 
144 4 7 2 3 
145 2 7 4 3 
146 4 5 6 
147 0 1 3 
148 4 1 0 3 
149 6 3 2 1 4 
150 7 6 4 
151 1 7 6 4 
152 5 3 7 1 6 0 2 4 
153 5 0 1 6 4 3 
154 6 1 0 3 4 
155 4 6 1 0 3 
156 3 1 6 0 5 
157 6 1 0 7 3 4 2 
158 4 0 5 1 
159 7 3 4 
160 7 1 0 2 6 
161 0 2 3 1 
162 3 5 4 
163 0 1 7 6 4 3 
164 2 5 4 3 
165 4 1 0 3 
166 0 1 6 7 3 4 2 
167 6 7 5 4 
168 0 3 2 1 4 
169 2 3 5 4 
170 4 7 6 3 
171 0 7 6 1 5 
172 7 5 6 4 
173 1 6 5 4 
174 2 5 4 
175 4 1 0 6 7 3 2 
176 3 1 2 
177 3 5 4 1 
178 6 7 4 
179 3 2 1 
180 0 3 7 6 2 1 4 
181 4 6 7 0 5 1 
182 0 3 1 
183 5 1 3 0 2 4 
184 1 0 6 4 3 
185 1 0 2 3 
186 7 1 6 4 3 
187 5 3 2 1 4 
188 3 6 4 
189 0 1 3 5 2 4 
190 5 0 3 1 
191 0 7 3 4 2 
192 4 6 7 3 1 5 
193 6 7 4 
194 4 3 1 
195 0 5 2 4 3 
196 7 6 0 5 1 
197 3 7 6 2 4 1 
198 7 1 6 4 3 
199 5 6 7 4 
200 2 7 3 4 
201 5 2 3 1 
202 3 0 1 
203 2 3 7 1 6 0 4 
204 4 6 7 1 
205 1 3 2 
206 5 7 6 3 4 
207 2 6 7 5 4 
208 5 4 
209 2 5 4 3 
210 4 1 7 6 3 
211 0 2 7 3 4 
212 4 0 3 1 
213 6 5 4 
214 7 5 0 1 4 
215 1 3 2 4 
216 5 3 2 4 
217 4 6 3 
218 6 7 3 5 2 
219 4 6 7 3 1 5 
220 3 7 6 1 5 
221 6 1 0 3 5 
222 4 5 
223 7 6 4 
224 7 6 5 4 
225 0 7 6 1 5 
226 3 7 5 1 
227 0 3 1 2 
228 2 6 7 4 5 
229 4 3 7 6 2 1 
230 0 3 1 
231 6 0 1 4 3 
232 0 2 7 3 4 
233 2 0 1 3 
234 4 7 5 1 
235 0 1 2 6 
236 7 6 5 4 
237 1 0 6 4 3 
238 2 3 7 6 4 1 
239 4 6 7 0 5 1 
240 3 7 4 6 
241 3 5 4 
242 7 5 4 
243 3 7 4 
244 0 5 3 4 1 
245 4 5 2 3 
246 0 5 1 4 
247 6 1 5 
248 1 7 6 4 
249 1 3 6 0 7 2 4 
250 7 6 3 5 2 
251 5 6 7 4 
252 2 6 3 5 0 
253 0 2 6 3 5 
254 5 6 4 3 
255 0 6 7 5 4 
256 4 5 3 1 
257 6 7 3 4 2 
258 4 3 2 1 
259 0 5 2 4 3 
260 3 1 0 6 
261 3 0 1 6 4 
262 7 1 0 6 3 4 2 
263 5 2 4 3 
264 3 1 6 0 5 
265 5 6 7 4 
266 3 1 5 
267 2 3 1 
268 7 3 1 2 
269 1 3 7 6 2 4 
270 5 3 2 1 4 
271 2 5 4 1 
272 4 1 7 6 3 
273 2 7 6 3 4 
274 4 6 7 5 
275 0 7 2 3 4 
276 4 2 6 3 5 0 
277 6 1 0 3 
278 7 4 6 
279 1 0 3 2 
280 5 6 7 4 
281 4 2 6 3 5 0 
282 6 3 7 2 1 4 
283 4 1 0 6 3 
284 3 1 2 
285 6 1 0 3 5 
286 4 0 3 1 
287 7 3 4 
288 6 1 0 3 
289 0 3 2 1 4 
290 3 6 1 0 4 
291 0 1 6 3 
292 2 0 5 4 1 
293 4 3 7 1 6 0 2 
294 0 7 2 4 3 
295 5 0 1 4 
296 3 1 6 0 5 
297 2 6 7 5 4 
298 6 0 2 3 1 
299 0 2 7 3 4 
300 7 1 0 3 
301 1 6 7 4 
302 2 6 1 0 3 4 
303 6 0 1 5 
304 3 7 5 1 
305 3 1 7 6 4 
306 6 3 1 0 7 2 4 
307 2 7 6 1 5 
308 0 5 4 
309 6 5 4 1 
310 0 3 2 1 
311 5 1 
312 1 0 2 3 
313 1 6 7 4 
314 6 7 4 
315 5 3 1 2 
316 3 1 0 4 
317 0 3 2 1 4 
318 5 3 2 4 1 
319 3 6 1 0 7 2 4 
320 6 7 3 1 5 
321 5 1 
322 4 7 2 3 
323 0 3 2 1 
324 2 0 3 1 
325 3 0 5 4 1 
326 7 6 5 4 
327 5 7 6 4 
328 3 2 1 
329 6 1 0 3 5 
330 3 5 2 4 
331 2 7 3 4 
332 4 6 5 
333 1 7 6 4 
334 5 3 2 4 1 
335 2 1 0 4 3 
336 4 7 2 3 
337 2 3 1 4 
338 5 4 
339 0 6 4 3 
340 5 3 2 1 4 
341 6 0 2 3 1 
342 6 3 2 1 
343 1 3 2 6 
344 5 3 6 1 0 7 2 4 
345 4 5 
346 0 3 1 2 
347 4 6 7 0 5 1 
348 3 0 2 1 
349 6 0 2 3 1 
350 4 7 6 
351 6 3 2 1 4 
352 7 5 1 
353 0 2 1 3 
354 3 0 1 6 4 
355 0 3 1 2 
356 2 7 3 4 
357 4 1 0 3 
358 1 3 0 2 
359 5 1 0 6 3 
360 1 3 0 2 
361 2 3 7 1 6 0 4 
362 4 3 6 1 0 7 2 
363 0 1 6 4 3 
364 7 5 6 4 
365 1 2 7 3 0 4 
366 0 7 2 3 4 
367 4 5 
368 3 7 2 4 
369 2 0 5 4 1 
370 6 1 5 
371 1 7 4 6 
372 0 1 6 7 4 3 
373 4 0 2 1 3 
374 0 7 5 1 
375 5 6 7 4 
376 1 7 3 4 
377 1 7 2 4 3 
378 7 6 5 4 
379 5 7 2 3 4 
380 3 7 4 
381 0 3 2 6 1 
382 5 7 6 3 4 
383 0 7 4 6 
384 4 7 2 3 
385 5 3 2 1 4 
386 4 7 6 3 5 2 
387 1 7 2 3 4 
388 3 6 7 1 5 
389 3 7 6 2 1 4 
390 7 1 6 0 3 5 
391 5 3 1 
392 2 6 7 5 4 
393 5 6 4 
394 3 5 2 4 1 
395 2 1 0 6 7 3 4 
396 4 5 
397 1 3 7 6 0 2 4 
398 5 0 2 3 1 
399 2 3 1 
400 4 3 0 1 2 
401 2 3 6 1 
402 4 7 3 
403 1 6 0 3 5 
404 4 1 6 0 3 5 
405 6 7 4 5 
406 7 6 3 4 
407 1 0 2 3 
408 5 6 7 4 
409 4 5 6 
410 5 3 0 2 1 
411 4 0 5 1 
412 3 7 1 6 0 2 4 
413 6 7 3 1 5 
414 4 1 0 6 3 
415 6 7 3 4 2 
416 7 3 0 2 1 
417 0 2 3 1 
418 2 5 4 1 
419 0 7 2 3 4 
420 2 6 5 4 
421 5 2 3 1 
422 0 1 2 6 
423 5 7 3 4 
424 0 1 6 3 
425 2 6 1 0 3 4 
426 4 0 2 1 3 
427 0 2 6 3 5 
428 6 7 5 4 
429 1 6 7 5 4 
430 2 6 7 1 4 
431 4 1 0 6 7 3 
432 3 7 6 5 2 
433 3 0 2 1 
434 6 3 1 2 
435 2 3 5 4 
436 0 5 6 4 
437 4 1 7 6 3 
438 0 6 7 1 4 
439 5 3 7 6 2 4 1 
440 1 5 2 4 3 
441 1 0 6 7 4 3 
442 7 6 1 4 
443 5 6 7 4 
444 3 6 7 1 5 
445 0 2 3 1 
446 5 1 0 6 3 
447 1 3 7 6 2 4 
448 4 3 2 1 
449 5 1 0 2 6 
450 4 3 7 6 2 1 
451 0 6 7 5 4 
452 3 5 4 1 
453 3 7 4 2 
454 6 7 3 4 
455 5 7 1 
456 3 1 2 
457 5 2 4 3 
458 3 1 
459 2 6 4 3 
460 4 3 7 1 6 0 2 
461 1 6 7 0 5 
462 5 0 4 1 
463 2 6 7 5 4 
464 4 6 7 5 
465 2 3 1 
466 4 6 7 5 
467 0 1 6 3 5 
468 4 6 7 1 
469 6 1 5 
470 7 3 2 6 1 
471 1 0 6 7 3 4 2 
472 5 1 7 6 4 3 
473 4 5 2 3 
474 5 1 0 3 
475 4 6 7 5 
476 3 1 0 
477 6 1 5 
478 4 3 1 
479 7 1 6 0 3 5 
480 7 3 0 2 1 
481 0 7 3 4 
482 3 7 6 2 1 4 
483 0 5 4 
484 2 1 5 
485 4 5 
486 0 2 1 3 
487 5 6 0 1 
488 0 7 6 3 5 2 
489 2 1 0 6 
490 4 1 0 6 7 3 
491 0 3 1 2 
492 7 4 6 
493 1 7 6 3 5 2 
494 2 0 1 3 
495 4 6 7 5 
496 3 0 1 6 4 
497 3 5 4 
498 6 7 5 1 
499 3 2 1 
500 0 7 6 3 4 
501 4 6 7 5 
502 0 7 3 4 
503 5 4 
504 1 0 2 3 
505 1 3 7 6 2 4 
506 7 3 4 
507 5 3 0 2 1 
508 3 7 4 6 
509 0 6 5 4 
510 5 7 2 4 3 
511 0 5 1 4 
512 4 1 3 5 0 2 
513 5 6 7 1 4 
514 4 7 3 2 
515 0 3 7 6 2 1 4 
516 3 6 1 0 4 
517 3 0 5 4 1 
518 7 2 3 0 4 
519 5 3 2 1 4 
520 3 5 2 4 1 
521 5 2 3 1 
522 3 2 6 5 0 
523 2 3 0 1 
524 4 1 0 3 
525 1 0 4 3 
526 5 1 
527 2 3 6 1 0 7 4 
528 4 7 6 3 
529 2 1 0 6 3 
530 4 3 2 1 
531 0 1 2 6 
532 4 6 3 
533 6 4 3 
534 7 3 2 1 4 
535 1 7 6 3 4 
536 5 3 1 2 
537 4 6 7 5 
538 5 3 1 2 
539 4 3 1 2 
540 3 5 4 
541 6 3 7 2 4 1 
542 4 7 5 1 
543 7 6 3 4 
544 7 3 2 1 4 
545 0 1 3 5 2 4 
546 3 7 2 4 
547 2 3 7 6 1 4 
548 2 5 4 3 
549 4 3 7 6 2 1 
550 2 5 4 1 
551 5 6 7 0 1 
552 3 1 0 6 7 4 
553 2 5 0 1 4 
554 4 7 2 3 
555 2 6 0 1 5 
556 7 3 5 2 4 
557 2 1 3 5 0 4 
558 2 6 7 5 4 
559 6 5 4 
560 3 6 1 0 7 2 4 
561 3 7 6 5 2 
562 6 4 3 
563 3 6 7 4 
564 0 3 6 1 7 2 4 
565 6 0 2 3 1 
566 0 1 5 
567 6 3 0 1 2 
568 1 5 6 4 
569 1 0 6 4 3 
570 7 1 0 3 
571 6 3 5 2 4 
572 3 5 4 
573 2 0 5 4 1 
574 5 6 7 4 
575 2 3 1 4 
576 6 4 3 
577 5 6 0 1 
578 7 5 4 1 
579 2 7 6 3 4 
580 3 7 4 2 
581 2 6 3 5 0 
582 7 3 6 2 4 1 
583 6 1 0 3 5 
584 3 0 2 1 
585 6 1 0 3 4 
586 3 6 4 
587 2 5 4 
588 4 6 7 0 5 1 
589 1 0 2 6 
590 6 7 1 5 
591 2 1 0 6 7 4 3 
592 7 1 6 4 3 
593 2 3 1 
594 6 7 4 5 
595 0 3 7 6 2 1 4 
596 6 3 1 0 7 2 4 
597 6 3 1 2 
598 7 2 3 0 4 
599 0 2 1 3 
600 6 5 0 1 4 
601 6 7 4 
602 5 2 3 1 
603 7 3 4 2 
604 3 5 6 4 
605 6 5 4 
606 6 3 1 
607 7 6 5 4 
608 7 5 2 4 3 
609 0 3 2 6 1 
610 1 7 2 3 4 
611 2 3 5 4 
612 0 7 2 3 4 
613 4 0 3 1 
614 3 5 4 1 
615 6 5 0 1 4 
616 3 1 
617 2 0 3 1 
618 6 5 0 1 4 
619 2 6 0 1 5 
620 7 1 6 0 3 5 
621 3 6 1 0 4 
622 0 1 6 7 4 3 
623 6 3 7 2 4 1 
624 0 1 3 5 2 4 
625 1 5 4 
626 6 7 1 4 
627 1 3 6 0 7 2 4 
628 0 1 6 4 3 
629 6 3 5 2 4 1 
630 0 1 4 3 
631 6 0 3 2 1 
632 1 2 6 3 5 0 
633 1 6 7 3 5 
634 7 6 5 4 
635 7 5 2 4 3 
636 0 3 7 1 6 2 4 
637 2 3 1 
638 5 3 1 
639 3 1 2 
640 4 3 6 1 0 7 2 
641 6 0 2 3 1 
642 4 5 6 
643 3 7 4 2 
644 3 5 6 4 
645 3 5 4 1 
646 7 1 5 
647 5 2 7 3 0 4 
648 3 6 7 1 5 
649 5 1 0 6 7 4 3 
650 3 1 0 6 7 4 
651 2 3 1 4 
652 7 3 1 6 0 2 4 
653 1 3 2 6 
654 5 6 0 1 
655 1 5 
656 4 6 7 
657 2 1 0 6 7 4 3 
658 4 3 2 1 
659 0 6 7 5 4 
660 4 0 5 1 
661 6 0 5 4 1 
662 7 5 4 
663 0 7 6 1 5 
664 5 7 3 4 
665 4 6 7 5 
666 7 6 5 4 
667 4 6 7 0 5 1 
668 2 3 1 
669 6 7 5 1 
670 4 1 0 2 6 
671 7 3 2 1 4 
672 7 6 5 4 
673 0 6 4 3 
674 1 3 0 2 
675 2 3 0 1 
676 0 6 1 5 
677 4 1 0 6 7 3 
678 3 7 2 4 
679 6 0 2 3 1 
680 0 1 7 6 4 3 
681 2 3 6 1 
682 4 3 1 
683 2 1 0 6 7 3 4 
684 7 6 1 4 
685 1 0 3 
686 0 2 3 1 
687 6 2 3 1 
688 0 5 3 4 1 
689 3 7 6 5 2 
690 7 1 0 3 
691 1 5 4 
692 0 7 2 3 4 
693 6 7 0 5 1 
694 0 7 6 4 
695 5 1 6 0 3 
696 1 6 0 5 
697 1 5 4 
698 7 0 3 1 
699 7 1 0 3 
700 0 2 7 3 4 
701 2 3 1 
702 5 3 2 1 4 
703 3 5 4 1 
704 4 7 3 2 
705 6 0 3 1 
706 5 4 
707 3 0 1 
708 3 0 1 
709 3 6 1 0 4 
710 7 6 4 3 
711 5 1 
712 3 5 0 1 4 
713 5 2 6 3 0 
714 3 1 5 0 2 4 
715 2 1 0 6 
716 6 7 3 4 2 
717 1 0 6 7 3 4 2 
718 5 4 1 
719 1 3 6 0 7 2 4 
720 4 3 5 2 1 
721 2 5 4 
722 4 6 7 0 5 1 
723 0 6 7 3 1 5 
724 4 6 7 5 
725 6 3 5 2 4 
726 7 2 3 1 
727 1 3 5 0 2 4 
728 5 1 3 0 2 4 
729 4 6 7 0 5 1 
730 6 3 7 2 4 1 
731 4 5 
732 3 7 1 6 0 2 4 
733 6 5 4 
734 4 2 3 1 
735 7 3 6 2 1 4 
736 7 1 0 4 3 
737 0 3 2 6 1 
738 1 6 7 4 
739 2 3 7 6 1 4 
740 0 2 1 3 
741 4 0 1 6 3 
742 3 6 7 1 4 
743 6 0 5 4 1 
744 3 2 1 
745 2 0 1 3 
746 4 0 5 1 
747 2 1 0 6 
748 7 1 6 4 3 
749 3 1 0 6 7 4 
750 0 1 4 3 
751 4 3 7 1 6 0 2 
752 0 6 7 5 1 
753 1 3 7 6 2 4 
754 6 5 0 1 4 
755 1 2 3 
756 0 1 3 5 2 4 
757 4 5 2 3 
758 0 1 6 3 
759 6 2 3 5 0 
760 1 3 5 0 2 4 
761 1 5 4 
762 7 4 6 
763 7 5 1 
764 0 6 7 5 4 
765 2 3 5 4 
766 5 1 0 4 3 
767 3 7 1 6 0 2 4 
768 6 5 4 
769 6 3 1 0 7 2 4 
770 7 6 1 0 3 4 
771 3 6 0 1 5 
772 3 0 1 
773 3 1 5 0 2 4 
774 7 6 3 5 2 
775 6 5 4 
776 3 7 4 6 
777 6 7 1 5 
778 3 2 7 0 4 
779 2 3 7 6 4 1 
780 7 1 0 2 6 
781 1 5 3 4 
782 6 5 4 
783 1 7 6 3 4 
784 7 3 4 2 
785 2 6 7 4 5 
786 6 1 0 3 
787 0 2 6 3 5 
788 6 3 2 1 
789 6 5 0 1 4 
790 7 1 0 3 
791 1 3 0 2 
792 6 1 0 7 4 3 
793 7 5 4 
794 6 1 0 3 
795 7 6 5 4 
796 3 5 2 4 
797 6 2 3 1 
798 6 7 3 1 5 
799 7 3 5 2 4 
800 7 6 5 4 
801 0 2 7 3 4 
802 1 6 7 4 5 
803 2 3 5 4 
804 0 1 6 4 3 
805 4 5 3 1 
806 3 6 7 4 
807 6 2 3 5 0 
808 3 6 1 0 4 
809 2 5 4 
810 7 6 5 4 
811 2 0 3 1 
812 7 6 3 1 5 
813 3 7 6 5 2 
814 0 6 4 3 
815 6 7 4 
816 1 6 7 4 
817 1 0 4 3 
818 6 3 7 2 1 4 
819 1 7 4 6 
820 1 3 5 2 4 
821 6 1 0 2 
822 1 0 6 4 3 
823 6 3 0 1 2 
824 1 7 6 5 
825 1 7 3 4 
826 7 3 5 2 4 1 
827 7 1 5 
828 0 7 2 4 3 
829 2 1 3 5 0 4 
830 5 7 6 3 2 
831 3 5 4 1 
832 6 3 2 1 4 
833 6 0 2 1 3 
834 6 3 7 1 0 2 4 
835 3 5 2 4 1 
836 3 6 7 4 5 
837 3 0 1 
838 7 0 2 1 3 
839 6 7 4 
840 6 3 2 1 
841 7 3 4 
842 3 7 5 1 
843 2 7 6 3 5 
844 7 2 6 3 5 0 
845 7 3 0 2 1 
846 6 5 4 
847 7 6 5 4 
848 7 1 0 6 3 4 2 
849 7 3 2 1 4 
850 6 5 4 
851 7 5 1 
852 5 6 4 
853 6 7 3 5 2 
854 7 1 6 0 3 5 
855 6 1 0 3 
856 5 3 7 6 2 1 4 
857 5 2 3 1 
858 6 7 5 4 
859 4 3 0 2 1 
860 7 6 4 5 
861 6 0 1 5 
862 5 6 7 4 
863 7 5 0 1 4 
864 7 3 5 2 4 1 
865 5 6 7 0 1 
866 5 6 4 
867 2 3 1 
868 0 6 1 5 
869 5 6 7 4 
870 6 1 3 5 0 2 4 
871 3 0 2 1 
872 5 1 3 0 2 4 
873 5 3 0 1 2 
874 2 7 3 0 4 
875 6 0 2 3 1 
876 0 7 6 3 5 2 
877 7 6 4 5 
878 7 6 1 5 
879 1 3 2 
880 1 7 6 4 
881 1 0 3 
882 1 3 7 6 2 4 
883 6 7 5 4 
884 7 5 4 
885 1 7 6 4 3 
886 4 5 
887 1 6 7 4 
888 1 3 0 2 
889 1 3 0 2 
890 1 2 3 
891 1 0 3 
892 5 4 
893 5 3 2 1 4 
894 1 0 3 2 
895 5 7 6 1 
896 2 7 4 3 
897 2 3 1 
898 5 6 7 4 
899 1 3 2 4 
900 7 6 5 4 
901 7 2 4 3 
902 7 0 1 6 4 3 
903 6 7 3 5 2 
904 6 3 7 1 0 2 4 
905 3 5 2 4 1 
906 3 5 4 1 
907 2 5 0 1 4 
908 7 2 3 1 
909 7 1 0 3 
910 1 0 5 4 
911 1 3 0 2 
912 5 7 3 4 2 
913 2 7 3 4 
914 7 0 2 3 1 
915 1 6 7 5 4 
916 5 7 6 1 
917 7 6 3 5 2 
918 7 3 0 2 1 
919 1 2 3 
920 5 6 4 
921 6 3 1 2 
922 0 3 7 6 2 4 1 
923 1 6 7 4 
924 2 3 1 4 
925 6 3 1 2 
926 5 6 7 4 
927 7 2 3 4 
928 7 5 4 
929 1 0 3 
930 2 0 3 1 
931 1 7 6 4 
932 2 1 0 4 3 
933 0 3 2 1 
934 2 1 0 6 
935 1 3 5 2 4 
936 1 2 3 
937 2 3 6 1 0 7 4 
938 2 3 1 
939 0 6 4 3 
940 2 1 0 6 3 
941 1 7 6 4 
942 2 3 6 1 
943 1 6 7 0 5 
944 2 3 7 6 4 1 
945 1 3 2 6 
946 1 7 5 
947 2 5 0 1 4 
948 1 3 2 
949 1 6 0 3 5 
950 1 3 2 
951 1 6 7 4 
952 1 2 6 3 5 0 
953 1 6 7 0 5 
954 1 7 4 6 
955 1 3 0 2 
956 2 3 1 
957 2 3 1 
958 2 7 5 1 
959 2 7 3 4 
960 2 7 3 0 4 
961 2 3 0 1 
962 2 1 0 6 7 3 4 
963 2 0 3 1 
964 2 7 6 1 5 
965 7 0 3 1 
966 7 3 4 
967 5 2 7 3 0 4 
968 5 6 4 
969 3 6 1 0 4 
970 3 2 1 
971 2 7 4 3 
972 1 6 7 5 4 
973 6 1 7 4 3 
974 5 7 6 3 4 
975 5 6 4 
976 5 1 0 4 3 
977 7 2 3 0 4 
978 5 3 4 1 
979 5 3 0 2 1 
980 5 6 7 4 
981 6 5 4 1 
982 7 1 0 6 3 4 2 
983 7 0 2 3 1 
984 5 3 2 4 1 
985 5 6 7 3 1 
986 6 3 2 1 
987 4 3 1 
988 6 5 4 1 
989 7 3 2 1 4 
990 5 3 0 2 1 
991 7 0 1 6 4 3 
992 7 6 4 
993 5 1 0 6 7 4 3 
994 5 2 4 3 
995 1 6 4 3 
996 0 3 6 1 7 2 4 
997 2 1 0 4 3 
998 2 6 7 1 4 
999 1 6 5 4 
1000 2 5 4 
1001 5 0 2 3 1 
1002 2 5 4 
1003 0 1 6 3 
1004 0 6 7 5 4 
1005 1 5 4 
1006 7 3 0 1 2 
1007 2 6 3 5 0 
1008 1 0 6 7 3 4 2 
1009 1 0 3 
1010 2 3 1 
1011 6 3 2 1 
1012 7 0 3 2 1 
1013 1 3 2 
1014 4 0 2 1 3 
1015 1 0 3 2 
1016 1 3 5 2 4 
1017 1 0 3 
1018 1 3 2 
1019 1 7 4 6 
1020 5 1 7 6 4 3 
1021 5 6 7 4 
1022 1 0 6 7 4 3 
1023 5 4 
