0 3 7 6 5 1 4 
1 5 4 6 7 
2 5 1 7 2 6 3 4 
3 7 2 3 4 
4 1 3 5 2 4 
5 7 1 6 0 
6 4 5 
7 4 3 6 7 2 
8 3 1 7 2 6 4 5 
9 6 7 0 
10 0 4 5 3 
11 5 3 6 1 0 
12 3 2 
13 6 5 1 0 4 7 
14 4 2 3 
15 6 4 5 
16 0 2 4 3 
17 2 0 3 
18 0 2 3 4 
19 1 7 6 0 
20 6 5 3 
21 3 2 
22 2 7 5 6 0 4 
23 3 2 4 
24 7 2 3 
25 0 3 6 7 2 
26 7 3 6 1 5 0 
27 3 7 0 4 1 5 6 
28 5 3 1 2 0 
29 4 5 0 
30 1 6 3 5 2 4 
31 7 2 0 3 
32 7 3 1 6 0 
33 3 6 1 2 7 0 
34 1 3 2 0 
35 0 6 1 2 7 
36 3 4 5 
37 3 1 2 0 
38 2 6 3 5 4 
39 0 5 7 6 1 4 
40 3 4 6 5 1 
41 5 4 0 
42 4 0 2 1 7 6 
43 4 0 1 2 3 
44 4 6 7 5 1 
45 7 6 5 1 4 
46 6 0 2 3 7 
47 3 6 5 
48 4 7 5 6 0 
49 4 3 6 7 2 
50 5 0 7 2 6 1 4 
51 5 1 7 2 6 3 4 
52 4 7 6 
53 6 2 0 3 
54 4 7 6 0 
55 5 6 0 2 7 1 3 
56 5 3 6 1 0 
57 3 1 2 0 
58 2 6 5 3 
59 2 3 1 6 0 7 
60 7 1 2 6 3 4 5 
61 3 6 5 2 4 
62 2 1 3 0 
63 0 5 2 4 7 6 
64 3 2 
65 5 4 
66 5 4 7 6 0 
67 7 4 0 1 5 
68 1 2 7 6 0 
69 7 6 
70 7 4 0 1 5 
71 4 5 3 
72 2 0 3 
73 6 1 2 0 
74 0 3 
75 5 4 
76 3 2 0 
77 6 3 5 2 4 
78 4 6 7 5 
79 6 3 7 2 
80 0 5 4 
81 2 7 3 6 5 4 
82 0 3 1 7 6 
83 1 2 6 7 0 
84 6 1 0 7 
85 3 4 0 1 5 
86 2 1 6 7 0 
87 3 5 6 7 4 
88 7 1 0 6 
89 0 3 6 7 2 
90 7 1 2 6 3 4 5 
91 3 6 7 2 
92 5 7 0 4 1 6 3 
93 5 4 0 1 
94 1 0 2 6 3 7 
95 6 5 3 
96 7 1 6 0 
97 2 7 5 4 6 0 
98 1 7 6 0 
99 0 2 6 7 1 
100 3 4 6 7 5 
101 3 2 4 
102 2 7 5 6 0 4 
103 0 4 1 5 
104 3 0 1 2 
105 5 4 6 7 
106 5 6 0 2 7 1 3 
107 4 0 2 1 7 6 
108 4 6 5 3 
109 7 4 5 6 0 
110 6 7 
111 3 4 5 
112 4 6 7 5 1 
113 4 6 5 1 0 
114 5 6 2 7 3 1 
115 5 4 6 0 7 
116 4 6 7 
117 6 3 5 
118 4 6 7 5 
119 5 6 2 7 3 1 
120 5 3 6 7 2 
121 2 7 3 0 6 
122 2 5 0 4 7 6 
123 2 7 6 5 
124 7 1 2 0 
125 3 0 2 1 
126 2 0 7 6 1 4 5 
127 0 4 6 7 5 
128 3 0 
129 5 6 3 
130 5 2 3 
131 7 3 6 1 5 0 
132 1 4 7 5 6 0 
133 7 0 2 1 3 
134 4 7 5 6 0 
135 4 2 6 1 3 
136 3 7 2 0 6 
137 6 7 5 4 0 
138 0 1 7 6 
139 5 6 3 
140 3 2 6 7 1 0 
141 6 5 1 4 0 
142 4 0 3 2 7 6 
143 6 3 5 
144 0 3 1 2 
145 2 6 5 7 3 1 
146 0 7 5 6 4 
147 1 5 6 7 4 
148 6 2 0 3 
149 3 1 2 0 
150 2 0 1 3 
151 1 5 6 7 4 
152 7 3 6 2 5 4 
153 0 3 1 2 
154 7 4 6 5 0 
155 2 7 5 6 4 0 
156 4 0 3 2 7 6 
157 5 2 7 6 0 
158 1 7 5 6 4 0 
159 6 0 3 
160 7 6 5 1 4 
161 3 7 6 5 1 4 
162 1 7 2 3 0 6 
163 0 5 6 7 4 
164 3 0 
165 3 6 5 1 4 0 
166 2 1 7 6 3 4 5 
167 1 0 3 
168 2 0 6 3 7 
169 5 7 6 1 4 
170 4 1 6 7 0 
171 5 7 3 6 2 4 
172 4 7 6 0 
173 7 6 0 
174 6 5 0 2 4 7 
175 3 4 6 7 5 
176 6 3 0 
177 4 7 0 1 5 6 3 
178 5 1 0 4 7 6 
179 5 0 2 6 3 7 
180 5 7 6 4 0 
181 6 0 3 
182 4 7 5 6 0 
183 5 0 2 1 3 
184 4 6 1 2 7 0 
185 3 5 6 7 4 
186 2 1 0 7 6 
187 2 3 1 0 
188 7 2 3 4 
189 3 6 5 
190 3 7 5 6 4 0 
191 0 1 2 
192 3 5 0 2 4 7 6 
193 5 6 1 4 0 
194 5 3 6 1 0 
195 7 0 4 1 5 6 3 
196 1 4 6 5 0 7 
197 7 1 0 
198 4 5 
199 4 0 3 
200 3 6 5 2 4 
201 6 0 2 1 3 
202 0 4 1 5 
203 5 6 1 4 0 
204 2 7 6 5 1 4 
205 7 4 5 6 0 
206 4 6 5 1 0 
207 6 7 5 4 0 
208 0 7 3 6 2 5 4 
209 2 0 3 1 7 6 
210 0 2 7 6 
211 1 7 6 5 4 
212 6 0 1 2 3 
213 3 7 0 4 1 5 6 
214 2 3 6 7 
215 3 4 6 5 1 
216 7 4 5 6 0 
217 0 6 3 5 2 4 
218 7 1 0 
219 3 6 5 2 4 
220 5 4 0 
221 5 4 6 0 7 
222 1 0 2 3 
223 6 2 0 3 
224 7 5 6 4 0 
225 1 7 5 6 0 4 
226 1 2 7 6 0 
227 0 4 5 
228 2 6 5 1 4 0 
229 3 2 4 
230 2 6 4 7 5 1 
231 0 4 5 
232 3 1 6 7 0 
233 7 4 6 5 
234 4 7 5 6 0 
235 4 6 5 1 
236 4 2 5 3 6 0 
237 7 4 5 
238 6 7 5 
239 3 6 5 
240 4 7 5 6 0 
241 4 7 5 6 0 
242 5 0 2 1 3 
243 5 4 
244 4 2 3 
245 6 4 7 5 0 
246 4 5 0 
247 4 5 
248 5 6 7 
249 3 1 6 0 7 
250 2 7 6 0 
251 2 1 3 0 
252 7 4 6 5 0 
253 3 0 1 7 6 
254 2 6 1 7 0 
255 0 6 2 5 7 3 1 
256 3 2 
257 5 2 6 1 3 
258 5 6 3 
259 7 0 2 6 1 4 5 
260 1 7 6 
261 7 5 4 0 
262 4 7 5 6 0 
263 4 1 0 
264 3 4 0 1 5 
265 6 7 3 2 5 4 
266 0 4 5 3 
267 5 2 6 7 1 0 
268 3 6 0 2 7 1 
269 6 7 
270 4 6 3 5 
271 6 2 7 0 
272 0 2 7 6 
273 2 7 3 6 5 4 
274 1 5 7 6 4 0 
275 1 0 
276 6 2 5 4 3 0 
277 3 1 0 
278 2 5 6 7 4 
279 3 0 7 1 2 6 
280 7 4 5 3 
281 0 3 6 1 5 
282 7 2 3 4 
283 3 1 2 0 
284 7 0 2 6 3 
285 5 4 6 0 7 
286 1 6 5 3 
287 6 7 0 
288 7 5 6 4 0 
289 3 4 6 5 0 7 
290 1 2 0 
291 0 2 1 7 6 
292 1 3 2 0 
293 3 1 0 
294 1 7 6 5 
295 0 7 5 4 6 
296 3 1 0 7 6 
297 5 7 6 1 4 0 
298 4 2 1 3 0 
299 6 0 1 2 3 
300 4 6 5 1 
301 7 0 2 6 1 4 5 
302 6 0 2 3 7 
303 3 6 5 2 4 
304 4 7 6 5 1 
305 4 5 0 
306 5 6 4 7 1 
307 4 6 7 5 
308 4 6 7 5 1 
309 6 0 3 2 7 
310 6 2 3 
311 5 7 0 4 1 6 3 
312 5 3 6 1 0 
313 2 1 3 0 
314 2 6 1 7 0 
315 0 7 2 3 6 
316 7 6 4 5 1 
317 3 7 5 6 0 4 
318 2 7 6 
319 1 4 6 5 
320 3 6 1 2 7 0 
321 6 0 7 2 1 4 5 
322 5 2 3 
323 7 4 5 
324 1 2 5 4 3 6 0 
325 6 0 3 
326 4 2 6 7 1 0 
327 4 7 5 6 0 
328 3 7 6 5 1 4 
329 6 2 1 3 
330 0 7 1 2 6 3 
331 0 3 6 7 2 
332 3 4 5 
333 6 2 0 3 
334 4 7 6 0 
335 6 3 7 2 
336 0 3 2 7 6 
337 0 3 
338 0 3 1 2 
339 1 7 5 6 0 4 
340 6 7 3 2 5 4 
341 3 0 2 1 7 6 
342 2 7 6 5 
343 3 5 1 0 4 7 6 
344 6 0 3 1 7 
345 0 6 7 
346 7 5 6 4 0 
347 3 4 5 
348 5 0 3 2 7 6 
349 6 4 7 5 
350 1 6 3 5 2 4 
351 6 2 1 3 0 
352 7 6 2 5 3 1 
353 3 4 0 1 5 
354 1 2 4 3 
355 0 4 5 3 
356 3 5 7 6 1 4 0 
357 1 0 3 2 7 6 
358 2 1 7 6 3 4 5 
359 0 4 5 
360 3 6 2 5 7 1 
361 5 2 4 3 6 0 
362 4 0 7 1 2 6 3 
363 4 1 2 0 
364 7 6 5 3 
365 7 5 6 1 4 0 
366 6 2 1 3 0 
367 3 1 7 2 6 4 5 
368 4 0 3 1 7 6 
369 4 5 
370 4 3 5 2 
371 5 3 0 
372 4 3 1 2 0 
373 6 3 1 2 0 
374 4 6 0 2 7 1 3 
375 4 5 0 
376 5 2 4 3 6 0 
377 3 5 7 6 1 4 0 
378 2 3 1 6 0 7 
379 2 3 
380 7 3 1 2 0 
381 3 6 1 5 0 
382 3 0 1 2 
383 0 2 3 4 
384 3 7 6 5 
385 5 2 0 3 
386 5 0 7 1 2 6 3 
387 5 7 3 6 2 4 
388 1 6 3 5 
389 7 4 5 3 
390 4 0 3 1 7 6 
391 6 1 7 0 
392 3 0 1 7 6 
393 6 4 5 
394 0 3 
395 5 6 7 
396 3 2 6 1 
397 6 3 1 0 7 
398 4 3 5 2 
399 6 4 0 1 5 
400 0 4 6 5 1 
401 2 3 6 7 
402 0 2 5 4 3 6 
403 1 3 6 5 0 
404 6 2 3 4 
405 2 4 6 7 5 
406 2 7 6 5 1 4 
407 2 6 1 7 0 
408 7 1 6 0 
409 0 2 6 3 7 
410 7 6 
411 3 2 
412 5 2 4 3 6 0 
413 4 5 
414 1 7 6 5 
415 6 3 0 
416 7 4 5 
417 3 2 
418 1 6 7 
419 0 3 2 7 6 
420 3 6 5 1 4 0 
421 3 2 6 7 1 0 
422 2 4 6 5 1 
423 0 2 6 1 3 
424 3 5 2 4 
425 4 6 7 5 1 
426 4 5 7 6 1 0 
427 4 2 7 6 0 
428 5 3 1 2 0 
429 7 2 3 
430 6 7 5 
431 3 2 6 7 1 0 
432 4 3 6 1 5 0 
433 4 7 2 3 0 6 
434 5 0 7 1 2 6 3 
435 5 0 3 1 7 6 
436 4 0 7 1 2 6 3 
437 6 5 7 1 4 0 
438 4 0 1 5 
439 5 3 1 2 0 
440 5 0 1 2 3 
441 3 4 6 7 5 
442 2 4 5 3 
443 2 4 3 
444 7 5 6 1 4 0 
445 2 5 6 7 4 
446 2 1 0 7 6 
447 0 6 1 2 7 
448 3 1 6 0 7 
449 4 2 1 3 0 
450 5 0 3 
451 5 3 1 6 0 7 
452 1 2 4 3 
453 7 0 2 1 6 
454 4 2 3 
455 4 0 2 1 7 6 
456 3 7 5 4 6 0 
457 6 2 3 
458 0 6 5 1 4 
459 5 4 6 1 
460 3 1 0 7 6 
461 6 1 7 0 
462 4 1 7 2 6 3 5 
463 6 7 0 
464 0 5 6 7 4 
465 2 6 3 5 4 
466 0 3 1 6 7 
467 1 6 0 2 7 3 
468 6 2 4 3 
469 3 7 6 5 1 4 
470 2 4 3 
471 3 2 5 4 6 0 
472 7 2 3 0 6 
473 0 6 2 5 7 3 1 
474 7 6 
475 3 2 4 
476 5 4 7 6 0 
477 5 6 3 2 4 
478 1 2 4 3 
479 6 7 5 
480 7 4 6 5 
481 3 6 1 5 0 
482 1 4 6 7 5 
483 0 3 2 7 6 
484 3 0 
485 3 2 0 
486 2 0 3 7 6 
487 0 4 6 5 1 
488 3 2 
489 5 0 1 2 3 
490 4 3 1 6 0 7 
491 4 0 7 2 6 1 5 
492 4 3 1 6 0 7 
493 7 0 2 1 3 
494 6 5 0 2 4 7 
495 3 5 1 0 4 7 6 
496 4 7 3 6 2 5 
497 4 5 6 7 
498 5 2 3 
499 5 7 6 
500 4 7 3 6 2 5 
501 6 1 0 
502 4 2 0 3 
503 5 6 2 7 3 1 
504 5 7 6 
505 3 5 2 4 
506 2 6 7 1 0 
507 2 0 3 
508 7 4 5 
509 3 6 2 5 7 1 
510 2 6 5 1 4 0 
511 0 2 4 3 
512 2 7 3 0 6 
513 5 7 2 3 0 6 
514 5 4 7 6 0 
515 5 4 3 
516 1 6 2 5 7 3 
517 7 6 5 1 4 
518 4 5 7 6 1 0 
519 4 7 0 1 5 6 3 
520 3 1 6 0 7 
521 6 3 5 2 4 
522 0 3 1 7 6 
523 5 4 6 7 
524 3 7 2 0 6 
525 6 4 7 5 1 
526 4 6 7 5 1 
527 6 2 3 
528 0 6 3 5 
529 2 1 6 7 0 
530 0 5 7 6 1 4 
531 1 6 5 3 
532 6 7 2 3 0 
533 3 0 1 2 
534 2 7 5 6 0 4 
535 3 5 6 7 4 
536 7 2 3 
537 0 4 6 5 7 
538 7 6 3 5 
539 3 7 5 6 0 4 
540 5 1 6 7 0 
541 5 0 1 2 3 
542 1 4 5 3 
543 6 2 4 3 
544 7 0 1 2 3 
545 3 1 2 0 
546 1 4 5 3 
547 0 2 3 
548 3 1 6 7 0 
549 3 7 2 0 6 
550 2 6 3 5 4 
551 0 2 6 1 3 
552 3 0 2 1 
553 5 7 6 0 
554 4 2 3 
555 4 2 3 
556 4 0 2 1 7 6 
557 7 4 5 
558 6 2 3 
559 1 7 2 6 3 4 5 
560 5 7 6 
561 4 2 3 
562 5 3 1 2 0 
563 5 7 4 6 0 
564 4 6 3 5 2 
565 6 1 0 7 
566 4 0 2 1 3 
567 5 4 6 7 
568 5 7 6 
569 3 1 6 0 7 
570 2 5 6 7 4 
571 2 6 7 1 0 
572 7 3 6 2 
573 3 4 5 
574 2 4 3 
575 0 7 1 2 6 3 
576 3 2 1 0 
577 5 1 6 7 0 
578 5 7 6 4 0 
579 5 2 3 
580 1 3 2 0 
581 7 6 0 2 1 3 
582 4 0 2 6 3 7 
583 4 5 1 0 7 6 
584 3 7 0 4 1 5 6 
585 6 7 3 2 5 4 
586 0 1 
587 5 6 4 7 1 
588 3 6 1 2 7 0 
589 6 5 1 0 4 7 
590 4 7 5 6 0 
591 6 3 1 5 0 
592 0 4 1 5 
593 2 7 5 6 0 4 
594 0 2 6 7 1 
595 1 4 6 7 5 
596 6 0 2 7 1 3 
597 3 0 1 7 6 
598 2 1 7 6 3 4 5 
599 3 2 1 0 
600 7 6 5 1 4 
601 0 4 1 5 
602 7 6 
603 3 5 2 4 
604 5 7 6 
605 5 4 6 1 
606 1 3 2 0 
607 6 7 3 2 5 4 
608 7 2 4 3 
609 3 1 2 0 
610 1 0 3 
611 0 2 1 7 6 
612 3 5 1 0 4 7 6 
613 2 1 0 7 6 
614 2 7 6 0 
615 0 2 5 4 3 6 
616 3 6 1 2 7 0 
617 5 2 0 3 
618 4 0 2 1 7 6 
619 4 7 0 1 5 6 3 
620 4 2 6 1 3 
621 7 4 6 5 
622 6 5 4 0 
623 3 0 1 2 
624 4 5 1 0 7 6 
625 4 0 3 
626 5 6 3 
627 5 7 3 6 2 4 
628 4 6 7 5 
629 6 0 2 1 7 
630 4 3 5 2 
631 5 6 7 
632 5 2 3 
633 3 4 5 
634 2 3 6 1 5 0 
635 2 3 
636 7 4 5 
637 3 5 2 4 
638 2 1 0 
639 0 7 5 6 4 
640 3 5 6 7 4 
641 5 0 2 4 7 6 
642 4 2 5 3 6 0 
643 5 3 2 4 
644 1 7 6 5 
645 7 6 0 
646 4 2 3 
647 4 7 6 
648 3 7 5 6 4 0 
649 6 4 7 5 0 
650 0 2 5 4 3 6 
651 5 2 3 
652 3 6 5 
653 6 5 7 1 4 0 
654 4 2 6 7 1 0 
655 6 4 5 1 
656 0 7 5 4 6 
657 2 4 6 7 5 
658 0 4 7 5 6 
659 1 0 7 2 6 3 
660 6 2 3 4 
661 3 1 0 
662 2 4 0 1 5 
663 3 4 6 7 5 
664 7 2 6 1 0 
665 0 3 2 7 6 
666 7 4 6 5 0 
667 3 5 1 0 4 7 6 
668 5 7 6 0 4 
669 5 6 2 7 3 1 
670 1 4 5 
671 6 2 1 3 0 
672 6 4 7 5 0 
673 3 0 2 6 7 
674 1 7 2 3 0 6 
675 0 5 6 7 4 
676 3 5 4 0 
677 3 2 0 
678 2 5 0 4 7 6 
679 0 7 4 1 5 6 3 
680 3 7 6 
681 5 3 0 
682 4 3 1 6 0 7 
683 6 0 3 
684 7 3 0 
685 7 5 6 0 4 
686 6 2 1 3 
687 3 2 5 4 6 0 
688 6 2 3 
689 6 0 2 3 7 
690 6 1 2 7 0 
691 7 1 0 6 
692 6 3 7 2 
693 6 2 4 3 
694 6 0 2 1 3 
695 5 0 7 1 2 6 3 
696 5 7 4 6 0 
697 3 4 0 1 5 
698 2 6 5 1 4 0 
699 2 7 6 5 
700 7 4 6 5 1 
701 3 1 7 2 6 4 5 
702 2 6 4 7 5 1 
703 0 3 
704 3 7 6 5 1 4 
705 6 4 7 5 
706 5 4 6 0 7 
707 5 4 6 1 
708 1 4 5 3 
709 7 1 0 
710 7 2 3 0 6 
711 7 0 2 6 3 
712 2 7 6 
713 6 2 7 1 0 
714 0 1 6 7 
715 7 1 0 
716 2 3 1 0 
717 6 7 2 3 0 
718 4 5 0 
719 6 2 1 3 0 
720 0 5 6 7 4 
721 2 5 4 3 6 0 
722 0 7 5 4 6 
723 1 6 7 
724 6 2 7 1 0 
725 2 0 1 7 6 
726 2 4 5 3 
727 2 0 1 3 
728 7 4 6 5 
729 0 2 3 
730 7 6 0 2 1 3 
731 2 0 3 1 7 6 
732 5 7 0 4 1 6 3 
733 5 4 6 7 
734 1 7 6 
735 6 3 0 
736 7 1 0 6 
737 2 6 5 3 
738 1 0 7 2 6 3 
739 0 3 2 7 6 
740 2 3 5 4 
741 2 3 1 0 
742 2 0 7 1 6 3 
743 0 1 2 3 
744 2 5 4 0 
745 5 0 3 
746 4 2 6 1 3 
747 4 6 1 2 7 0 
748 4 2 6 1 3 
749 7 0 1 2 3 
750 6 2 1 3 
751 2 0 3 7 6 
752 4 0 3 
753 4 0 3 
754 5 4 7 6 0 
755 5 6 2 7 3 1 
756 4 6 5 0 7 
757 6 5 3 
758 4 6 7 5 1 
759 5 2 1 3 0 
760 5 2 1 3 0 
761 2 1 0 
762 2 7 5 4 6 0 
763 2 6 1 3 
764 7 3 0 
765 2 3 1 0 
766 2 7 0 4 1 5 6 3 
767 0 4 6 7 5 
768 2 1 0 
769 5 7 6 
770 4 6 0 2 7 1 3 
771 5 7 6 0 
772 1 2 7 6 0 
773 7 4 0 1 5 
774 4 0 7 2 6 1 5 
775 4 0 3 2 7 6 
776 2 5 1 0 4 7 6 
777 6 4 5 3 
778 0 7 6 
779 4 1 0 7 6 
780 2 3 6 7 
781 6 7 0 
782 4 7 6 5 
783 7 3 1 6 0 
784 1 0 7 2 6 3 
785 2 4 6 5 1 
786 0 2 3 4 
787 1 6 5 4 0 
788 6 0 7 1 2 3 
789 2 7 5 4 6 0 
790 2 4 6 7 5 
791 2 5 0 4 7 6 
792 7 4 6 5 0 
793 0 6 2 7 1 3 
794 7 4 5 
795 2 3 1 0 
796 5 2 3 
797 5 4 7 6 0 
798 1 3 2 0 
799 6 7 5 0 4 
800 7 6 3 5 
801 2 5 4 0 
802 1 4 5 
803 0 7 2 3 6 
804 2 7 6 
805 2 3 5 4 
806 2 7 5 6 4 0 
807 0 7 3 6 2 5 4 
808 2 1 0 
809 5 4 6 1 
810 7 1 0 
811 4 6 3 5 2 
812 4 7 6 5 
813 7 3 6 1 5 0 
814 6 4 5 
815 2 3 5 4 
816 4 0 2 1 7 6 
817 4 0 3 2 7 6 
818 5 6 2 7 3 1 
819 5 6 3 
820 4 5 
821 6 3 5 
822 4 7 6 5 
823 5 4 
824 5 7 6 1 4 
825 2 6 3 5 4 
826 2 3 1 0 
827 2 3 4 
828 7 6 3 5 
829 2 5 1 0 4 7 6 
830 2 7 6 0 
831 0 7 2 6 1 4 5 
832 2 7 3 6 5 4 
833 5 1 7 2 6 3 4 
834 5 4 3 
835 4 6 5 3 
836 1 7 5 6 0 4 
837 7 0 1 2 3 
838 4 6 3 5 2 
839 6 0 2 1 7 
840 2 0 1 3 
841 7 3 6 2 
842 0 1 
843 7 1 2 6 3 4 5 
844 2 0 1 3 
845 6 5 0 2 4 7 
846 4 7 5 6 0 
847 6 2 5 7 3 1 
848 0 7 2 6 1 4 5 
849 2 0 1 3 
850 0 3 1 2 
851 1 0 3 
852 6 4 5 
853 2 6 0 7 1 3 
854 2 3 1 6 0 7 
855 2 0 3 
856 7 2 6 0 
857 0 3 6 1 5 
858 7 1 6 0 
859 2 4 6 7 5 
860 7 5 1 0 4 6 
861 7 6 
862 1 5 7 6 4 0 
863 6 5 0 2 4 7 
864 7 6 4 5 1 
865 2 1 0 
866 1 0 3 7 6 
867 0 3 
868 2 6 1 3 
869 2 6 4 7 5 1 
870 2 1 7 6 3 4 5 
871 0 2 3 4 
872 2 7 5 4 6 0 
873 6 0 7 2 1 4 5 
874 7 0 4 1 5 6 3 
875 6 3 5 2 4 
876 7 5 6 4 
877 7 6 4 5 1 
878 6 5 0 2 4 7 
879 2 4 6 5 0 7 
880 4 7 6 0 
881 7 6 0 2 1 3 
882 5 0 7 2 6 1 4 
883 5 0 3 2 7 6 
884 5 6 3 
885 6 7 
886 4 0 3 
887 5 2 6 7 1 0 
888 5 4 
889 0 5 1 4 7 6 
890 1 6 5 4 0 
891 0 2 7 6 
892 7 3 0 
893 1 5 0 2 4 7 6 
894 1 2 3 0 
895 0 7 2 3 6 
896 1 5 0 2 4 7 6 
897 7 4 6 5 
898 5 3 1 2 0 
899 7 5 0 2 4 6 
900 1 4 6 7 5 
901 6 5 7 1 4 0 
902 7 0 2 6 1 4 5 
903 7 6 
904 1 6 4 7 5 
905 1 4 6 5 
906 0 5 4 
907 7 2 6 0 
908 0 3 1 2 
909 2 0 7 6 1 4 5 
910 1 5 0 2 4 7 6 
911 0 1 7 6 
912 0 2 3 
913 0 6 3 5 2 4 
914 0 5 4 
915 1 5 7 6 4 0 
916 6 3 1 2 0 
917 1 7 5 4 6 0 
918 1 2 0 
919 1 2 6 3 
920 7 2 6 1 3 
921 0 6 5 1 4 
922 7 6 5 
923 0 2 6 3 7 
924 0 6 1 2 7 
925 6 7 0 4 1 5 3 
926 1 6 7 
927 6 2 1 3 
928 0 1 6 7 
929 0 6 2 7 1 3 
930 1 6 5 4 0 
931 1 6 5 4 0 
932 1 6 0 2 7 3 
933 1 0 2 6 3 7 
934 1 2 3 0 
935 0 2 1 7 6 
936 1 6 2 5 7 3 
937 7 6 0 2 1 3 
938 7 2 0 3 
939 7 2 3 4 
940 7 0 1 2 6 3 
941 7 3 6 1 5 0 
942 7 2 0 3 
943 1 5 0 4 7 6 
944 1 5 0 2 4 7 6 
945 1 0 7 6 
946 6 5 4 0 
947 7 0 2 6 3 
948 6 3 5 
949 7 0 2 1 3 
950 6 4 5 0 7 
951 1 3 2 0 
952 1 0 2 3 
953 0 7 6 
954 1 3 5 2 4 
955 0 2 1 3 
956 7 1 6 0 
957 1 2 0 
958 1 0 7 2 6 4 5 
959 0 3 1 7 6 
960 1 0 2 3 
961 1 6 0 2 7 3 
962 1 5 0 4 7 6 
963 1 0 7 2 6 3 
964 1 6 5 3 
965 2 5 4 3 6 0 
966 1 7 5 6 0 4 
967 0 3 1 2 
968 1 5 7 6 4 0 
969 1 6 2 7 0 
970 0 4 6 5 7 
971 0 1 
972 0 2 5 4 3 6 
973 2 6 7 1 0 
974 1 2 7 6 0 
975 0 1 7 6 
976 0 2 6 3 7 
977 0 6 7 
978 0 2 4 3 
979 1 6 3 5 
980 1 2 0 
981 1 0 3 7 6 
982 1 7 2 6 3 4 5 
983 1 0 3 2 7 6 
984 0 7 2 6 1 4 5 
985 0 2 7 6 
986 1 7 0 4 5 6 3 
987 0 6 1 2 7 
988 0 4 7 5 6 
989 1 4 7 5 6 0 
990 1 0 7 2 6 3 
991 1 2 5 4 3 6 0 
992 0 7 3 6 2 5 4 
993 1 7 0 4 5 6 3 
994 1 5 0 4 7 6 
995 1 4 6 7 5 
996 1 4 6 7 5 
997 1 0 2 6 3 7 
998 1 0 
999 1 2 3 
1000 1 6 2 5 7 3 
1001 1 3 6 0 7 
1002 7 6 
1003 6 4 5 
1004 7 4 6 5 
1005 7 0 2 1 6 
1006 6 5 7 4 
1007 1 3 6 7 2 
1008 6 7 5 
1009 6 0 3 1 7 
1010 6 1 0 7 
1011 7 3 1 2 0 
1012 6 2 4 3 
1013 6 7 5 4 0 
1014 6 4 5 0 7 
1015 1 7 6 5 4 
1016 1 0 3 7 6 
1017 1 2 0 
1018 1 0 7 2 6 4 5 
1019 0 3 
1020 7 1 2 0 
1021 1 0 2 7 6 
1022 1 6 2 7 0 
1023 1 4 0 5 
