0 7 1 5 
1 5 0 2 6 7 
2 6 5 7 
3 4 2 0 3 6 5 7 
4 2 0 6 5 7 
5 3 4 5 
6 7 6 4 
7 4 2 0 3 5 7 
8 5 2 0 3 6 7 
9 0 6 5 7 
10 1 7 5 
11 6 4 2 1 3 5 
12 6 4 1 2 5 
13 7 4 1 2 5 
14 1 6 0 5 7 
15 5 1 0 
16 5 4 1 0 
17 2 0 3 6 5 7 
18 1 2 0 3 6 5 7 
19 1 4 5 
20 4 1 5 
21 1 0 6 4 7 
22 7 4 5 
23 1 2 3 5 7 
24 1 4 5 
25 2 6 1 0 7 
26 1 0 2 6 5 7 
27 3 4 5 
28 4 0 2 6 5 7 
29 4 2 0 3 6 5 7 
30 0 4 5 
31 2 6 4 7 
32 7 6 5 
33 5 4 
34 2 0 3 6 5 7 
35 1 4 2 5 
36 1 4 5 
37 7 5 
38 1 4 5 
39 6 1 0 5 
40 0 5 2 1 3 6 7 
41 2 4 1 5 
42 2 1 5 
43 5 2 0 3 7 
44 3 7 5 
45 2 1 5 
46 5 1 
47 1 4 5 
48 5 0 2 6 7 
49 1 2 5 7 
50 7 1 2 3 5 
51 3 1 5 
52 5 1 2 3 6 7 
53 6 0 2 5 7 
54 1 6 4 7 
55 5 4 1 
56 2 0 6 5 7 
57 4 5 
58 5 1 
59 1 2 0 3 6 5 7 
60 4 6 7 
61 0 4 1 5 
62 6 1 0 4 7 
63 6 5 
64 7 4 5 
65 4 5 7 
66 6 4 2 1 3 5 
67 4 5 
68 3 6 1 0 5 7 
69 3 1 2 5 7 
70 7 1 0 5 
71 4 1 5 
72 5 4 
73 0 4 5 
74 1 0 6 4 7 
75 6 1 0 7 
76 6 5 7 
77 7 1 5 
78 1 4 5 
79 5 6 1 0 7 
80 5 0 2 6 7 
81 2 1 0 5 
82 1 4 5 
83 1 5 
84 4 2 1 3 5 
85 1 5 
86 7 4 1 5 
87 0 4 1 2 5 
88 1 6 5 7 
89 2 1 3 5 
90 1 5 
91 3 4 5 
92 4 1 2 3 5 7 
93 5 1 7 
94 0 1 5 
95 2 1 0 5 7 
96 7 2 0 3 6 5 
97 5 1 
98 2 1 0 5 7 
99 1 4 5 
100 1 2 0 3 6 5 7 
101 7 5 
102 1 6 5 7 
103 6 7 5 
104 0 5 7 
105 2 0 6 5 7 
106 2 6 4 7 
107 5 4 1 2 3 
108 3 2 0 5 7 
109 2 6 1 0 5 7 
110 5 2 0 3 6 7 
111 1 5 2 3 6 7 
112 5 4 2 1 3 
113 1 7 5 
114 7 4 5 
115 3 1 0 5 7 
116 7 1 0 6 4 
117 6 4 7 
118 1 0 5 
119 5 1 2 3 
120 2 5 7 
121 6 1 2 5 7 
122 5 1 0 7 
123 1 0 5 
124 4 6 5 7 
125 0 1 2 3 6 7 
126 6 1 0 5 7 
127 6 1 5 
128 7 1 0 5 
130 6 4 1 2 5 
131 5 1 0 7 
132 3 4 2 1 5 
133 3 1 2 5 7 
134 7 4 2 1 3 5 
135 4 7 5 
136 5 6 1 0 7 
137 0 4 1 2 3 5 
138 1 2 5 7 
139 7 5 
140 6 1 5 
141 7 4 5 
142 1 7 
143 5 1 2 3 7 
144 5 4 1 0 
145 2 1 3 6 7 
146 1 4 5 
147 0 6 5 7 
148 4 1 2 5 7 
149 1 4 0 5 
150 7 1 2 5 
151 1 4 0 5 
152 1 2 3 6 7 
153 2 4 5 
154 0 4 5 
155 3 5 7 
156 4 2 1 3 5 
157 7 6 5 
158 0 1 5 
159 2 5 
160 7 5 
161 5 1 7 
162 2 0 3 6 5 7 
163 1 2 5 7 
164 1 0 6 4 7 
165 7 6 1 0 
166 1 0 5 7 
167 6 1 2 5 7 
168 0 6 5 7 
169 2 6 5 7 
170 2 4 1 3 5 
171 5 1 0 
172 3 6 1 0 7 
173 3 1 2 6 7 
174 5 6 7 
175 1 5 
176 5 4 1 
177 1 5 7 
178 7 6 4 
179 3 4 5 
180 7 5 
181 6 5 2 1 3 7 
182 1 4 5 
183 5 1 2 3 7 
184 2 4 1 5 
185 6 1 5 
186 5 1 2 3 7 
187 1 2 0 3 5 7 
188 4 1 7 
189 0 1 2 5 7 
190 6 4 5 
191 6 5 
192 7 4 5 
193 5 4 1 2 3 
194 5 4 2 1 3 
195 4 1 0 6 7 
196 0 1 2 5 7 
197 3 1 0 5 
198 7 1 5 
199 4 6 1 0 7 
200 5 1 0 7 
201 0 4 5 
202 1 2 3 5 
203 5 4 
204 3 1 0 5 
205 7 4 1 0 5 
206 1 4 5 
207 5 1 0 6 4 7 
208 5 4 1 2 
209 2 1 3 5 
210 1 4 5 
211 1 5 
212 4 1 5 
213 1 6 0 7 
214 4 1 2 3 6 7 
215 1 2 3 5 7 
216 1 2 0 3 6 5 7 
217 2 0 3 6 5 7 
218 1 4 5 
219 3 5 2 1 6 7 
220 4 1 2 3 5 7 
221 4 2 1 3 5 
222 0 1 5 
223 2 0 3 6 5 7 
224 7 6 5 
226 2 1 3 6 7 
227 1 2 3 6 7 
228 1 0 6 4 7 
229 7 4 1 2 3 5 
230 1 2 5 7 
231 6 4 1 0 5 
232 0 4 1 2 3 5 
233 2 4 1 0 5 
234 2 4 5 
235 5 4 2 1 3 
236 3 1 5 
237 2 6 1 0 7 
238 4 1 0 6 7 
239 2 6 5 7 
240 5 1 7 
241 1 2 3 6 7 
242 7 0 2 6 5 
243 3 0 2 6 5 7 
244 7 1 
245 7 6 1 0 
246 0 1 2 5 7 
247 5 1 2 3 6 7 
248 2 1 5 
249 6 4 1 0 5 
250 5 4 1 2 3 
251 1 2 3 6 7 
252 4 1 2 3 5 
253 0 4 5 
254 6 1 0 7 
255 6 4 5 
256 7 0 2 6 5 
257 5 4 
258 6 5 2 1 3 7 
259 4 6 5 7 
260 0 1 7 
261 3 1 0 6 4 7 
262 7 5 2 1 3 6 
263 4 6 7 
264 5 7 
265 0 1 6 4 7 
266 1 2 0 3 5 7 
267 6 4 2 1 3 5 
268 6 5 7 
269 7 2 0 3 6 5 
270 1 0 5 
271 4 1 2 5 7 
272 5 4 2 1 3 
273 2 6 5 7 
274 0 2 3 5 7 
275 1 0 5 
276 4 5 
277 1 4 2 3 5 
278 6 4 5 
279 1 2 5 7 
280 1 5 
281 2 6 5 7 
282 1 4 2 5 
283 3 4 1 0 5 
284 4 7 5 
285 4 5 2 1 3 6 7 
286 0 1 2 3 5 
287 2 4 5 
288 7 6 5 
289 4 6 5 7 
290 2 1 7 
291 1 6 0 5 7 
292 1 2 3 5 
293 7 1 
294 1 4 2 3 5 
295 6 4 1 5 
296 0 6 5 7 
297 2 4 1 5 
298 3 4 5 
299 5 7 
300 3 4 5 
301 2 5 7 
302 5 6 1 0 7 
303 1 5 
304 4 7 5 
305 1 5 
306 7 5 
307 3 5 
308 7 5 
309 6 1 2 3 5 7 
310 1 6 5 7 
311 2 5 7 
312 3 2 0 6 5 7 
313 6 4 5 
314 5 1 
315 1 2 5 7 
316 4 2 1 3 5 
317 0 4 5 
318 6 1 0 5 
319 6 1 0 4 7 
320 7 6 5 
321 5 4 1 2 
322 7 5 
323 4 6 7 
324 0 5 7 
325 3 1 5 
326 7 4 2 1 3 5 
327 4 1 5 
328 5 1 2 7 
329 0 5 7 
330 1 4 2 5 
331 6 1 7 
332 6 5 7 
333 7 4 1 2 3 5 
334 1 7 5 
335 5 2 0 3 6 7 
336 5 0 2 6 7 
337 2 1 3 5 
338 1 4 5 
339 1 0 5 
340 6 4 5 
341 1 6 0 5 7 
342 7 0 2 6 5 
343 1 4 2 3 5 
344 1 2 0 3 5 7 
345 2 7 5 
346 0 4 5 
347 3 6 1 0 7 
348 4 5 
349 4 1 2 3 6 7 
350 0 1 2 3 5 7 
351 3 6 1 0 5 7 
352 7 4 5 
353 5 4 2 1 3 
354 2 0 6 5 7 
355 1 2 3 5 7 
356 0 6 4 7 
357 7 5 
358 1 0 6 4 7 
359 7 2 0 3 5 
360 0 1 2 3 5 
361 2 1 0 5 
362 2 5 
363 5 1 
364 3 6 4 7 
365 2 1 3 5 7 
367 1 6 0 7 
368 5 4 1 2 3 
369 1 4 5 
370 4 1 2 3 5 
371 3 4 1 5 
372 7 1 0 6 4 
373 6 4 1 2 5 
374 1 6 0 5 7 
375 5 7 
376 2 1 0 5 
377 6 1 0 5 7 
378 5 4 1 
379 1 7 5 
380 4 6 1 0 7 
381 0 6 1 5 7 
382 6 4 1 5 
383 7 5 
384 7 5 
385 5 1 2 3 7 
386 6 4 5 
387 4 1 2 5 7 
388 0 1 7 
389 3 4 5 
390 7 5 
391 4 1 2 5 
392 5 1 7 
393 0 4 5 
394 1 2 3 5 
395 5 1 7 
396 6 5 
397 7 0 2 6 5 
398 0 1 6 4 7 
399 6 4 5 
400 5 6 4 7 
401 2 1 0 5 7 
402 1 2 0 3 5 7 
403 1 4 2 3 5 
404 4 1 2 3 6 7 
405 0 6 5 7 
406 7 0 2 6 5 
407 1 6 5 7 
408 1 7 5 
409 2 4 5 
410 1 2 3 6 7 
411 3 1 2 5 7 
412 4 5 
413 4 1 0 6 7 
414 0 4 5 
415 2 4 5 
416 7 4 1 2 3 5 
417 6 4 1 5 
418 2 6 4 7 
419 1 6 5 7 
420 1 5 
421 7 1 
422 1 7 5 
423 5 6 4 7 
424 0 7 5 
425 2 1 3 6 7 
426 2 1 3 5 7 
427 5 4 1 2 
428 3 1 2 5 
429 2 1 5 7 
430 5 1 
431 1 2 0 3 6 5 7 
432 5 2 0 3 6 7 
433 1 4 0 5 
434 7 6 5 
435 3 4 5 
436 7 1 
437 6 1 5 
438 1 5 2 3 6 7 
440 2 6 4 7 
441 7 1 0 6 4 
442 5 1 2 7 
443 1 2 5 7 
444 4 6 1 0 5 7 
445 0 1 2 3 5 7 
446 6 2 0 3 5 7 
447 6 1 5 
448 7 4 1 2 3 5 
449 5 2 1 3 6 7 
450 6 1 5 
451 4 2 0 3 5 7 
452 0 4 2 1 3 5 
453 3 2 0 5 7 
454 7 2 0 3 5 
455 4 1 7 
456 5 4 1 0 
457 0 6 5 7 
458 1 2 3 6 7 
459 6 1 2 3 7 
460 6 1 0 5 7 
461 7 4 5 
462 1 4 5 
463 5 1 2 3 7 
464 5 4 2 1 3 
465 2 1 0 6 4 7 
466 1 2 3 5 7 
467 1 6 5 7 
468 4 1 2 3 5 
469 1 4 5 
470 7 4 5 
471 1 4 2 5 
472 1 2 3 6 7 
473 2 4 5 
474 1 5 7 
475 3 6 5 7 
476 4 2 0 3 5 7 
477 4 5 
478 0 4 5 
479 2 6 5 7 
480 7 1 5 
481 5 6 1 0 7 
482 2 4 1 5 
483 1 6 5 7 
484 1 4 5 
485 7 5 2 1 3 6 
486 1 2 3 5 7 
487 6 1 5 
488 0 1 7 
489 2 6 1 0 5 7 
490 2 0 3 5 7 
491 5 4 
492 3 1 2 5 7 
493 2 6 5 7 
494 5 1 7 
495 1 4 2 3 5 
496 5 1 0 6 4 7 
497 1 5 2 3 6 7 
498 7 6 4 
499 3 1 2 5 7 
500 7 6 5 
501 6 4 5 
502 1 4 5 
503 5 1 0 
504 2 6 5 7 
505 6 1 2 3 5 
506 5 2 0 3 7 
507 1 4 2 5 
508 4 6 1 0 5 7 
509 0 1 6 4 7 
510 6 1 5 
511 6 1 2 3 5 7 
512 7 6 5 
513 5 2 0 3 7 
514 6 4 5 
515 4 5 7 
516 0 1 2 3 5 7 
517 3 1 0 5 7 
518 7 4 5 
519 4 5 
520 5 4 
521 0 1 7 
522 1 5 
523 6 1 5 
524 6 2 0 3 5 7 
525 7 1 
526 1 2 3 6 7 
527 5 0 2 6 7 
528 4 1 2 3 5 7 
529 2 1 5 
530 1 2 0 3 5 7 
531 1 4 5 
532 4 1 0 6 7 
533 1 6 4 7 
534 7 1 2 5 
535 1 6 0 7 
536 1 0 2 6 5 7 
537 2 1 3 5 
538 1 5 
539 3 1 2 6 7 
540 4 1 2 3 6 7 
541 4 1 5 
542 0 5 7 
543 2 5 7 
544 7 1 2 3 6 
545 5 7 
546 2 1 3 5 7 
547 1 0 5 7 
548 0 4 2 1 3 5 
549 7 1 0 5 
550 0 2 3 5 7 
551 6 4 1 2 3 5 
552 0 4 1 2 3 5 
553 2 5 1 3 6 7 
554 2 1 3 5 7 
555 5 1 2 3 
556 3 1 2 5 
557 2 4 1 3 5 
558 5 1 2 3 7 
559 1 6 5 7 
560 5 4 1 2 
561 0 6 4 7 
562 7 6 5 
563 3 6 1 0 5 7 
564 7 1 2 3 5 
565 6 2 0 3 5 7 
566 0 6 1 5 7 
567 5 4 1 0 
568 2 0 3 5 7 
569 6 1 2 3 7 
570 5 2 1 3 6 7 
571 0 4 2 1 3 5 
572 4 0 2 6 5 7 
573 0 6 5 7 
574 6 4 5 
575 6 4 7 
576 7 1 2 3 5 
577 4 5 
578 6 1 0 4 7 
579 4 5 7 
580 0 1 5 7 
581 3 1 0 5 7 
582 7 1 2 5 
583 4 1 5 
584 5 4 
585 0 1 7 
586 1 5 
587 6 1 0 4 7 
588 6 1 0 7 
589 7 5 2 1 3 6 
590 0 2 6 5 7 
591 5 4 1 0 
592 5 6 4 7 
593 2 4 1 0 5 
594 0 2 3 5 7 
595 0 6 1 5 7 
596 4 1 2 3 5 
597 0 4 5 
598 7 6 5 
599 0 6 1 7 
600 0 1 5 7 
601 2 4 1 3 5 
602 0 6 5 7 
603 3 2 0 6 5 7 
604 4 5 
605 4 5 2 1 3 6 7 
606 0 2 3 6 5 7 
607 2 4 5 
608 7 0 2 6 5 
609 7 1 2 5 
610 2 1 0 5 
611 1 5 2 3 6 7 
612 0 5 7 
613 7 4 1 5 
614 0 5 
615 6 1 0 7 
616 0 6 1 5 7 
617 2 1 3 5 7 
618 2 4 1 0 5 
619 5 4 
620 3 2 0 5 7 
621 2 1 5 
623 1 5 
625 0 6 5 7 
626 7 1 0 5 
627 3 4 1 5 
628 7 6 1 0 
629 6 1 5 
630 0 4 1 2 5 
631 5 4 1 2 3 
632 2 6 1 0 5 7 
633 6 1 0 5 7 
634 5 6 1 0 7 
635 0 4 5 
636 4 1 0 5 7 
637 0 1 5 
638 6 1 0 7 
639 6 5 7 
640 7 4 2 1 3 5 
641 5 1 2 3 6 7 
642 6 1 5 
643 4 6 5 7 
644 0 6 4 7 
645 3 1 7 
646 7 4 5 
647 4 5 2 1 3 6 7 
648 5 1 2 3 6 7 
649 0 2 3 5 7 
650 3 7 5 
651 6 1 2 3 7 
652 6 1 2 3 5 7 
653 7 1 2 3 5 
654 0 6 1 7 
655 5 6 7 
656 5 4 1 0 
657 2 6 5 7 
658 0 1 5 
659 0 5 7 
660 4 1 2 5 
661 2 4 1 3 5 
662 4 1 2 5 
663 2 1 3 5 7 
664 0 6 1 5 7 
665 2 1 3 5 7 
666 3 5 7 
667 3 2 0 5 7 
668 4 5 
669 4 1 2 3 5 
670 2 4 5 
671 2 4 5 
672 7 4 2 1 3 5 
673 5 4 1 2 
674 2 4 1 5 
675 2 1 0 5 7 
676 3 1 0 5 7 
677 7 5 
678 3 4 5 
679 6 1 0 5 
680 0 1 5 
681 2 0 3 6 5 7 
682 2 4 5 
683 5 1 0 6 4 7 
684 3 0 2 6 5 7 
685 2 6 1 0 7 
686 5 1 2 3 
687 2 1 0 5 
688 5 7 
689 0 7 5 
690 7 4 1 2 3 5 
691 3 1 0 6 4 7 
692 7 5 
693 6 0 2 5 7 
694 2 1 5 
695 4 6 5 7 
696 3 1 2 5 7 
697 7 5 2 1 3 6 
699 0 7 5 
700 4 1 2 3 5 
701 0 5 
702 6 5 7 
703 7 6 4 
704 7 1 5 
705 6 4 5 
706 6 5 2 1 3 7 
707 4 6 7 
708 0 5 
709 3 2 0 5 7 
710 7 4 1 5 
711 4 0 2 6 5 7 
712 5 4 2 1 3 
713 2 5 1 3 6 7 
714 3 1 2 5 7 
715 6 1 7 
716 6 1 2 3 7 
717 7 1 2 5 
718 0 4 1 5 
719 4 1 0 6 7 
720 5 0 2 6 7 
721 2 6 4 7 
722 0 1 6 4 7 
723 0 5 
724 4 5 
725 2 1 3 5 7 
726 7 2 0 3 6 5 
727 2 4 1 0 5 
728 0 4 5 
729 2 4 5 
730 3 5 2 1 6 7 
731 3 2 0 6 5 7 
732 4 1 5 
733 4 6 7 
734 2 4 5 
735 2 1 0 5 7 
736 7 4 1 5 
737 7 2 0 3 5 
738 2 4 1 3 5 
739 2 1 3 5 7 
740 3 1 7 
741 7 5 
742 2 4 1 5 
743 7 4 5 
744 0 1 5 7 
745 2 5 7 
746 2 5 1 3 6 7 
747 5 2 1 3 6 7 
748 3 1 2 5 7 
749 2 1 0 5 7 
750 5 2 0 3 6 7 
751 3 1 2 6 7 
752 5 7 
753 0 2 6 5 7 
754 6 1 0 5 7 
755 3 1 2 5 7 
756 6 5 7 
757 6 1 5 
758 2 4 5 
759 5 1 2 7 
760 2 1 3 5 7 
761 4 6 5 7 
762 7 5 
763 0 4 5 
764 4 5 
765 0 5 
766 6 0 2 5 7 
767 6 4 5 
768 7 4 1 0 5 
769 5 6 4 7 
770 6 1 0 4 7 
771 5 2 1 3 6 7 
772 2 1 5 
773 3 2 0 5 7 
774 6 5 7 
775 4 1 2 3 6 7 
776 5 1 0 
777 2 1 5 7 
778 1 6 0 7 
779 7 1 5 
780 6 4 1 2 3 5 
781 7 4 1 5 
782 0 2 3 6 5 7 
784 5 6 7 
785 2 4 5 
786 0 6 4 7 
787 0 6 1 7 
788 6 4 2 1 3 5 
789 2 1 5 7 
790 7 4 1 5 
791 3 5 7 
792 0 6 1 7 
793 3 5 7 
794 3 4 5 
795 3 1 2 5 
796 4 6 1 0 5 7 
797 5 4 
798 2 1 0 5 
799 2 4 5 
800 6 1 2 3 5 7 
801 5 6 7 
802 2 6 1 0 7 
803 2 1 5 7 
804 3 2 0 5 7 
805 7 1 2 3 5 
806 2 4 1 5 
807 5 1 0 7 
808 0 6 1 5 7 
809 2 1 3 5 7 
810 2 0 3 5 7 
811 5 1 
812 3 2 0 5 7 
813 2 4 5 
814 5 1 2 3 7 
815 2 5 1 3 6 7 
816 4 1 2 3 6 7 
817 0 1 2 3 5 7 
818 4 1 2 3 5 
819 3 5 2 1 6 7 
820 5 1 
821 6 4 1 0 5 
822 0 1 5 
823 5 6 1 0 7 
824 3 4 1 5 
825 6 5 2 1 3 7 
826 5 4 
827 0 1 2 3 5 7 
828 4 1 0 5 7 
829 0 2 6 5 7 
830 6 5 2 1 3 7 
831 6 1 0 5 
832 6 1 7 
833 4 5 
834 3 4 1 2 5 
835 4 5 
836 0 4 5 
837 3 6 4 7 
838 7 1 2 3 5 
839 4 1 0 5 
840 4 1 2 3 5 
841 2 4 1 5 
842 1 2 3 5 7 
843 6 5 7 
844 6 4 1 5 
845 7 1 2 3 5 
846 0 4 1 5 
847 4 1 7 
848 4 1 2 3 6 7 
849 3 1 2 5 7 
850 3 7 5 
851 0 4 1 5 
852 4 1 0 5 
853 0 1 2 3 5 
854 7 1 0 5 
855 0 4 5 
856 0 1 5 
857 3 6 5 7 
858 0 4 5 
859 3 4 1 2 5 
860 4 5 
861 4 1 5 
862 0 1 5 
863 3 6 1 0 7 
864 7 1 2 3 5 
865 4 1 0 5 
866 3 4 2 1 5 
867 1 5 2 3 6 7 
868 0 7 5 
869 7 1 
870 0 4 1 2 5 
871 6 5 7 
872 0 4 1 5 
873 3 5 7 
874 3 1 0 5 
875 4 5 
876 3 1 5 
877 3 1 0 5 7 
878 4 1 5 
879 1 4 2 3 5 
880 4 6 1 0 5 7 
881 0 1 2 3 5 7 
882 7 1 5 
883 3 6 5 7 
884 7 5 
885 6 1 2 3 5 7 
886 0 6 5 7 
887 4 6 5 7 
888 3 2 0 5 7 
889 6 4 1 2 5 
890 7 1 0 5 
891 0 4 5 
892 4 0 2 6 5 7 
893 0 4 1 5 
894 6 1 2 3 5 7 
895 6 1 0 5 7 
896 7 1 2 3 5 
897 4 2 0 3 5 7 
898 6 4 5 
899 4 1 2 3 5 7 
900 0 4 1 5 
901 3 4 1 2 5 
902 7 4 5 
903 4 5 
904 4 6 5 7 
905 0 4 5 
906 1 5 
907 6 1 2 3 5 
908 6 1 2 3 5 
909 7 1 2 3 6 
910 0 5 
911 4 5 
912 6 4 7 
913 7 0 2 6 5 
914 5 1 
915 0 1 6 4 7 
916 3 4 1 2 5 
917 2 4 1 0 5 
918 7 2 0 3 6 5 
919 3 6 1 0 7 
920 0 1 5 
921 3 5 
922 6 5 7 
923 3 1 2 5 7 
924 3 1 0 5 7 
925 7 6 1 0 5 
926 2 1 3 5 7 
927 3 1 2 5 
928 4 5 
929 3 4 1 2 5 
930 5 2 1 3 6 7 
931 3 1 2 5 7 
932 3 4 1 2 5 
933 6 1 0 7 
934 3 1 2 5 
935 3 1 0 5 7 
936 0 5 
937 3 4 1 0 5 
938 6 4 7 
939 4 1 5 
940 4 5 
941 3 1 2 5 7 
942 4 6 1 0 5 7 
943 3 4 1 2 5 
944 3 4 5 
945 0 4 2 1 3 5 
946 3 7 5 
947 3 1 2 5 7 
948 3 4 5 
949 6 4 1 2 3 5 
950 3 4 1 0 5 
951 2 1 3 5 
952 3 4 1 2 5 
953 6 1 0 5 
954 4 2 0 3 6 5 7 
955 4 5 
956 3 6 1 0 7 
957 7 4 5 
958 6 2 0 3 5 7 
959 6 1 0 5 
960 7 1 2 3 5 
961 6 5 7 
962 6 1 2 3 5 7 
963 4 1 2 5 
964 6 4 5 
965 3 4 5 
966 7 4 2 1 3 5 
967 4 5 
968 4 1 0 5 
969 2 0 3 6 5 7 
970 7 4 5 
971 4 6 5 7 
972 4 1 0 5 
973 6 1 0 4 7 
974 0 5 
975 6 1 0 5 
976 6 0 2 5 7 
977 4 1 2 3 5 
978 5 1 
979 0 1 2 3 5 7 
980 6 5 7 
981 2 1 5 
982 4 5 
983 4 1 7 
984 0 6 1 5 7 
985 3 4 1 5 
986 7 1 
987 4 1 7 
988 4 1 0 5 7 
989 7 5 
990 2 5 7 
991 3 1 7 
992 4 6 1 0 7 
993 3 5 2 1 6 7 
994 5 4 2 1 3 
995 3 1 2 5 7 
996 0 1 2 3 5 7 
997 7 1 0 5 
998 3 5 
999 3 1 2 5 7 
1000 0 6 4 7 
1001 3 1 2 5 
1002 6 4 1 2 3 5 
1003 3 6 1 0 7 
1004 4 1 2 3 5 7 
1005 3 1 2 5 
1006 4 1 7 
1007 3 6 4 7 
1008 3 4 1 5 
1009 6 4 5 
1010 3 4 5 
1011 3 5 2 1 6 7 
1012 3 1 0 6 4 7 
1013 6 1 2 3 5 
1014 3 4 1 0 5 
1015 2 4 5 
1016 3 1 0 6 4 7 
1017 4 7 5 
1018 3 1 2 5 7 
1019 4 1 5 
1020 3 6 5 7 
1021 6 1 0 7 
1022 6 4 5 
1023 6 4 1 5 
