0 2 6 5 4 0 1 
1 2 6 5 7 4 1 
2 5 7 6 4 1 0 
3 4 6 7 5 3 2 1 
4 0 3 1 
5 5 4 6 7 2 1 3 
6 3 4 5 2 1 
7 3 6 7 1 5 4 0 
8 7 6 3 2 1 
9 4 2 1 3 
10 3 4 7 5 0 1 
11 5 0 6 7 4 1 
12 2 4 7 5 0 1 
13 4 5 7 3 1 
14 1 6 7 2 3 
15 1 4 2 6 5 0 3 
16 1 6 7 5 4 
17 7 4 5 6 0 1 
18 6 2 7 5 1 3 
19 0 6 5 3 2 
20 3 6 7 2 1 
21 2 4 5 6 0 1 
22 5 6 7 0 1 
23 3 6 0 1 
24 6 2 1 7 3 0 
25 4 5 6 1 
26 0 7 5 2 4 3 1 
27 1 4 7 5 6 3 
28 0 7 5 4 1 3 
29 1 2 6 7 3 0 
30 2 5 7 4 6 1 3 
31 7 5 6 4 0 
32 3 6 7 5 1 
33 3 4 5 2 1 
34 4 7 5 6 0 1 
35 0 6 4 7 5 1 
36 6 4 7 5 1 3 
37 2 4 6 5 0 1 3 
38 1 6 5 7 4 
39 7 6 3 1 0 
40 1 7 4 5 6 0 
41 1 5 7 4 6 3 
42 1 4 7 5 6 3 
43 1 7 4 5 6 0 
44 1 6 7 
45 3 6 7 2 1 
46 6 1 4 5 0 2 3 
47 3 5 7 2 6 4 1 
48 7 5 4 6 1 3 
49 2 6 0 3 
50 6 7 2 1 3 
51 3 7 5 6 4 1 0 
52 4 0 3 
53 6 3 1 0 
54 3 4 7 5 0 1 
55 1 4 5 0 2 3 
56 3 6 7 0 1 
57 0 2 1 3 
58 1 2 5 4 3 
59 2 6 7 5 4 3 1 
60 2 6 7 1 
61 6 2 0 3 
62 6 2 5 4 3 1 
63 0 6 7 5 4 3 2 1 
64 3 6 2 7 1 0 
65 2 5 4 7 1 
66 5 3 6 2 7 1 0 
67 4 7 6 5 0 1 
68 0 6 2 7 5 1 3 
69 5 1 4 0 2 3 
70 2 6 0 3 
71 3 6 5 2 1 
72 7 6 2 5 1 3 
73 4 5 1 6 3 
74 2 3 6 0 
75 5 6 2 1 
76 2 3 1 0 
77 4 2 5 3 1 
78 1 6 7 5 4 3 2 
79 1 4 5 0 
80 1 5 7 2 6 4 3 
81 7 6 5 3 1 
82 6 2 1 3 
83 0 2 1 3 
84 3 4 5 2 1 
85 3 6 7 2 1 
86 5 6 0 1 
87 3 6 4 5 
88 6 2 1 3 
89 4 6 7 0 1 
90 1 5 7 4 0 
91 1 6 3 7 2 
92 0 7 4 5 6 1 
93 1 6 2 7 5 3 
94 2 3 1 0 
95 7 5 0 6 4 1 
96 3 6 7 2 1 
97 3 4 5 6 1 
98 4 3 6 0 
99 0 6 7 3 1 
100 6 5 1 4 3 
101 2 3 1 0 
102 1 7 6 5 4 0 
103 7 5 4 1 
104 1 4 7 5 0 
105 1 6 0 
106 1 6 7 3 0 
107 1 6 7 3 0 
108 1 6 4 7 5 
109 3 1 4 5 0 2 
110 7 0 6 1 
111 1 6 7 
112 7 6 5 4 1 
113 3 6 5 4 0 1 
114 6 4 5 1 3 
115 2 5 1 6 4 3 
116 4 2 1 3 
117 6 7 2 1 3 
118 1 6 4 5 3 
119 0 5 1 6 4 3 
120 3 6 5 4 0 1 
121 0 6 7 5 4 3 2 1 
122 2 7 5 4 1 3 
123 2 5 0 6 7 4 1 
124 2 6 7 1 3 
125 7 4 5 6 1 
126 6 7 5 4 3 2 1 
127 0 5 6 7 4 1 
128 3 1 4 5 0 2 
129 2 5 4 3 1 
130 5 7 4 3 1 
131 4 6 7 3 1 0 
132 0 3 1 2 
133 5 6 7 3 1 
134 2 1 4 5 0 3 
135 3 2 7 
136 7 6 5 3 2 
137 4 0 3 
138 2 6 5 4 0 1 
139 5 7 4 1 
140 2 6 7 3 1 0 
141 4 2 7 3 
142 1 0 7 6 
143 0 6 7 1 
144 1 7 5 4 3 
145 7 3 6 0 
146 6 2 1 3 
147 0 5 4 7 1 
148 3 7 4 5 6 0 1 
149 2 7 5 4 3 1 
150 5 7 6 4 1 0 
151 3 0 
152 7 2 6 0 3 
153 4 7 6 5 0 1 
154 0 3 1 
155 0 6 7 1 
156 0 4 2 6 5 1 3 
157 1 7 5 6 4 0 
158 2 4 6 5 0 1 3 
159 7 5 4 1 3 
160 3 6 7 1 5 4 0 
161 3 6 7 1 5 4 0 
162 4 6 7 2 1 3 
163 0 3 2 1 
164 6 1 4 5 0 2 3 
165 2 1 3 
166 1 3 2 0 
167 7 6 5 4 1 
168 0 4 6 5 7 1 
169 1 6 7 
170 1 6 7 2 3 
171 0 3 1 
172 3 6 4 7 5 1 
173 3 6 2 7 1 0 
174 6 4 5 0 1 
175 3 4 7 5 0 1 
176 7 4 6 5 2 1 3 
177 2 6 3 7 1 
178 6 0 7 1 
179 3 2 6 1 7 0 
180 4 5 2 1 3 
181 6 3 1 0 
182 0 6 7 1 
183 1 6 3 7 2 
184 3 6 2 1 
185 0 7 6 5 4 1 
186 1 6 0 
187 2 6 5 7 4 1 
188 2 6 5 1 
189 7 4 5 1 3 
190 6 7 5 2 4 3 1 
191 0 7 4 5 6 1 
192 3 1 2 0 
193 2 6 7 1 
194 5 6 0 1 
195 4 6 7 1 
196 0 2 6 3 
197 6 4 5 0 1 
198 2 5 7 4 0 1 
199 2 5 1 6 4 3 
200 5 4 1 3 
201 4 0 3 2 1 
202 2 3 1 0 
203 5 2 1 3 
204 2 6 7 1 3 
205 4 5 7 6 0 
206 1 4 7 5 0 
207 1 5 4 0 2 3 
208 0 3 
209 7 6 5 4 1 
210 6 4 5 1 
211 0 6 3 7 2 1 
212 3 7 6 5 4 0 1 
213 2 7 5 4 3 1 
214 5 7 3 4 2 6 1 0 
215 2 5 0 6 7 4 1 
216 5 6 7 0 1 
217 4 5 6 1 
218 0 2 5 4 3 1 
219 1 6 7 5 4 0 
220 0 3 1 
221 2 5 4 3 1 
222 2 6 7 5 1 3 
223 7 6 5 4 1 
224 3 0 
225 3 6 7 1 
226 4 6 7 5 3 1 
227 0 6 5 2 1 
228 6 2 1 3 
229 2 6 7 5 3 1 
230 1 6 5 2 
231 7 4 5 0 1 
232 1 3 0 
233 1 5 6 4 3 
234 1 7 5 4 3 
235 1 5 0 6 7 4 
236 1 5 7 4 6 3 
237 4 0 3 2 1 
238 6 7 5 4 0 1 
239 3 6 7 5 4 1 
240 7 5 6 4 1 0 
241 2 7 6 5 4 0 1 
242 6 7 5 4 0 1 
243 3 6 2 7 1 0 
244 0 4 5 1 
245 6 4 5 1 3 
246 0 6 5 3 2 
247 1 7 5 2 4 3 
248 3 7 5 6 4 1 0 
249 0 6 7 2 1 3 
250 1 5 7 2 6 4 3 
251 3 2 6 1 7 0 
252 2 6 5 4 0 1 
253 7 0 3 2 1 
254 6 4 5 0 1 
255 5 6 4 3 
256 3 6 7 5 4 1 
257 2 6 3 7 1 
258 5 6 4 0 1 
259 4 5 2 1 3 
260 0 7 5 6 4 1 
261 5 4 7 6 1 3 
262 2 6 0 3 
263 3 6 4 7 5 1 
264 7 2 1 3 
265 4 5 7 1 
266 2 5 4 0 1 3 
267 5 6 7 3 1 0 
268 2 6 5 4 0 1 
269 4 6 7 1 
270 1 5 0 6 7 4 
271 0 7 5 2 4 3 1 
272 1 3 6 0 
273 6 4 7 5 1 3 
274 6 7 4 5 0 1 
275 0 5 4 1 2 3 
276 3 6 2 7 1 0 
277 2 6 5 1 
278 5 1 6 4 3 
279 3 5 7 4 1 
280 6 4 5 0 1 
281 5 4 7 6 1 3 
282 3 6 5 4 0 1 
283 1 4 5 0 
284 0 4 6 5 7 2 1 3 
285 2 5 7 4 3 1 
286 2 7 5 4 3 1 
287 7 3 1 2 0 
288 3 2 1 
289 3 6 7 1 
290 7 5 4 0 1 
291 0 2 1 3 
292 6 4 5 7 2 1 3 
293 0 6 5 4 1 
294 1 2 6 0 3 
295 7 6 5 3 2 
296 1 3 2 0 
297 1 6 7 2 3 
298 1 3 6 2 7 0 
299 1 6 2 7 5 3 
300 0 5 4 7 1 
301 3 1 2 0 
302 6 5 4 0 1 
303 1 6 7 0 
304 7 4 6 5 2 1 3 
305 2 6 7 1 5 4 0 
306 6 3 2 0 1 
307 1 6 0 
308 6 7 5 4 3 2 1 
309 6 7 5 3 1 
310 0 6 4 7 5 1 
311 1 0 7 6 
312 6 4 5 1 
313 0 6 4 5 3 
314 0 7 4 5 6 1 
315 3 4 5 6 1 
316 2 7 5 4 1 3 
317 7 5 4 6 1 3 
318 6 7 5 3 1 
319 0 2 6 3 
320 3 6 4 7 5 1 
321 2 3 1 0 
322 6 0 1 
323 4 7 5 1 
324 0 2 5 4 3 1 
325 6 0 7 1 
326 2 0 3 
327 2 7 3 
328 7 4 5 0 1 
329 4 6 7 2 1 3 
330 2 3 0 1 
331 5 4 6 1 
332 2 4 5 0 1 
333 4 5 0 6 7 1 
334 1 4 7 5 6 3 
335 1 3 2 0 
336 1 4 5 3 
337 7 6 5 3 2 
338 6 7 3 4 2 5 1 0 
339 0 5 7 6 4 
340 3 6 2 7 5 1 
341 2 6 0 3 
342 6 4 5 3 
343 4 5 7 1 
344 6 0 3 2 1 
345 6 3 1 0 
346 1 4 5 6 0 
347 4 6 7 1 
348 0 3 1 2 
349 1 6 5 3 2 
350 2 6 7 1 
351 7 4 6 5 1 0 
352 3 2 0 1 
353 0 4 7 5 1 
354 2 6 7 3 1 0 
355 3 2 5 4 1 
356 6 5 7 4 0 1 
357 2 5 7 6 4 1 3 
358 1 5 4 7 
359 7 2 5 4 3 1 
360 1 6 5 7 4 
361 1 6 7 
362 1 3 2 0 
363 1 5 4 0 2 3 
364 1 6 7 2 3 
365 3 5 7 4 1 
366 6 4 5 2 1 3 
367 3 6 7 2 1 
368 7 4 5 6 0 1 
369 2 5 4 3 1 
370 6 3 2 0 1 
371 2 4 6 5 7 1 3 
372 6 5 7 4 1 3 
373 7 5 0 6 4 1 
374 1 2 6 7 3 0 
375 1 6 7 0 
376 3 6 2 1 
377 0 2 1 3 
378 2 5 7 4 0 1 
379 0 7 3 4 2 5 6 1 
380 2 6 4 5 3 
381 7 3 4 2 5 6 1 0 
382 6 2 1 3 
383 0 6 7 1 
384 3 2 7 
385 2 7 5 4 1 3 
386 7 6 5 3 2 
387 4 6 5 7 1 0 
388 7 6 4 5 3 
389 6 2 1 3 
390 6 3 2 7 1 0 
391 3 0 7 6 1 
392 0 5 7 4 1 
393 5 6 7 1 
394 7 6 1 5 4 0 
395 5 2 1 3 
396 6 5 7 4 0 
397 4 6 7 5 3 2 1 
398 1 5 7 4 3 
399 1 7 4 5 6 0 
400 1 7 5 4 
401 5 4 6 1 
402 0 2 7 3 
403 2 3 0 1 
404 2 7 5 6 4 1 0 
405 2 3 0 1 
406 0 6 7 1 
407 3 5 1 6 4 
408 7 3 1 0 
409 7 4 5 6 0 1 
410 4 6 5 7 2 1 3 
411 1 3 0 
412 4 6 0 1 
413 7 0 3 2 1 
414 2 6 1 3 
415 7 3 4 2 5 6 1 0 
416 3 6 5 4 0 1 
417 3 6 7 2 1 
418 7 4 6 5 1 0 
419 1 5 4 7 
420 3 4 7 5 0 1 
421 5 7 4 6 0 1 
422 6 3 7 2 1 
423 7 0 6 1 
424 3 2 7 
425 3 6 7 5 1 
426 6 3 2 7 1 0 
427 1 5 7 4 6 3 
428 1 3 2 0 
429 6 7 5 2 4 3 1 
430 6 4 7 5 1 3 
431 7 5 4 6 1 3 
432 7 6 5 2 1 
433 7 6 5 2 1 
434 6 7 3 1 0 
435 6 7 5 4 1 3 
436 0 6 2 7 5 1 3 
437 3 5 7 4 1 
438 0 1 4 5 2 3 
439 1 6 7 5 4 3 2 
440 3 6 7 2 1 
441 0 7 5 4 1 
442 1 4 7 5 0 
443 2 7 5 4 3 1 
444 3 4 7 5 6 1 
445 7 4 5 0 1 
446 6 5 0 7 4 1 
447 0 2 6 1 7 3 
448 3 4 2 6 5 0 1 
449 2 6 0 3 
450 7 3 1 0 
451 4 5 7 0 1 
452 0 6 5 2 1 
453 6 5 7 4 0 1 
454 2 6 5 3 
455 3 5 4 7 1 
456 7 4 5 2 1 3 
457 4 3 6 2 7 1 0 
458 2 4 6 5 0 1 3 
459 5 7 6 4 0 1 
460 3 0 2 1 
461 4 0 3 
462 1 4 5 6 0 
463 1 6 5 4 0 
464 1 6 7 
465 7 3 2 0 1 
466 6 7 5 2 4 3 1 
467 0 6 5 3 2 
468 3 6 5 7 4 1 
469 2 6 7 1 3 
470 6 5 7 4 0 
471 3 4 2 6 5 0 1 
472 6 2 1 7 3 0 
473 7 0 3 2 1 
474 0 2 7 3 
475 1 6 7 
476 0 3 2 1 
477 1 0 7 6 
478 2 6 7 5 3 1 
479 7 5 4 1 
480 3 7 5 2 4 1 
481 3 1 0 
482 7 6 3 1 0 
483 0 6 7 2 1 3 
484 6 5 4 0 1 
485 2 5 4 0 1 3 
486 1 5 7 2 6 4 3 
487 7 6 5 2 1 
488 1 4 2 6 5 0 3 
489 1 7 5 4 3 
490 1 3 2 0 
491 1 3 2 0 
492 1 4 5 2 3 
493 3 4 6 5 7 2 1 
494 6 1 4 5 0 2 3 
495 3 5 4 7 1 
496 7 4 5 0 1 
497 2 4 5 1 3 
498 6 7 4 5 0 1 
499 3 1 0 
500 6 4 5 3 
501 6 0 3 2 1 
502 0 3 6 
503 1 5 7 2 6 4 3 
504 3 6 7 5 4 1 
505 0 4 5 1 3 
506 1 4 5 2 3 
507 2 7 5 4 3 1 
508 2 3 6 0 
509 7 6 1 
510 6 3 1 2 0 
511 0 5 7 2 6 4 1 3 
512 3 7 4 5 6 0 1 
513 2 5 4 0 1 3 
514 7 6 2 5 1 3 
515 4 2 1 3 
516 0 1 4 5 2 3 
517 6 7 3 4 2 5 1 0 
518 2 7 5 4 1 
519 3 7 4 2 5 6 1 0 
520 7 2 6 1 3 0 
521 4 6 7 1 5 0 
522 2 6 7 1 
523 5 6 2 7 1 3 
524 2 4 5 6 1 
525 4 7 3 2 5 6 1 0 
526 0 7 5 4 1 
527 1 6 5 7 4 
528 1 7 4 5 6 0 
529 7 3 6 0 
530 7 5 6 4 0 
531 0 5 4 7 1 
532 3 2 1 
533 2 6 4 5 3 
534 6 7 5 4 1 0 
535 3 4 5 0 1 
536 6 3 1 2 0 
537 7 2 6 1 3 0 
538 0 2 1 3 
539 1 7 5 4 3 
540 0 2 1 3 
541 2 5 7 6 4 1 3 
542 2 6 1 7 3 0 
543 7 4 5 6 0 1 
544 3 2 1 
545 3 4 5 6 1 
546 7 4 5 2 1 3 
547 0 7 5 4 1 
548 6 4 5 1 
549 2 6 1 7 3 0 
550 1 6 7 5 3 
551 7 2 3 
552 1 4 5 3 
553 1 4 5 0 
554 1 6 5 4 0 
555 1 7 5 6 4 0 
556 1 4 7 5 0 
557 3 6 4 7 5 1 
558 6 2 1 3 
559 3 6 7 2 1 
560 7 4 5 6 1 3 
561 2 6 7 1 
562 6 4 5 1 3 
563 3 7 4 5 6 0 1 
564 6 4 5 0 1 
565 6 7 5 4 1 
566 0 1 4 5 2 3 
567 1 6 4 7 5 
568 3 7 5 2 4 1 
569 0 6 7 5 4 3 2 1 
570 1 6 2 3 
571 2 5 7 4 3 1 
572 2 7 3 4 5 6 1 0 
573 7 3 1 0 
574 6 7 5 4 3 2 1 
575 0 5 4 7 1 
576 3 6 7 1 
577 2 0 3 
578 7 4 5 1 3 
579 4 5 7 6 1 3 
580 0 7 3 4 2 5 6 1 
581 6 7 5 4 3 2 1 
582 2 6 7 5 1 3 
583 3 5 4 0 1 2 
584 7 6 0 1 
585 4 5 7 1 
586 2 3 1 0 
587 5 6 3 7 2 1 
588 2 5 7 6 4 0 
589 4 3 6 0 
590 1 2 5 4 3 
591 1 6 7 5 4 
592 1 4 2 6 5 0 3 
593 7 5 1 6 4 3 
594 6 7 4 5 0 1 
595 0 6 7 5 3 1 
596 3 7 6 5 4 0 1 
597 2 7 5 4 1 
598 6 5 4 0 1 2 3 
599 3 5 7 2 6 4 1 
600 6 4 5 1 3 
601 7 6 5 4 1 
602 0 2 6 3 
603 1 7 6 5 4 0 
604 0 6 5 3 2 
605 1 0 3 
606 2 7 5 4 3 1 
607 7 4 5 2 1 3 
608 3 5 7 4 1 
609 3 2 5 4 1 
610 7 6 4 5 1 
611 0 3 1 2 
612 7 4 5 2 1 3 
613 2 6 5 7 4 1 
614 0 2 5 4 3 1 
615 7 6 2 1 3 
616 1 6 7 5 4 0 
617 0 4 7 5 1 
618 0 2 6 3 
619 1 5 7 4 0 
620 1 6 5 4 0 
621 3 7 4 5 6 0 1 
622 6 4 7 5 1 
623 3 2 7 
624 7 5 4 1 3 
625 2 7 5 4 1 
626 6 4 2 5 0 1 3 
627 3 6 7 5 1 
628 6 3 1 0 
629 6 5 2 1 
630 0 7 4 5 6 1 
631 1 5 6 4 3 
632 3 5 4 0 1 2 
633 0 5 7 4 6 1 3 
634 1 6 7 3 0 
635 2 6 1 7 3 0 
636 2 5 4 3 1 
637 7 6 3 1 0 
638 6 7 5 4 0 1 
639 0 3 6 2 7 1 
640 3 4 6 5 7 2 1 
641 2 1 3 
642 7 6 3 1 0 
643 4 7 5 6 1 3 
644 0 6 7 1 
645 6 5 7 4 0 
646 2 4 7 5 6 1 3 
647 3 5 7 4 6 1 
648 7 6 5 3 1 
649 4 5 7 3 1 
650 2 7 4 5 6 0 1 
651 5 4 6 1 
652 2 7 3 
653 4 5 7 0 1 
654 1 6 7 0 
655 1 6 7 2 3 
656 1 6 2 7 5 3 
657 7 4 6 5 1 0 
658 4 5 6 0 1 
659 0 3 6 
660 3 6 5 4 0 1 
661 2 4 6 5 7 1 0 
662 6 4 5 1 3 
663 3 6 5 4 0 1 
664 5 2 1 3 
665 7 6 2 1 3 
666 0 3 2 1 
667 1 6 5 4 0 
668 0 6 2 7 5 1 3 
669 1 6 3 7 2 
670 2 6 5 3 
671 5 6 7 1 
672 3 6 7 1 
673 3 5 4 0 1 2 
674 6 2 1 3 
675 1 6 0 
676 4 6 7 1 
677 2 6 7 5 3 1 
678 1 4 2 6 5 0 3 
679 4 6 5 3 
680 1 0 3 2 
681 1 0 3 2 
682 1 3 2 0 
683 1 5 7 4 3 
684 0 7 5 4 1 3 
685 2 6 4 5 3 
686 4 7 5 6 1 3 
687 3 0 
688 4 6 7 5 1 
689 2 6 5 7 4 1 
690 5 7 4 0 1 
691 3 6 7 1 0 
692 6 4 5 1 3 
693 4 6 7 0 1 
694 0 7 3 4 2 5 6 1 
695 0 6 7 1 
696 3 7 6 5 4 0 1 
697 0 2 1 3 
698 0 3 6 
699 2 7 5 4 3 1 
700 2 1 3 
701 4 5 0 1 2 3 
702 6 4 5 0 1 
703 0 4 5 1 
704 3 6 0 
705 3 2 6 0 
706 7 4 6 5 1 0 
707 4 5 1 6 3 
708 0 5 6 7 4 1 
709 6 2 1 7 3 0 
710 2 1 3 
711 3 4 6 5 7 1 0 
712 5 7 4 6 0 1 
713 4 7 6 5 0 1 
714 2 4 5 0 1 
715 5 2 4 3 1 
716 2 4 5 1 3 
717 4 2 5 3 1 
718 0 6 7 2 1 3 
719 0 6 7 1 5 4 
720 0 4 5 1 3 
721 5 0 7 6 1 
722 4 5 7 2 6 1 3 
723 0 6 3 7 2 1 
724 3 7 4 5 6 0 1 
725 2 0 3 
726 6 4 5 7 2 1 3 
727 3 1 0 
728 5 6 2 7 1 3 
729 7 3 1 0 
730 0 6 5 4 1 
731 0 7 6 1 
732 0 4 5 6 1 
733 1 0 7 6 
734 2 6 3 7 1 
735 4 6 2 7 5 1 3 
736 3 7 4 2 5 6 1 0 
737 3 5 7 4 6 1 
738 7 5 2 6 4 1 3 
739 0 5 7 2 6 4 1 3 
740 4 6 7 2 1 3 
741 2 7 3 
742 0 6 5 4 1 
743 4 6 7 1 5 0 
744 0 6 7 2 1 3 
745 0 3 1 2 
746 0 7 6 1 
747 0 7 6 5 4 1 
748 0 6 7 1 
749 3 6 4 7 5 1 
750 4 6 7 5 1 
751 3 6 2 1 
752 4 6 7 2 1 3 
753 2 4 5 1 3 
754 5 3 1 0 
755 3 2 6 1 7 0 
756 4 7 5 6 1 0 
757 4 5 6 1 
758 0 5 7 4 3 1 
759 0 6 5 2 1 
760 3 1 4 5 0 2 
761 0 4 6 5 7 1 
762 0 3 1 
763 2 3 1 0 
764 2 1 3 
765 4 5 7 6 0 
766 6 7 3 4 2 5 1 0 
767 0 6 7 5 3 1 
768 3 7 5 4 1 
769 2 5 4 0 1 3 
770 5 6 2 1 
771 4 5 7 3 1 
772 0 6 7 3 1 
773 5 7 6 4 0 
774 1 6 7 
775 3 1 4 5 0 2 
776 5 7 4 0 1 
777 4 2 7 3 
778 1 5 7 4 3 
779 5 4 1 3 
780 2 5 7 6 4 0 
781 4 6 0 1 
782 0 6 7 1 
783 0 6 7 1 
784 2 3 1 0 
785 5 6 4 0 1 
786 5 6 2 1 3 
787 2 0 3 
788 2 7 3 
789 2 6 7 0 1 
790 5 6 7 1 4 0 
791 3 0 7 6 1 
792 5 6 0 1 
793 4 6 5 0 1 
794 3 6 4 5 
795 0 3 6 
796 0 5 7 6 4 
797 2 6 4 7 5 1 
798 2 6 7 1 3 
799 4 6 5 7 1 
800 3 6 7 5 4 2 1 
801 0 7 5 6 4 1 
802 4 6 7 1 5 0 
803 3 7 4 5 6 0 1 
804 4 1 5 0 2 3 
805 0 7 5 4 1 
806 0 3 1 
807 4 6 5 3 2 
808 2 4 6 5 7 1 0 
809 3 6 5 4 0 1 
810 0 4 6 5 7 1 
811 0 6 7 5 4 1 
812 3 6 5 2 1 
813 3 2 0 1 
814 4 0 3 2 1 
815 1 0 7 6 
816 4 2 6 5 0 1 3 
817 5 3 6 0 
818 5 6 0 1 
819 4 6 5 3 2 
820 4 5 0 6 7 1 
821 4 5 1 6 3 
822 5 4 6 0 1 
823 5 4 7 0 1 
824 4 6 5 3 2 
825 7 6 5 2 1 
826 6 5 4 0 1 
827 4 3 6 0 
828 4 6 7 2 1 3 
829 4 5 7 6 0 
830 6 7 4 5 0 1 
831 5 2 6 0 3 
832 5 3 6 2 7 1 0 
833 6 7 4 5 0 1 
834 5 3 2 0 1 
835 4 2 6 0 3 
836 4 3 6 2 7 1 0 
837 5 6 2 7 1 3 
838 5 6 7 4 1 
839 4 6 7 1 5 0 
840 5 0 3 2 1 
841 4 6 7 5 1 
842 5 4 6 7 2 1 3 
843 5 4 7 6 1 3 
844 5 7 4 0 1 
845 4 6 3 7 2 1 
846 4 1 5 0 2 3 
847 5 6 4 3 
848 5 1 6 4 3 
849 5 0 3 
850 4 6 7 2 1 3 
851 5 0 3 
852 4 5 0 6 7 1 
853 5 6 2 1 
854 5 3 1 0 
855 4 7 5 1 
856 5 7 4 1 
857 4 3 1 0 
858 4 7 5 1 3 
859 4 6 5 0 1 
860 5 6 3 7 2 1 
861 5 6 7 4 1 
862 5 7 4 0 1 
863 4 0 3 2 1 
864 4 5 7 6 1 3 
865 5 3 1 0 
866 4 5 7 2 6 1 3 
867 4 6 5 0 1 
868 5 0 6 7 4 1 
869 5 6 4 0 1 
870 5 7 3 4 2 6 1 0 
871 5 4 7 1 
872 4 5 7 3 1 
873 5 4 0 1 
874 4 6 7 2 1 3 
875 4 6 7 1 5 0 
876 5 0 6 7 4 1 
877 4 5 7 1 
878 6 5 4 0 1 2 3 
879 7 4 5 6 0 1 
880 7 4 5 6 0 1 
881 7 5 4 1 
882 5 6 7 2 1 3 
883 4 5 7 2 6 1 3 
884 5 4 6 0 1 
885 6 4 7 5 1 
886 7 4 6 5 1 0 
887 7 6 5 4 1 
888 7 5 4 0 1 
889 5 2 1 3 
890 7 3 4 2 5 6 1 0 
891 5 6 3 2 
892 5 6 0 1 
893 7 5 1 6 4 3 
894 6 2 1 3 
895 5 3 6 2 7 1 0 
896 5 2 6 0 3 
897 7 4 6 5 1 0 
898 5 7 3 4 2 6 1 0 
899 4 7 5 1 
900 4 6 5 0 1 
901 5 6 7 4 1 
902 7 5 6 4 0 
903 4 7 5 6 0 1 
904 7 6 2 1 3 
905 5 6 0 1 
906 5 4 2 6 0 1 3 
907 5 6 4 0 1 
908 6 4 7 5 0 1 
909 4 2 1 3 
910 6 4 5 7 1 0 
911 5 7 4 6 0 1 
912 5 7 4 6 1 3 
913 6 5 7 2 4 1 3 
914 7 5 6 4 0 
915 5 4 6 0 1 
916 4 7 5 6 1 0 
917 7 6 2 1 3 
918 5 0 3 2 1 
919 4 5 0 1 
920 6 7 2 1 3 
921 4 0 7 6 1 
922 4 7 5 1 3 
923 5 1 4 0 2 3 
924 4 6 7 1 5 0 
925 6 5 4 0 1 
926 5 4 2 1 3 
927 7 4 6 5 2 1 3 
928 4 6 7 5 3 2 1 
929 5 6 2 1 3 
930 7 4 5 6 0 1 
931 7 2 3 
932 6 4 5 7 2 1 3 
933 5 3 6 0 
934 6 2 1 7 3 0 
935 7 6 2 1 3 
936 4 3 6 2 7 1 0 
937 5 0 6 7 4 1 
938 6 4 5 3 
939 6 4 5 1 
940 5 6 4 0 1 
941 7 5 4 0 1 2 3 
942 6 5 7 4 1 3 
943 4 6 7 5 1 
944 7 6 1 
945 7 0 3 
946 6 2 1 3 
947 6 4 5 0 1 
948 6 7 5 4 1 0 
949 6 4 7 5 1 3 
950 7 3 1 0 
951 4 5 2 1 3 
952 7 6 5 4 3 2 1 
953 7 6 2 1 3 
954 7 6 0 1 
955 4 5 7 3 1 
956 4 5 1 6 3 
957 7 6 0 1 
958 6 4 7 5 1 3 
959 5 0 3 2 1 
960 5 6 7 4 1 
961 6 0 1 
962 7 4 6 5 1 0 
963 5 6 7 1 4 0 
964 7 3 6 0 
965 6 4 2 5 0 1 3 
966 7 5 4 1 
967 4 6 7 3 1 0 
968 7 4 6 5 2 1 3 
969 4 7 5 2 3 1 
970 7 6 4 5 3 
971 5 7 6 4 0 
972 6 4 5 0 1 
973 4 6 5 0 1 
974 4 3 1 0 
975 5 7 4 6 0 1 
976 5 4 6 0 1 
977 5 4 2 6 0 1 3 
978 4 6 5 7 1 
979 5 2 7 3 
980 4 7 5 6 0 1 
981 5 6 7 3 1 
982 6 0 1 
983 4 2 1 3 
984 5 6 2 1 3 
985 7 5 6 4 1 0 
986 4 3 1 0 
987 5 6 7 0 1 
988 5 7 6 4 1 0 
989 5 4 7 0 1 
990 5 7 4 1 3 
991 5 6 3 2 
992 5 7 2 6 4 1 3 
993 5 4 0 1 2 3 
994 7 6 5 4 1 
995 5 7 4 0 1 
996 5 3 1 0 
997 5 4 1 3 
998 5 6 2 1 3 
999 5 3 6 2 7 1 0 
1000 5 2 7 3 
1001 5 6 4 7 1 
1002 6 5 4 0 1 2 3 
1003 6 0 3 
1004 5 6 7 4 1 
1005 6 7 5 4 0 1 
1006 6 5 7 4 1 3 
1007 7 4 6 5 1 0 
1008 7 6 2 1 3 
1009 7 6 4 5 3 
1010 6 7 4 5 0 1 
1011 6 0 7 1 
1012 6 2 1 7 3 0 
1013 6 7 1 
1014 7 3 1 2 0 
1015 7 4 2 6 5 0 1 3 
1016 7 3 6 2 1 0 
1017 7 6 5 4 3 2 1 
1018 7 4 6 5 2 1 3 
1019 5 4 6 7 2 1 3 
1020 5 1 6 4 3 
1021 7 5 4 1 3 
1022 6 7 5 4 1 
1023 5 4 6 1 
