0 2 3 5 4 1 6 
1 0 1 4 5 
2 1 5 4 6 
3 6 2 1 0 3 7 
4 0 5 4 3 7 2 
5 7 6 3 4 5 
6 1 3 0 2 7 
7 4 2 1 0 3 6 
8 6 3 7 4 
9 0 6 3 4 5 
10 0 1 2 4 3 5 
11 0 1 2 3 5 
12 6 2 7 3 1 0 
13 4 2 5 0 3 6 1 
14 1 2 0 3 6 7 
15 6 1 4 0 7 
16 6 1 4 0 7 
17 7 5 4 3 2 
18 5 7 1 6 
19 7 1 0 2 6 
20 3 6 5 7 
21 2 1 0 6 
22 4 7 1 2 6 
23 1 0 4 5 
24 7 1 6 5 
25 5 4 7 6 1 
26 2 0 3 5 4 6 
27 1 2 0 3 5 4 6 
28 1 4 6 5 
29 5 4 3 6 2 0 
30 5 0 4 1 
31 2 1 0 6 
32 1 0 7 6 
33 5 0 6 1 7 
34 7 2 3 0 5 1 
35 1 6 7 4 
36 4 5 7 6 
37 7 5 1 0 6 
38 7 2 3 0 1 6 
39 1 3 5 2 7 
40 2 0 6 7 
41 6 7 1 3 5 
42 5 1 4 
43 5 1 0 7 6 
44 6 1 0 
45 4 0 3 2 6 5 
46 4 3 1 5 2 7 
47 0 3 2 6 4 5 
48 3 2 0 1 
49 4 6 3 5 
50 6 2 1 0 3 
51 1 4 2 5 7 
52 7 6 1 5 0 4 2 
53 5 2 1 7 0 3 6 
54 6 0 1 4 2 3 5 
55 7 2 3 0 5 1 
56 6 2 1 3 5 
57 3 4 0 7 1 6 5 
58 0 4 7 5 6 
59 6 2 1 7 3 
60 4 2 0 1 
61 3 7 1 6 5 
62 7 5 1 4 
63 2 5 4 1 6 
64 0 5 4 1 6 
65 0 2 1 7 3 6 
66 1 6 5 0 4 7 2 
67 6 1 4 5 
68 0 2 1 7 5 3 6 
69 5 0 6 2 7 
70 1 2 3 0 7 6 
71 4 7 1 2 6 
72 6 7 1 3 5 
73 0 1 7 2 6 
74 0 1 4 2 3 5 
75 0 6 1 5 4 7 2 
76 7 2 3 0 1 6 
77 4 3 1 5 2 7 
78 1 4 2 5 7 
79 6 2 1 0 
80 6 2 0 3 1 7 
81 7 2 3 0 1 6 
82 5 3 2 6 1 4 7 
83 7 2 3 0 5 1 
84 3 2 0 1 7 6 
85 2 1 4 7 
86 4 1 0 6 
87 1 2 5 3 4 6 
88 6 7 1 5 
89 5 1 2 7 3 6 
90 2 1 4 5 
91 1 0 7 2 6 
92 0 2 7 3 5 1 
93 5 6 7 
94 5 4 6 1 
95 2 1 0 6 
96 0 2 6 1 7 5 
97 5 0 3 2 6 4 
98 7 2 3 0 5 1 
99 1 0 6 5 7 
100 4 2 1 7 3 6 
101 7 2 1 3 6 5 
102 7 6 5 
103 1 4 7 6 5 
104 2 4 6 1 5 
105 6 0 1 4 2 3 5 
106 5 1 3 0 2 7 
107 5 4 6 1 
108 6 0 1 4 2 3 5 
109 4 6 5 7 
110 6 2 1 5 3 0 
111 0 2 1 3 7 6 
112 3 2 4 5 0 6 1 
113 4 2 7 3 1 0 6 
114 6 2 1 0 3 7 
115 1 4 6 3 5 
116 7 2 1 3 6 4 
117 5 4 7 6 
118 6 7 1 2 
119 7 6 1 5 0 4 2 
120 6 2 1 3 5 
121 3 4 6 2 0 5 
122 0 6 5 7 
123 6 2 1 3 5 
124 4 5 1 6 
125 3 4 7 5 6 
126 7 6 1 3 5 
127 2 3 1 5 4 
128 0 2 7 4 5 
129 0 4 1 2 5 7 
130 1 3 5 2 4 
131 6 7 1 5 
132 0 2 4 5 3 6 1 
133 6 1 5 0 4 7 2 
134 1 2 3 0 7 6 
135 4 2 0 3 5 6 
136 7 1 4 5 
137 0 2 1 3 5 4 6 
138 0 1 2 3 4 5 
139 0 1 2 3 5 
140 7 1 2 4 3 5 
141 4 5 1 
142 1 4 6 3 5 
143 6 0 2 1 7 5 
144 6 5 4 7 
145 6 3 5 4 1 
146 5 6 3 4 
147 7 4 6 1 5 
148 3 2 0 1 
149 2 0 1 3 5 4 6 
150 4 2 1 
151 1 6 3 7 4 
152 6 4 7 5 
153 5 1 6 4 0 7 
154 2 0 3 6 1 5 7 
155 1 0 3 2 6 4 5 
156 1 7 6 3 5 
157 5 1 0 2 3 
158 5 4 0 7 1 6 
159 2 0 6 5 1 7 
160 1 0 7 6 
161 5 1 6 4 0 7 
162 7 0 6 2 
163 1 7 2 6 
164 4 7 6 1 5 
165 7 1 2 5 3 4 6 
166 7 5 1 0 6 
167 1 2 0 6 
168 2 3 1 5 4 
169 6 2 1 0 3 
170 5 2 0 1 3 4 6 
171 5 2 0 3 4 6 
172 6 3 2 5 1 4 7 
173 4 7 1 6 5 
174 6 2 0 1 3 5 4 
175 0 3 2 6 4 5 
176 3 2 1 7 6 
177 4 1 2 6 3 7 
178 6 3 7 4 
179 1 2 0 3 5 4 6 
180 7 2 1 3 6 5 
181 5 0 2 7 4 
182 6 2 0 1 3 5 4 
183 7 3 2 5 6 1 4 
184 6 2 7 3 1 0 
185 3 2 4 5 0 6 1 
186 0 2 4 5 3 6 1 
187 6 4 2 1 
188 4 2 1 0 3 6 
189 3 2 1 6 5 
190 7 2 1 5 3 0 6 
191 2 0 6 7 
192 0 1 6 
193 0 2 1 5 3 6 
194 1 2 0 3 6 
195 6 2 0 3 1 7 
196 0 1 6 
197 7 2 3 0 5 1 
198 1 3 2 5 6 4 7 
199 4 1 2 5 3 6 
200 6 3 1 5 2 7 
201 0 6 7 4 
202 0 2 1 
203 0 2 1 6 
204 7 4 0 1 6 5 
205 4 1 5 
206 1 6 3 4 5 
207 6 2 0 3 1 5 7 
208 6 3 4 5 
209 7 0 2 6 1 5 
210 5 0 6 2 7 
211 7 2 3 0 5 1 
212 3 2 1 0 6 
213 2 1 0 7 6 
214 4 5 3 7 2 
215 1 2 3 6 4 
216 7 1 0 6 
217 5 3 4 1 6 
218 2 1 3 4 5 
219 1 0 2 7 4 5 
220 1 6 4 0 7 
221 4 2 0 3 6 1 5 7 
222 5 2 3 0 1 7 6 
223 2 1 7 3 6 
224 1 2 3 0 7 6 
225 5 7 1 6 
226 7 6 1 5 0 4 2 
227 1 6 5 7 
228 4 1 2 7 3 6 
229 7 6 5 
230 4 7 1 2 6 
231 0 2 7 3 1 6 
232 2 1 0 7 6 
233 6 2 0 3 5 4 
234 5 0 6 2 7 
235 5 1 0 7 6 
236 6 4 3 5 
237 4 7 1 2 6 
238 6 4 7 5 
239 0 4 1 5 
240 3 1 2 7 6 
241 4 6 3 5 
242 4 1 2 7 3 6 
243 0 7 1 2 6 
244 6 2 7 3 1 0 
245 5 2 3 0 1 7 6 
246 6 2 4 5 0 3 1 
247 6 0 4 1 5 
248 7 4 5 6 
249 2 5 7 1 0 6 
250 0 2 3 6 1 5 7 
251 6 0 5 1 7 
252 4 5 7 6 
253 3 5 4 1 6 
254 7 3 5 4 1 6 
255 2 1 3 0 7 
256 0 1 3 2 7 
257 0 2 1 
258 1 6 5 0 4 7 2 
259 7 4 1 2 5 
260 0 5 1 4 
261 7 1 0 6 
262 1 2 0 
263 4 7 1 6 5 
264 5 1 0 7 6 
265 0 4 1 2 5 7 
266 0 2 1 3 6 
267 0 7 6 1 3 5 
268 7 1 4 2 
269 4 2 0 3 6 1 7 
270 0 5 7 1 6 
271 6 2 1 7 0 5 3 
272 6 5 4 7 
273 5 4 1 2 7 
274 5 2 7 3 0 1 
275 7 2 1 3 6 5 
276 3 2 1 0 7 6 
277 2 6 5 7 
278 4 7 5 6 
279 1 2 0 6 
280 7 2 0 3 6 1 
281 5 2 3 0 1 7 6 
282 3 7 6 1 5 
283 1 7 2 6 
284 1 2 4 3 5 
285 5 2 1 3 6 4 
286 5 3 1 6 
287 2 6 7 4 
288 1 0 4 2 3 5 
289 4 1 2 3 5 
290 7 2 3 0 5 1 
291 1 2 3 0 7 6 
292 4 0 2 6 1 7 5 
293 6 2 0 1 
294 7 4 2 1 
295 1 2 0 3 5 4 6 
296 3 1 2 4 5 
297 7 4 6 1 5 
298 5 1 2 3 4 
299 5 4 0 7 1 6 
300 6 2 1 0 
301 4 2 0 3 5 6 
302 6 4 3 2 0 5 
303 0 5 4 7 6 
304 3 4 7 5 6 
305 4 5 7 1 0 6 
306 7 6 4 
307 1 4 2 
308 7 2 1 0 6 
309 5 3 1 2 7 
310 4 0 3 2 6 5 
311 7 3 2 5 6 1 4 
312 6 3 1 5 2 4 
313 3 2 1 6 5 
314 0 1 4 2 3 5 
315 6 7 1 5 
316 4 0 2 6 1 7 5 
317 3 6 7 4 
318 5 1 3 0 2 7 
319 2 4 3 6 0 5 
320 0 7 6 1 3 5 
321 0 6 5 1 7 
322 1 2 0 3 6 7 
323 6 3 1 5 2 7 
324 0 2 3 6 1 5 7 
325 7 3 5 1 6 
326 1 0 3 2 6 4 5 
327 4 3 5 1 6 
328 6 0 3 2 4 5 
329 0 1 6 
330 0 4 1 2 5 7 
331 0 3 2 5 6 1 4 7 
332 5 1 0 7 6 
333 4 1 0 7 6 
334 1 5 7 0 6 
335 7 1 0 6 
336 6 1 4 0 7 
337 7 3 2 5 6 1 4 
338 5 3 4 1 6 
339 5 1 6 4 0 7 
340 3 1 4 2 7 
341 2 5 4 3 7 
342 4 5 1 
343 0 1 2 6 3 7 
344 7 4 0 1 6 5 
345 5 4 1 2 7 
346 2 1 3 4 5 
347 1 3 5 2 4 
348 1 5 4 7 6 
349 5 0 2 7 4 
350 5 4 6 1 
351 3 0 2 7 4 5 
352 1 3 5 2 4 
353 5 3 1 2 7 
354 6 5 4 3 7 2 
355 1 0 2 7 4 5 
356 4 5 1 6 
357 7 4 0 1 6 5 
358 7 1 4 2 
359 1 5 4 6 
360 2 7 3 1 0 6 
361 4 2 1 3 6 
362 5 7 1 0 6 
363 3 6 7 4 
364 0 2 7 3 5 1 
365 4 5 3 7 2 
366 6 0 5 1 7 
367 0 1 7 6 
368 3 5 1 6 
369 4 2 1 7 0 5 3 6 
370 6 2 1 7 0 5 3 
371 1 6 3 4 5 
372 5 4 6 3 
373 5 3 1 2 4 
374 6 1 5 0 4 7 2 
375 7 4 0 1 6 5 
376 5 0 4 1 
377 3 0 4 1 5 
378 0 2 1 7 5 3 6 
379 6 2 1 3 5 
380 4 1 3 0 2 7 
381 3 2 1 5 0 6 
382 7 2 3 1 0 6 
383 2 3 5 1 6 
384 0 1 2 7 3 6 
385 0 2 1 5 3 6 
386 1 0 2 3 5 
387 6 0 1 4 2 3 5 
388 0 1 4 2 7 
389 7 5 1 4 
390 1 2 0 3 5 4 6 
391 5 3 1 2 7 
392 6 3 7 4 
393 0 1 2 6 3 7 
394 0 5 1 4 
395 0 5 4 1 6 
396 7 2 1 3 6 
397 4 2 1 3 6 5 
398 1 3 5 6 
399 6 0 5 1 7 
400 6 3 7 4 
401 7 6 4 
402 4 6 3 5 
403 7 1 0 2 3 5 
404 3 2 0 1 5 4 6 
405 3 2 0 6 1 5 7 
406 4 5 7 6 
407 1 2 0 3 6 5 7 
408 4 2 1 0 3 7 6 
409 5 4 1 6 
410 2 0 6 1 7 5 
411 0 2 6 1 7 5 
412 1 5 4 6 
413 5 4 6 3 
414 5 7 1 2 6 
415 2 0 6 5 1 7 
416 1 0 7 6 
417 5 1 0 2 3 
418 7 4 2 1 
419 0 2 1 3 7 6 
420 7 6 3 4 
421 7 2 1 0 6 
422 7 3 1 5 2 4 
423 1 4 2 
424 2 1 4 3 5 
425 6 1 0 7 
426 5 2 1 0 3 7 6 
427 5 4 7 6 
428 6 1 0 7 
429 4 3 5 1 6 
430 6 5 7 
431 0 1 7 6 
432 3 4 0 7 1 6 5 
433 4 5 7 6 
434 7 6 4 
435 1 2 0 3 5 4 6 
436 7 1 2 3 6 
437 5 1 2 4 3 
438 7 1 2 5 3 4 6 
439 5 1 6 4 0 7 
440 6 3 4 5 
441 3 2 0 6 1 7 
442 0 1 2 5 3 4 6 
443 6 3 5 1 
444 4 2 5 0 3 6 1 
445 3 0 6 2 7 
446 7 2 1 3 6 
447 2 3 5 4 1 6 
448 0 5 7 1 6 
449 0 1 2 4 3 5 
450 1 4 2 5 7 
451 5 2 1 3 6 
452 0 4 7 6 1 5 
453 7 2 0 3 6 1 
454 0 2 1 5 3 6 
455 4 0 2 7 5 
456 6 2 1 7 3 
457 0 3 1 5 2 4 
458 0 6 2 7 
459 0 2 1 
460 7 0 6 5 1 
461 4 1 2 3 5 
462 1 2 7 3 0 6 
463 6 2 1 0 3 
464 6 2 1 3 4 
465 7 1 2 6 3 
466 5 4 7 6 1 
467 7 2 1 3 6 
468 3 1 2 4 5 
469 2 1 6 3 7 
470 4 1 2 3 5 
471 1 2 7 3 0 5 
472 7 3 5 1 6 
473 5 3 1 2 4 
474 2 1 4 7 
475 1 5 4 6 
476 1 2 0 3 6 5 7 
477 5 4 2 1 
478 5 4 7 6 
479 2 0 7 4 5 
480 1 2 0 3 6 7 
481 5 3 1 2 7 
482 7 6 1 3 5 
483 1 2 0 3 7 6 
484 4 0 3 2 6 5 
485 7 3 1 5 2 
486 7 1 6 4 0 
487 1 2 0 3 6 7 
488 2 0 7 4 5 
489 6 4 3 5 
490 5 4 6 3 
491 5 2 1 0 6 
492 7 3 1 5 2 
493 4 1 0 7 6 
494 6 0 3 2 4 5 
495 0 2 3 5 4 6 
496 3 6 7 4 
497 4 3 6 2 0 5 
498 6 3 1 5 2 4 
499 1 0 2 6 7 5 
500 7 2 1 3 6 
501 5 1 2 3 4 
502 6 4 7 1 5 
503 7 1 4 2 
504 6 4 7 1 5 
505 3 1 2 5 4 6 
506 0 1 4 2 7 
507 6 0 3 2 4 5 
508 4 7 6 1 3 5 
509 3 6 1 5 0 4 7 2 
510 7 2 1 0 3 6 
511 2 1 6 4 0 7 
512 0 1 7 6 
513 0 1 6 4 7 
514 1 5 7 0 6 
515 6 5 1 4 
516 0 2 4 5 3 6 1 
517 7 2 3 0 1 6 
518 1 5 7 0 6 
519 4 2 0 3 5 6 
520 6 1 5 0 4 7 2 
521 0 1 4 2 3 5 
522 0 2 1 3 6 4 
523 0 1 2 5 3 4 6 
524 7 1 2 6 3 
525 4 7 6 1 5 
526 1 0 6 2 7 
527 6 4 7 1 5 
528 6 0 2 7 
529 7 6 1 5 0 4 2 
530 5 4 1 2 7 
531 7 3 5 1 6 
532 3 2 1 7 6 
533 2 7 3 1 0 6 
534 4 5 1 6 
535 1 6 7 4 
536 7 6 1 5 0 4 2 
537 5 2 4 0 3 6 1 
538 2 1 3 4 5 
539 1 4 3 6 2 0 5 
540 1 0 7 2 6 
541 5 6 7 4 
542 5 1 0 6 
543 2 0 7 4 5 
544 1 4 2 
545 5 2 1 0 6 
546 7 1 0 2 3 5 
547 1 2 0 3 5 4 6 
548 4 2 1 3 6 
549 7 2 1 3 6 4 
550 7 0 3 2 6 4 5 
551 1 4 2 5 7 
552 2 1 3 4 5 
553 6 4 0 7 1 5 
554 5 2 0 1 3 4 6 
555 5 2 1 3 0 6 
556 6 0 4 1 5 
557 4 3 5 1 6 
558 6 2 0 1 3 5 4 
559 0 2 1 
560 3 2 5 6 1 4 7 
561 4 0 6 5 1 7 
562 6 2 4 5 0 3 1 
563 1 2 5 3 0 6 
564 7 3 1 5 2 
565 5 2 0 3 6 1 7 
566 6 1 2 3 7 
567 7 1 0 6 
568 6 1 2 7 3 
569 3 1 4 2 7 
570 0 2 7 3 1 6 
571 6 2 0 1 
572 4 3 6 2 0 5 
573 3 7 1 2 6 
574 6 3 4 5 
575 2 0 3 6 1 5 7 
576 0 2 1 6 
577 0 2 1 
578 1 0 4 5 
579 6 1 3 0 2 7 
580 0 1 7 6 
581 7 2 3 0 5 1 
582 1 4 2 7 
583 4 1 2 6 3 7 
584 6 1 2 5 3 4 
585 0 2 3 1 7 6 
586 0 1 3 2 7 
587 0 1 7 2 6 
588 7 4 6 1 5 
589 4 7 6 1 5 
590 1 2 4 3 5 
591 6 3 4 5 
592 6 0 2 7 
593 7 6 1 3 5 
594 5 2 1 7 3 6 
595 7 1 0 2 6 
596 3 2 7 0 5 1 
597 2 0 1 4 3 5 
598 4 5 7 6 
599 1 2 7 3 0 6 
600 7 0 2 6 1 5 
601 5 6 7 4 
602 2 1 0 3 6 
603 1 5 4 
604 1 0 2 6 7 5 
605 5 3 2 6 1 4 7 
606 5 7 1 2 6 
607 2 6 5 7 
608 1 2 3 6 4 
609 5 4 3 7 2 
610 7 2 4 5 0 3 6 1 
611 1 2 7 3 6 
612 4 1 0 7 6 
613 7 2 3 0 1 6 
614 7 2 3 0 1 6 
615 1 2 5 3 0 6 
616 2 6 3 7 4 
617 6 1 0 7 
618 5 0 4 1 
619 5 4 0 7 1 6 
620 6 4 0 7 1 5 
621 4 2 0 1 3 5 6 
622 6 7 1 2 
623 0 1 2 4 3 5 
624 3 4 6 5 
625 4 2 1 0 3 6 
626 6 3 1 5 2 4 
627 1 2 7 3 0 6 
628 7 0 1 4 2 3 5 
629 5 0 4 1 
630 6 5 4 1 
631 7 6 4 
632 6 1 0 
633 3 2 0 6 1 7 
634 0 3 5 4 1 6 
635 7 6 1 5 0 4 2 
636 4 3 6 2 0 5 
637 3 5 4 1 6 
638 7 1 0 6 
639 2 0 1 4 3 5 
640 0 1 2 3 4 5 
641 0 6 2 7 
642 1 2 3 6 5 
643 6 1 0 
644 0 4 7 1 6 5 
645 7 5 4 3 2 
646 1 2 0 3 6 
647 4 2 0 3 6 1 5 7 
648 6 4 2 1 
649 0 4 6 1 5 
650 0 6 5 1 7 
651 0 4 3 6 2 5 
652 7 0 2 6 1 5 
653 4 0 2 7 5 
654 1 5 4 
655 6 3 5 4 1 
656 7 3 5 4 1 6 
657 7 4 3 6 2 0 5 
658 5 1 0 7 2 6 
659 6 5 7 1 0 
660 3 1 2 7 6 
661 2 3 1 5 4 
662 4 1 5 
663 1 5 7 0 6 
664 7 0 2 4 5 
665 5 4 0 7 1 6 
666 2 4 7 6 1 5 
667 3 0 6 5 1 7 
668 3 6 7 4 
669 5 4 3 7 2 
670 5 4 7 6 
671 2 0 3 6 4 5 
672 2 1 4 3 5 
673 5 4 7 6 1 
674 7 2 0 1 3 5 4 6 
675 1 2 3 4 5 
676 4 5 1 
677 7 2 1 3 6 4 
678 7 1 2 5 3 4 6 
679 2 1 3 0 7 
680 2 7 1 6 5 
681 6 5 1 4 
682 5 1 0 7 6 
683 5 1 2 7 3 6 
684 6 2 1 7 0 5 3 
685 4 1 2 7 3 6 
686 7 4 6 1 5 
687 2 4 3 6 0 5 
688 3 0 2 6 4 5 
689 4 1 5 
690 6 7 1 2 
691 3 7 6 1 5 
692 7 6 3 4 5 
693 5 4 7 6 
694 6 5 7 
695 7 2 0 3 6 1 
696 6 1 0 7 2 
697 3 1 0 2 5 
698 3 4 2 1 
699 6 5 7 
700 4 1 0 6 
701 3 2 7 1 0 6 
702 6 2 0 3 1 5 7 
703 3 1 4 5 
704 2 7 1 6 5 
705 0 2 7 3 5 1 
706 1 3 5 2 7 
707 6 2 1 3 5 
708 0 1 2 6 3 7 
709 7 1 2 3 6 
710 1 7 6 3 5 
711 4 6 1 5 
712 6 2 0 3 5 4 
713 3 2 0 6 1 5 7 
714 3 4 6 1 5 
715 3 1 0 7 2 6 
716 7 3 2 5 6 1 4 
717 4 1 5 
718 1 3 5 6 
719 6 5 4 3 7 2 
720 7 3 5 1 6 
721 7 1 4 5 
722 5 1 6 4 0 7 
723 7 2 1 0 5 3 6 
724 3 0 1 4 2 5 
725 2 4 1 5 7 
726 4 5 3 7 2 
727 3 0 2 6 1 7 5 
728 7 3 1 5 2 
729 5 2 1 7 0 3 6 
730 2 1 7 3 6 
731 3 2 1 5 0 6 
732 3 4 6 5 
733 5 1 0 7 6 
734 5 0 1 4 2 3 
735 2 7 3 0 5 1 
736 3 1 4 2 7 
737 5 3 1 6 
738 7 2 1 0 5 3 6 
739 1 5 4 
740 4 0 1 2 3 5 
741 7 1 4 2 
742 6 1 2 5 3 4 
743 3 5 1 4 
744 2 1 3 6 4 
745 6 4 1 5 
746 5 1 0 2 3 
747 5 2 1 0 6 
748 6 5 4 1 
749 4 0 1 5 
750 6 1 0 
751 2 1 0 3 7 6 
752 3 2 0 6 1 7 
753 4 6 3 5 
754 6 7 4 
755 3 5 4 1 6 
756 7 1 2 6 3 
757 5 1 0 2 3 
758 6 5 7 1 0 
759 7 0 4 1 5 
760 6 7 1 2 
761 3 1 2 4 5 
762 3 2 4 5 0 6 1 
763 6 2 0 3 1 7 
764 4 1 2 6 3 7 
765 3 2 1 5 0 6 
766 7 1 0 2 6 
767 2 3 5 1 6 
768 2 6 7 4 
769 0 4 7 5 6 
770 1 5 4 
771 6 2 1 3 4 
772 0 1 2 7 3 6 
773 7 5 4 6 
774 1 2 3 4 5 
775 4 6 3 7 
776 6 1 0 7 
777 3 4 6 1 5 
778 3 1 4 5 
779 3 1 2 5 4 6 
780 7 1 0 6 
781 4 2 0 1 3 5 6 
782 1 0 4 5 
783 6 1 2 3 7 
784 6 4 7 5 
785 7 1 0 2 6 
786 5 6 7 
787 7 2 1 0 3 6 
788 3 2 5 6 1 4 7 
789 2 0 1 3 5 4 6 
790 4 3 6 2 0 5 
791 3 2 1 5 0 6 
792 4 5 7 6 
793 5 1 2 3 4 
794 2 7 6 1 3 5 
795 3 2 0 6 1 7 
796 3 5 1 4 
797 5 0 6 1 7 
798 5 0 3 2 6 4 
799 2 1 0 3 5 
800 2 4 1 5 7 
801 5 2 1 7 0 3 6 
802 5 4 6 3 
803 1 2 5 3 4 6 
804 4 0 2 7 5 
805 5 2 4 0 3 6 1 
806 4 0 6 2 7 
807 3 1 4 5 
808 2 1 0 7 6 
809 4 2 1 3 6 
810 5 2 1 7 0 3 6 
811 5 7 1 6 
812 4 6 1 5 
813 4 3 2 5 6 1 7 
814 4 6 3 5 
815 2 1 7 3 6 
816 3 1 2 6 7 
817 4 1 0 6 
818 4 1 2 7 
819 3 4 1 2 5 7 
820 5 1 3 0 2 7 
821 5 1 0 7 6 
822 4 5 3 7 2 
823 4 7 5 6 
824 4 1 0 7 6 
825 3 2 1 0 6 
826 3 5 4 1 6 
827 4 2 1 7 0 5 3 6 
828 4 1 2 5 3 6 
829 3 7 6 1 5 
830 5 2 1 3 6 
831 2 0 4 1 5 
832 2 6 3 4 5 
833 0 1 2 7 3 6 
834 1 6 3 7 4 
835 5 1 2 4 3 
836 0 6 1 5 4 7 2 
837 5 6 3 4 
838 1 3 2 5 6 4 7 
839 4 7 5 6 
840 5 7 1 0 6 
841 2 7 6 1 3 5 
842 3 2 7 1 0 6 
843 3 4 6 5 
844 5 2 1 0 3 6 
845 2 1 7 3 6 
846 1 3 0 2 7 
847 3 1 2 4 5 
848 1 2 5 3 0 6 
849 0 4 7 1 6 5 
850 0 4 1 5 
851 2 1 4 3 5 
852 3 6 7 4 
853 2 0 6 7 
854 3 1 0 2 5 
855 3 1 6 4 0 7 
856 3 4 2 1 
857 3 7 1 6 5 
858 2 0 7 4 5 
859 3 4 6 5 
860 2 5 4 3 7 
861 3 7 1 6 5 
862 1 4 7 6 5 
863 2 4 3 6 0 5 
864 2 0 3 5 4 6 
865 0 4 1 2 5 7 
866 2 0 6 7 
867 1 5 7 0 6 
868 2 4 1 
869 1 2 0 3 6 7 
870 0 7 6 1 3 5 
871 3 2 1 6 4 
872 2 0 1 
873 2 1 4 7 
874 2 0 6 5 1 7 
875 3 0 6 2 7 
876 2 4 1 5 7 
877 2 0 1 
878 2 1 0 7 6 
879 3 2 1 0 7 6 
880 3 4 2 1 
881 2 1 4 5 
882 3 4 6 5 
883 2 0 7 4 5 
884 2 0 6 1 7 5 
885 3 4 6 1 5 
886 2 6 1 5 0 4 7 
887 3 6 7 4 
888 2 0 6 5 1 7 
889 3 5 1 6 
890 2 0 1 
891 3 2 7 0 5 1 
892 3 2 0 6 1 5 7 
893 3 2 0 5 4 6 
894 5 2 1 3 6 
895 2 6 5 7 
896 2 7 1 6 5 
897 0 6 5 7 
898 1 7 6 5 
899 4 1 3 0 2 7 
900 0 6 3 7 4 
901 5 2 0 3 4 6 
902 1 2 0 3 6 
903 4 0 1 2 3 5 
904 5 2 1 7 0 3 6 
905 3 4 7 6 1 5 
906 3 0 2 7 4 5 
907 0 1 2 5 3 4 6 
908 4 2 3 0 1 7 6 
909 4 2 1 0 3 7 6 
910 1 2 0 3 6 5 7 
911 3 1 6 4 0 7 
912 4 2 0 3 6 1 5 7 
913 2 0 6 5 1 7 
914 0 1 7 2 6 
915 3 1 4 5 
916 3 5 4 7 6 
917 2 1 3 0 7 
918 4 6 5 7 
919 3 1 2 6 7 
920 3 5 1 6 
921 4 5 1 6 
922 2 5 4 7 6 
923 3 1 2 5 4 6 
924 3 2 1 0 7 6 
925 4 5 3 7 2 
926 4 2 1 5 3 0 6 
927 2 3 1 5 4 
928 2 1 3 6 5 
929 4 1 2 5 3 6 
930 5 7 1 2 6 
931 1 4 2 
932 3 1 4 2 7 
933 5 0 2 6 1 7 
934 2 0 1 
935 3 2 1 0 6 
936 2 5 4 3 7 
937 4 3 5 1 6 
938 4 2 7 3 1 0 6 
939 4 2 1 0 6 
940 4 3 1 5 2 7 
941 2 0 4 1 5 
942 2 7 1 6 
943 0 3 2 5 6 1 4 7 
944 3 2 0 1 5 4 6 
945 4 1 2 7 
946 4 6 7 
947 1 4 5 
948 2 0 3 6 4 5 
949 5 2 1 7 0 3 6 
950 2 1 0 6 
951 3 5 4 7 2 
952 5 4 2 1 
953 2 4 3 6 0 5 
954 0 1 7 6 
955 4 1 3 0 2 7 
956 4 6 3 5 
957 3 1 2 4 5 
958 2 5 4 7 6 
959 2 1 0 3 5 
960 0 2 1 3 7 6 
961 0 5 7 1 6 
962 1 6 5 0 4 7 2 
963 5 6 7 4 
964 0 1 4 2 3 5 
965 5 0 2 6 1 7 
966 1 3 5 4 6 
967 4 1 0 7 6 
968 3 1 2 7 6 
969 0 1 7 2 6 
970 0 2 3 5 4 6 
971 0 2 7 3 1 6 
972 0 4 3 6 2 5 
973 2 1 7 0 5 3 6 
974 1 4 5 
975 2 0 3 5 4 6 
976 0 6 3 7 4 
977 0 2 1 3 6 
978 0 4 7 5 6 
979 2 0 6 1 7 5 
980 3 5 4 7 6 
981 2 4 0 7 1 6 5 
982 3 2 1 6 4 
983 1 2 4 3 5 
984 2 1 5 3 0 6 
985 0 2 1 3 6 4 
986 2 3 1 5 4 
987 1 4 6 3 5 
988 1 3 5 2 4 
989 3 1 0 2 5 
990 1 2 7 3 6 
991 2 1 6 3 7 
992 1 4 0 7 6 5 
993 0 2 1 6 
994 2 1 5 3 0 6 
995 1 6 4 0 7 
996 2 1 0 6 
997 1 2 0 3 7 6 
998 0 5 4 1 6 
999 1 0 7 2 6 
1000 2 4 5 0 3 6 1 
1001 2 1 0 6 
1002 2 4 7 6 1 5 
1003 3 2 4 5 0 6 1 
1004 0 1 7 6 
1005 2 1 6 4 0 7 
1006 2 4 6 1 5 
1007 0 2 1 3 6 
1008 3 1 0 2 5 
1009 0 1 3 2 7 
1010 3 6 7 4 
1011 1 2 6 3 7 
1012 2 3 5 6 1 4 7 
1013 3 1 5 2 7 
1014 2 4 1 
1015 3 1 0 2 7 
1016 2 0 1 
1017 3 1 2 4 5 
1018 0 2 4 5 3 6 1 
1019 3 2 5 6 1 4 7 
1020 3 1 0 2 5 
1021 3 5 1 6 
1022 2 4 3 6 0 5 
1023 2 1 7 3 6 
