0 1 5 4 6 
1 7 1 0 2 6 
2 0 4 7 2 1 5 3 
3 1 0 3 
4 2 6 4 7 
5 5 6 4 3 7 
6 6 4 0 5 1 3 2 
7 0 4 5 1 3 7 2 
8 2 1 5 4 0 3 7 
9 3 1 0 7 6 
10 3 2 6 
11 5 6 3 
12 6 0 1 2 
13 0 1 6 7 2 3 
14 3 1 5 4 0 7 2 
15 6 4 7 
16 6 0 1 7 3 
17 4 1 0 7 2 
18 2 1 6 0 3 
19 4 6 7 2 
20 0 6 1 7 3 
21 0 1 6 7 2 3 
22 6 4 5 7 
23 1 2 3 
24 4 5 6 7 
25 6 4 3 2 
26 6 4 5 2 
27 7 6 0 1 2 3 
28 3 2 7 6 1 0 
29 7 4 5 6 
30 5 6 0 4 1 3 2 
31 0 1 2 
32 6 1 0 2 4 3 
33 4 6 3 
34 0 6 7 1 3 
35 5 4 6 7 
36 0 1 3 
37 7 6 1 0 3 
38 7 0 4 2 1 5 3 
39 2 4 6 7 
40 4 7 0 2 1 5 3 
41 2 0 1 3 
42 5 7 1 4 0 2 3 
43 6 0 4 1 5 3 2 
44 3 4 5 6 7 
45 3 0 1 7 6 
46 0 1 3 
47 6 1 0 7 3 
48 2 1 0 6 
49 1 7 6 3 
50 7 4 0 5 1 2 3 
51 2 0 1 7 6 3 
52 3 1 0 6 
53 3 2 7 6 1 0 
54 5 1 4 0 3 7 2 
55 7 1 0 2 4 3 6 
56 3 1 5 4 0 7 2 
57 1 0 2 6 
58 1 4 6 3 
59 3 4 7 5 0 2 
60 7 6 5 4 2 
61 2 4 5 7 6 
62 0 4 2 7 
63 1 0 6 7 2 3 
64 1 6 4 2 3 
65 7 4 6 2 
66 0 7 4 2 1 5 3 
67 1 4 6 7 
68 2 1 0 6 3 
69 5 0 1 2 3 
70 6 3 4 1 5 2 7 
71 4 2 5 3 7 6 
72 2 6 0 7 1 3 
73 3 4 0 5 6 2 
74 3 4 5 7 6 
75 5 6 0 7 1 3 
76 6 0 1 7 2 3 
77 0 2 6 3 
78 3 6 7 5 4 2 
79 6 0 7 1 2 3 
80 6 4 0 5 2 3 
81 5 6 4 3 7 
82 2 4 3 6 
83 4 6 0 5 1 3 2 
84 0 4 6 5 2 
85 0 1 5 4 3 7 2 
86 6 1 0 4 3 
87 1 0 3 
88 4 7 1 0 2 3 
89 6 2 3 
90 6 4 2 5 3 7 
91 7 4 2 5 3 6 
92 2 1 0 4 3 6 
93 7 6 0 1 3 
94 5 1 3 7 0 6 2 
95 2 7 1 4 0 3 
96 6 4 3 
97 4 2 3 
98 1 0 7 6 3 
99 5 6 1 0 7 3 
100 0 1 5 4 3 7 2 
101 7 6 3 
102 7 6 4 2 
103 2 4 5 1 3 7 
104 4 7 6 3 
105 2 4 5 3 7 6 
106 5 4 2 7 
107 6 4 3 
108 2 4 6 3 
109 3 6 4 7 2 
110 0 6 3 
111 6 4 7 
112 2 6 3 
113 1 5 4 6 
114 7 1 0 3 
115 3 0 1 7 6 
116 3 4 7 5 0 2 
117 3 6 4 0 5 1 2 
118 5 7 6 3 
119 7 4 6 3 
120 3 7 4 6 2 
121 1 6 0 7 2 3 
122 1 0 7 3 6 
123 3 2 7 6 1 0 
124 7 3 6 2 
125 2 6 3 4 1 5 7 
126 0 4 5 7 6 
127 1 4 2 3 6 
128 1 6 4 7 2 
129 7 1 0 4 6 3 
130 0 1 2 6 
131 1 2 6 3 
132 2 0 1 6 7 3 
133 5 4 6 3 
134 6 7 0 4 2 1 5 3 
135 0 4 7 5 1 2 3 
136 2 1 0 4 5 7 3 
137 3 2 7 6 1 0 
138 1 4 6 3 2 
139 5 6 2 3 
140 6 0 1 2 
141 0 4 7 5 1 2 3 
142 3 4 2 6 
143 6 3 
144 6 1 0 3 
145 5 4 6 
146 2 7 5 6 3 
147 5 4 6 3 
148 0 7 1 4 2 3 
149 0 5 4 6 
150 6 2 3 
151 1 6 4 0 5 3 2 
152 4 6 7 5 2 
153 6 1 0 7 2 3 
154 6 1 0 3 
155 4 6 0 7 1 3 
156 2 4 7 0 5 1 3 
157 7 0 6 1 3 
158 5 6 4 0 1 3 2 
159 2 1 0 6 3 
160 6 4 1 0 7 2 
161 4 1 0 2 3 6 
162 0 1 2 4 3 6 
163 4 6 5 0 1 7 3 
164 0 4 7 5 1 2 3 
165 7 6 4 5 2 3 
166 7 6 1 0 3 
167 2 6 4 5 3 
168 4 7 6 3 
169 3 4 5 6 7 
170 5 7 6 3 
171 7 6 3 
172 3 0 7 6 1 
173 3 0 7 6 1 
174 0 4 6 7 
175 6 1 0 2 
176 2 6 3 4 1 5 7 
177 1 4 2 7 
178 7 1 0 6 3 
179 2 7 5 6 3 
180 3 6 7 5 4 2 
181 4 1 0 5 2 
182 5 4 7 0 2 3 
183 7 1 6 0 2 3 
184 3 1 7 0 6 2 
185 1 0 2 6 
186 1 0 3 
187 1 0 6 7 2 3 
188 7 0 4 2 1 5 3 
189 2 4 1 0 7 
190 0 1 6 3 
191 1 4 6 3 2 
192 1 6 0 7 3 
193 4 0 1 2 
194 0 1 3 7 6 2 
195 1 5 4 6 
196 2 4 0 5 6 3 
197 4 7 0 2 1 5 3 
198 7 0 1 2 3 
199 0 7 5 6 3 
200 2 4 7 5 3 
201 3 1 0 6 7 2 
202 3 0 1 2 
203 5 4 6 7 
204 6 4 7 2 
205 0 4 7 2 1 5 3 
206 3 4 7 0 2 1 5 
207 7 1 5 4 0 3 2 
208 5 6 2 3 
209 5 6 0 7 1 2 3 
210 2 4 6 5 0 1 7 3 
211 4 7 0 5 1 2 3 
212 3 4 5 6 7 
213 0 6 4 7 2 
214 6 3 4 1 5 2 7 
215 1 7 4 0 2 3 
216 7 6 3 
217 7 5 4 6 
218 6 1 0 7 2 3 
219 7 4 2 5 3 6 
220 2 0 7 6 1 3 
221 7 5 4 6 
222 5 4 7 0 1 2 3 
223 2 6 0 7 1 3 
224 6 1 0 7 3 
225 4 5 1 3 7 2 
226 2 6 4 3 
227 5 6 7 4 2 
228 0 7 4 2 1 5 3 
229 7 0 1 6 3 
230 4 6 2 3 
231 2 6 4 0 5 1 3 
232 4 1 0 2 3 6 
233 2 6 3 4 1 5 7 
234 5 4 7 3 
235 6 2 3 
236 3 1 0 
237 4 7 5 3 
238 0 1 6 3 
239 6 4 5 3 7 
240 2 4 5 6 7 
241 0 4 6 3 
242 4 1 0 6 3 
243 2 0 1 7 6 3 
244 5 1 2 0 4 7 3 
245 3 2 7 6 1 0 
246 5 4 7 0 1 2 3 
247 7 4 2 5 3 6 
248 3 4 0 5 6 2 
249 1 6 4 7 2 
250 1 0 6 7 2 3 
251 3 0 1 2 
252 7 6 4 2 
253 2 7 4 6 
254 0 4 6 7 
255 1 4 5 6 7 
256 1 4 2 3 6 
257 7 0 1 2 3 
258 1 4 6 3 
259 1 0 2 6 
260 2 6 4 5 3 
261 4 5 1 3 7 2 
262 6 4 5 2 
263 0 2 3 
264 2 6 1 0 7 3 
265 3 6 0 7 1 2 
266 3 5 4 6 
267 5 7 6 3 
268 6 0 4 1 5 3 2 
269 0 1 2 
270 0 7 5 6 3 
271 6 1 0 2 3 
272 6 3 7 2 
273 5 1 0 4 6 3 
274 2 6 3 
275 7 4 5 6 
276 3 6 4 7 2 
277 3 6 4 0 5 1 2 
278 6 4 3 
279 1 6 0 7 3 
280 4 1 0 6 3 
281 6 0 1 2 3 
282 7 6 0 4 1 5 3 2 
283 7 3 6 2 
284 0 1 3 
285 7 2 6 3 
286 5 4 7 3 
287 2 4 6 3 
288 6 4 3 
289 4 6 5 0 1 7 3 
290 2 7 0 4 1 5 3 
291 4 6 1 0 7 3 
292 2 4 7 5 0 3 
293 7 4 0 2 1 5 3 
294 6 2 3 
295 2 0 1 3 
296 4 7 6 3 
297 2 0 1 7 6 3 
298 5 0 1 2 3 
299 6 7 1 4 0 2 3 
300 3 4 6 2 
301 3 0 7 6 1 
302 1 6 3 
303 6 5 4 
304 2 0 7 6 1 3 
305 0 4 5 6 7 
306 7 6 0 1 2 3 
307 2 7 4 6 
308 3 6 4 5 2 
309 3 0 1 6 7 2 
310 4 7 5 3 
311 7 4 6 5 2 
312 3 6 1 0 7 
313 0 4 6 5 2 
314 5 4 7 0 2 1 3 
315 3 5 4 6 
316 7 6 4 2 3 
317 2 0 1 
318 0 4 7 5 2 3 
319 1 0 2 4 3 6 
320 4 6 3 
321 7 6 3 
322 0 1 5 4 3 7 2 
323 1 4 5 6 7 
324 2 6 4 7 
325 5 1 3 7 0 6 2 
326 1 4 7 0 5 2 3 
327 0 1 2 3 
328 3 1 0 2 6 
329 3 1 0 5 4 2 
330 1 0 6 7 2 3 
331 1 4 6 5 0 7 3 
332 6 4 3 
333 0 7 6 3 
334 3 1 7 0 6 2 
335 1 0 6 3 
336 6 7 5 4 2 
337 5 4 1 3 7 2 
338 2 1 0 5 4 
339 4 6 7 2 
340 1 0 2 6 
341 0 1 7 6 3 
342 6 4 5 0 1 7 3 
343 1 2 0 4 5 7 3 
344 7 6 4 2 
345 4 6 3 
346 6 4 3 2 
347 7 4 5 6 
348 2 1 5 4 0 3 7 
349 7 4 1 0 2 
350 5 4 6 7 
351 2 3 
352 6 7 4 2 
353 4 6 7 5 2 
354 0 6 7 1 3 
355 2 7 5 6 3 
356 0 4 6 3 
357 7 2 6 3 
358 7 1 0 2 4 3 6 
359 2 7 6 1 0 3 
360 4 5 6 7 
361 2 0 1 3 
362 5 7 6 3 
363 3 6 
364 5 4 7 0 2 3 
365 3 0 7 6 1 
366 0 6 3 4 1 5 2 7 
367 2 4 3 6 
368 2 6 4 5 3 
369 3 4 7 0 2 1 5 
370 7 0 1 2 3 
371 2 4 7 5 0 3 
372 3 7 4 6 2 
373 3 6 4 5 2 
374 5 0 1 6 7 2 3 
375 7 4 2 3 6 
376 3 1 0 7 6 
377 1 0 6 3 
378 1 0 6 7 2 3 
379 1 2 0 4 5 7 3 
380 7 4 5 0 2 3 
381 2 6 0 4 1 5 3 
382 0 6 4 7 2 
383 1 4 2 5 3 7 6 
384 1 0 7 3 6 
385 6 4 5 7 
386 4 6 7 
387 1 6 4 7 2 
388 3 4 5 6 7 
389 5 6 4 2 3 
390 4 7 6 3 
391 1 6 4 2 3 
392 2 4 6 3 
393 3 6 4 2 
394 3 6 4 7 2 
395 4 5 1 3 7 2 
396 7 2 6 3 
397 0 1 6 3 
398 3 1 0 6 7 2 
399 6 3 7 2 
400 5 4 7 3 
401 5 0 7 6 1 3 
402 1 0 6 7 2 3 
403 1 4 6 3 2 
404 7 3 6 2 
405 0 4 2 7 
406 7 6 1 0 3 
407 7 1 0 6 3 
408 3 6 7 5 4 2 
409 6 4 7 5 0 2 3 
410 6 1 0 7 2 3 
411 7 1 0 4 6 3 
412 7 6 3 
413 4 7 6 3 
414 5 7 6 3 
415 0 4 7 5 2 3 
416 1 0 6 7 2 3 
417 7 4 2 3 6 
418 0 4 6 7 
419 5 4 6 3 
420 5 1 2 0 4 7 3 
421 7 2 6 1 0 3 
422 4 0 1 3 
423 5 7 1 4 0 2 3 
424 1 7 5 6 3 
425 2 0 1 3 
426 7 1 0 6 3 
427 6 4 2 3 
428 1 0 7 3 6 
429 3 0 1 2 
430 7 1 6 0 2 3 
431 4 6 3 2 
432 4 5 6 7 
433 1 6 3 
434 4 0 1 2 
435 4 1 0 7 3 6 
436 3 4 5 7 6 
437 3 4 5 1 7 2 
438 5 4 1 0 7 2 
439 4 6 3 
440 3 6 4 1 5 2 7 
441 5 6 4 3 7 
442 0 6 7 1 2 3 
443 4 1 0 7 2 
444 7 4 5 3 
445 1 4 2 5 3 7 6 
446 0 1 2 3 
447 1 0 7 6 3 
448 1 0 2 3 
449 7 4 2 
450 0 7 4 2 1 5 3 
451 1 7 4 6 2 
452 2 6 4 3 
453 5 4 6 7 
454 6 4 7 0 2 1 5 3 
455 0 6 4 5 1 3 2 
456 2 1 0 6 7 3 
457 3 1 0 7 6 
458 3 6 7 2 
459 5 6 0 7 1 2 3 
460 6 1 0 3 
461 0 4 5 6 7 
462 3 4 5 1 7 2 
463 6 7 3 
464 6 2 3 
465 5 6 3 
466 3 4 2 6 
467 4 0 1 2 3 
468 0 4 2 3 6 
469 0 6 4 7 2 
470 6 4 0 5 2 3 
471 1 4 6 5 2 
472 4 0 1 3 
473 6 4 2 7 
474 5 1 0 3 
475 7 0 6 1 3 
476 2 4 7 
477 7 6 3 
478 5 2 7 6 1 0 3 
479 2 1 0 7 3 6 
480 6 1 0 5 4 2 
481 4 6 0 7 1 3 
482 0 6 7 1 3 
483 5 6 4 0 1 3 2 
484 0 4 7 5 3 
485 7 4 6 3 2 
486 7 4 2 3 6 
487 2 6 3 
488 4 5 6 7 
489 2 6 7 5 4 
490 5 1 3 7 0 6 2 
491 6 1 0 7 3 
492 3 1 0 7 6 
493 0 1 2 3 
494 0 1 2 4 3 6 
495 6 4 5 7 
496 2 6 3 
497 1 4 7 0 2 5 3 
498 7 4 6 3 
499 2 6 4 5 3 
500 3 1 2 0 4 5 7 
501 3 6 0 4 1 5 2 
502 5 6 3 
503 7 1 2 0 4 5 3 
504 2 6 0 7 1 3 
505 1 6 3 4 5 2 7 
506 1 6 4 5 2 3 
507 3 1 6 0 2 
508 7 0 1 2 3 
509 2 6 3 
510 0 4 6 7 
511 1 6 0 2 3 
512 1 0 5 4 2 
513 7 6 3 
514 0 4 7 5 3 
515 1 4 2 7 
516 2 1 0 4 3 6 
517 5 1 0 4 2 
518 6 1 0 5 4 2 
519 0 1 4 6 3 
520 2 4 3 6 
521 3 0 1 6 7 2 
522 3 6 4 1 5 2 7 
523 5 1 0 6 3 
524 6 5 4 
525 0 4 1 7 2 
526 3 0 1 
527 6 1 0 5 4 2 
528 6 2 3 
529 5 6 0 4 1 3 2 
530 2 7 5 6 3 
531 4 7 5 3 
532 0 4 6 3 
533 0 1 6 2 3 
534 6 4 5 7 
535 1 6 7 5 4 2 
536 4 1 6 0 2 3 
537 6 1 0 5 4 2 
538 6 4 7 2 
539 7 6 4 2 
540 2 3 6 7 
541 7 5 6 3 
542 5 4 1 0 7 2 
543 2 7 4 6 
544 6 1 0 2 3 
545 4 1 0 6 3 
546 0 4 6 3 2 
547 5 4 7 0 1 2 3 
548 0 6 7 1 2 3 
549 7 4 1 0 2 
550 7 1 0 6 3 
551 2 4 5 1 3 7 
552 4 7 6 2 
553 2 4 6 7 
554 5 4 6 
555 6 1 0 5 4 2 
556 3 6 2 
557 3 6 2 
558 0 1 3 7 6 2 
559 6 4 7 2 
560 2 7 4 6 
561 1 4 7 0 2 5 3 
562 7 1 0 6 3 
563 2 6 0 7 1 3 
564 3 4 6 7 
565 3 4 7 5 
566 5 1 3 7 0 6 2 
567 7 4 6 5 2 
568 3 4 2 6 
569 1 6 4 5 3 7 
570 1 6 4 5 2 3 
571 3 1 0 6 7 2 
572 7 6 4 5 3 
573 3 4 6 
574 0 1 2 4 5 7 3 
575 1 4 0 7 2 
576 1 6 4 7 2 
577 7 1 0 2 4 3 6 
578 0 4 6 3 
579 1 0 3 
580 2 6 4 7 
581 5 4 6 3 2 
582 6 2 3 
583 0 1 6 3 
584 2 0 1 7 6 3 
585 3 6 4 5 7 
586 3 7 6 
587 5 7 0 4 2 1 3 
588 6 4 7 0 2 1 5 3 
589 0 6 4 1 5 3 2 
590 3 7 1 4 0 2 
591 6 4 5 2 3 
592 6 4 2 3 
593 5 4 6 7 
594 2 1 0 4 5 7 3 
595 4 6 5 2 3 
596 0 7 1 4 2 3 
597 0 4 6 5 1 7 3 
598 6 2 7 1 0 3 
599 1 4 6 5 0 7 3 
600 4 6 5 3 7 
601 6 4 2 7 
602 6 4 1 0 7 2 
603 7 2 6 1 0 3 
604 2 6 4 0 5 1 3 
605 7 1 4 0 2 3 
606 5 1 0 3 
607 2 6 7 5 4 
608 6 4 7 
609 4 2 7 
610 0 1 2 4 3 6 
611 5 6 4 2 3 
612 0 4 6 5 2 
613 7 3 6 2 
614 7 4 6 2 
615 0 1 2 4 3 6 
616 4 2 3 
617 2 1 0 6 3 
618 5 2 6 3 
619 6 7 4 2 
620 3 6 
621 3 2 
622 0 4 5 7 6 
623 6 2 3 
624 2 0 1 3 
625 1 6 4 0 5 3 2 
626 7 1 0 6 3 
627 1 0 2 3 
628 3 4 0 5 6 2 
629 3 2 
630 5 1 6 0 2 3 
631 7 1 0 3 6 
632 3 6 4 5 7 
633 1 0 5 4 2 
634 1 0 5 4 2 
635 3 6 4 7 2 
636 7 1 0 2 6 
637 2 4 6 5 
638 0 3 6 7 2 
639 1 5 4 6 
640 1 4 5 7 6 
641 7 2 6 1 0 3 
642 0 4 6 7 
643 1 7 0 4 2 5 3 
644 3 4 7 0 2 1 5 
645 5 1 0 2 6 
646 6 4 0 5 2 3 
647 0 4 5 6 7 
648 2 4 6 5 
649 3 6 0 7 1 2 
650 3 6 4 1 5 2 7 
651 5 4 2 3 7 6 
652 6 1 3 7 0 2 
653 0 1 2 6 
654 3 4 0 5 6 2 
655 6 2 3 
656 6 4 7 0 2 1 5 3 
657 5 4 7 0 2 3 
658 2 6 4 3 
659 4 6 5 2 
660 0 4 2 7 
661 0 1 6 7 2 3 
662 6 3 
663 1 4 6 5 0 7 3 
664 4 1 0 7 2 
665 6 7 4 2 
666 6 4 2 3 
667 7 6 3 4 1 5 2 
668 2 4 0 5 6 3 
669 7 4 0 5 6 2 3 
670 5 7 6 3 
671 3 4 5 7 6 
672 5 6 3 4 1 2 7 
673 4 6 2 3 
674 0 7 6 3 
675 5 6 4 2 3 
676 0 6 3 
677 7 0 1 6 3 
678 7 1 0 6 3 
679 2 0 7 6 1 3 
680 4 6 5 3 7 
681 2 0 1 3 
682 5 0 1 7 6 3 
683 6 7 1 4 0 2 3 
684 3 1 0 4 6 
685 3 6 0 7 1 
686 0 7 1 4 2 3 
687 7 6 0 4 1 5 3 2 
688 2 6 3 
689 1 4 5 3 7 2 
690 7 4 5 1 3 2 
691 1 2 6 3 
692 3 6 
693 3 1 0 4 6 
694 5 4 7 6 
695 7 2 6 1 0 3 
696 2 6 3 
697 1 0 2 
698 1 0 2 3 
699 3 4 5 7 6 
700 7 6 3 
701 1 0 3 
702 0 1 6 3 
703 1 3 7 0 6 2 
704 1 0 3 
705 7 1 0 6 2 3 
706 0 4 6 5 1 7 3 
707 1 6 3 
708 2 4 6 3 
709 5 7 1 4 0 2 3 
710 6 1 0 2 3 
711 0 2 6 3 
712 2 4 7 5 0 3 
713 3 0 1 6 7 2 
714 3 4 6 5 0 1 7 
715 5 0 1 2 
716 6 3 4 1 5 2 7 
717 0 1 6 3 
718 3 0 1 6 7 2 
719 6 4 5 2 3 
720 5 1 0 7 3 6 
721 5 0 1 2 3 
722 2 0 1 3 
723 4 1 0 6 3 
724 0 7 6 1 3 
725 0 4 5 1 3 7 2 
726 6 4 3 2 
727 1 2 3 
728 4 6 5 0 1 7 3 
729 6 0 4 1 5 3 2 
730 6 2 7 1 0 3 
731 7 4 0 5 1 2 3 
732 2 3 6 7 
733 7 2 3 
734 5 4 7 0 2 3 
735 2 6 7 5 4 
736 6 1 0 2 
737 4 6 5 3 7 
738 0 3 6 7 2 
739 5 1 4 0 3 7 2 
740 0 4 5 6 2 3 
741 7 4 5 6 
742 7 6 2 3 
743 0 4 7 5 2 3 
744 4 6 0 7 1 3 
745 2 3 
746 5 2 3 
747 6 1 2 0 4 5 7 3 
748 3 1 0 6 7 2 
749 3 4 6 
750 0 6 7 5 4 2 
751 6 7 3 
752 2 6 3 
753 1 0 4 6 3 
754 7 4 2 5 3 6 
755 2 4 7 5 0 3 
756 3 0 1 2 
757 3 6 4 7 2 
758 5 1 0 4 6 3 
759 7 4 0 5 6 2 3 
760 3 1 0 2 4 6 
761 1 6 0 7 3 
762 1 4 7 0 5 2 3 
763 3 1 0 6 
764 7 4 6 3 
765 2 4 0 5 6 3 
766 0 6 4 5 2 3 
767 1 6 2 3 
768 1 0 3 
769 7 4 5 6 
770 0 1 5 4 2 
771 1 0 2 
772 2 6 4 7 
773 5 4 7 3 
774 6 4 0 5 1 3 2 
775 0 4 7 5 3 
776 2 1 3 7 0 6 
777 3 4 2 5 7 6 
778 3 0 1 
779 5 7 0 4 2 1 3 
780 6 3 7 2 
781 0 4 6 3 2 
782 3 6 4 1 5 2 7 
783 6 4 1 0 7 2 
784 6 2 3 
785 5 0 1 2 3 
786 2 1 6 0 3 
787 4 1 0 6 3 
788 0 1 2 3 
789 3 4 5 7 6 
790 6 1 0 3 
791 1 3 7 0 6 2 
792 4 0 5 6 2 3 
793 6 0 7 1 3 
794 6 0 1 7 2 3 
795 7 6 0 1 3 
796 2 6 3 
797 7 1 3 0 6 2 
798 5 4 2 3 6 
799 3 0 1 7 6 
800 6 0 1 3 
801 4 6 0 1 5 3 2 
802 0 1 4 6 3 
803 5 4 7 6 
804 2 7 6 3 
805 7 1 3 0 6 2 
806 7 1 0 2 6 
807 2 7 6 3 
808 4 1 2 0 5 7 3 
809 2 4 6 3 
810 5 1 4 0 3 7 2 
811 6 2 3 
812 3 0 1 
813 3 0 1 2 
814 0 1 4 6 3 
815 4 7 5 0 2 3 
816 2 4 6 5 0 1 7 3 
817 1 6 0 2 3 
818 7 4 6 3 
819 2 4 7 5 3 
820 3 6 0 7 1 
821 3 4 7 0 2 1 5 
822 5 1 0 2 4 3 6 
823 7 4 5 6 
824 3 2 7 6 1 0 
825 1 6 7 5 4 2 
826 1 3 6 7 2 
827 3 0 1 6 7 2 
828 7 4 5 3 
829 2 4 7 
830 0 1 2 
831 1 4 6 3 
832 1 0 2 3 
833 7 1 4 0 2 3 
834 0 2 7 6 1 3 
835 4 0 7 6 1 3 
836 2 4 6 5 0 1 7 3 
837 5 4 6 7 
838 6 7 0 4 2 1 5 3 
839 0 1 2 
840 2 7 4 6 
841 3 4 5 7 6 
842 3 7 0 4 2 1 5 
843 4 6 3 1 5 2 7 
844 6 1 0 7 3 
845 0 7 5 6 3 
846 3 1 0 7 6 
847 6 0 1 7 2 3 
848 6 0 1 2 
849 5 6 4 3 7 
850 2 6 3 
851 4 2 7 
852 0 2 7 6 1 3 
853 1 6 2 3 
854 6 7 4 2 
855 1 0 2 
856 4 6 7 
857 4 6 0 5 1 3 2 
858 6 4 0 5 2 3 
859 7 6 2 3 
860 2 6 4 0 5 1 3 
861 7 4 2 3 6 
862 4 0 7 6 1 3 
863 2 6 4 0 5 1 3 
864 7 4 0 2 1 5 3 
865 4 6 5 3 7 
866 0 1 6 7 2 3 
867 5 4 1 3 7 2 
868 0 1 6 7 2 3 
869 7 1 5 4 0 3 2 
870 6 5 4 
871 2 4 6 5 
872 4 7 0 2 1 5 3 
873 2 6 4 5 3 7 
874 5 4 2 3 7 6 
875 6 2 3 
876 3 6 4 7 2 
877 3 0 1 2 
878 1 6 0 7 2 3 
879 7 6 1 0 3 
880 2 1 5 4 0 3 7 
881 1 6 0 7 2 3 
882 7 6 5 4 2 
883 2 6 4 5 3 7 
884 3 6 
885 3 4 6 7 
886 5 6 4 7 2 
887 7 6 5 4 2 
888 3 7 0 4 2 1 5 
889 0 4 2 7 
890 0 6 7 1 3 
891 3 4 2 6 
892 7 1 2 0 4 5 3 
893 1 7 4 6 2 
894 0 1 3 
895 1 0 3 
896 1 0 2 3 
897 6 0 1 7 3 
898 0 1 4 6 3 
899 1 3 7 0 6 2 
900 2 1 0 6 7 3 
901 5 1 0 2 4 3 6 
902 6 4 3 2 
903 0 6 4 2 3 
904 2 6 0 4 1 5 3 
905 1 6 0 4 5 3 2 
906 1 4 6 3 
907 5 4 6 2 
908 7 4 0 5 6 2 3 
909 0 4 6 5 1 7 3 
910 0 1 5 4 2 
911 6 4 7 2 
912 6 1 0 2 
913 4 1 5 0 3 7 2 
914 1 0 7 3 6 
915 5 4 7 0 1 2 3 
916 0 4 5 6 7 
917 0 3 6 7 2 
918 7 4 5 1 3 2 
919 1 5 4 6 
920 4 7 0 2 1 5 3 
921 4 6 1 0 7 3 
922 5 4 7 0 1 2 3 
923 4 3 6 7 2 
924 0 1 5 4 2 
925 4 6 7 2 
926 5 0 7 6 1 3 
927 4 0 1 3 
928 5 1 0 6 3 
929 4 0 1 3 
930 4 2 6 3 
931 5 0 1 2 3 
932 5 0 1 2 
933 5 6 3 
934 4 6 3 2 
935 5 6 4 2 3 
936 4 2 7 
937 5 6 0 7 1 3 
938 4 6 2 3 
939 5 6 0 4 1 3 2 
940 5 4 6 7 
941 4 1 0 3 
942 4 7 1 0 2 3 
943 4 6 0 5 1 3 2 
944 5 1 2 0 4 7 3 
945 4 5 1 3 7 2 
946 4 6 7 2 
947 4 6 7 2 
948 5 0 1 2 3 
949 4 0 1 3 
950 5 4 2 7 
951 4 6 3 
952 5 1 4 0 3 7 2 
953 5 4 2 3 7 6 
954 5 4 1 0 7 2 
955 4 1 0 7 3 6 
956 7 1 4 0 2 3 
957 4 6 2 3 
958 4 5 6 7 
959 4 6 3 2 
960 4 6 7 2 
961 7 1 0 2 6 
962 0 6 7 1 2 3 
963 1 2 0 4 5 7 3 
964 2 1 0 4 6 3 
965 5 1 2 0 4 7 3 
966 6 4 5 2 
967 1 0 6 3 
968 2 1 5 4 0 3 7 
969 1 6 2 3 
970 1 4 7 5 3 
971 5 4 6 2 
972 6 4 3 
973 0 1 6 2 3 
974 1 6 0 4 5 3 2 
975 6 4 5 0 1 7 3 
976 6 3 
977 5 6 0 4 1 3 2 
978 1 3 6 7 2 
979 4 6 2 3 
980 1 4 5 7 6 
981 1 4 6 5 0 7 3 
982 6 0 1 2 3 
983 1 0 7 6 3 
984 4 1 0 7 2 
985 6 3 
986 7 6 1 0 3 
987 7 1 6 0 2 3 
988 1 0 6 3 
989 7 1 3 0 6 2 
990 5 1 6 0 2 3 
991 1 4 5 3 7 2 
992 7 6 4 2 3 
993 4 5 6 
994 1 4 6 3 
995 4 1 0 6 3 
996 5 1 0 4 2 
997 5 4 6 7 
998 4 7 0 5 1 2 3 
999 5 7 6 3 
1000 4 1 0 6 3 
1001 5 4 2 3 7 6 
1002 4 6 3 
1003 5 6 4 3 7 
1004 4 7 0 2 1 5 3 
1005 4 2 5 3 7 6 
1006 4 1 0 3 
1007 4 1 0 6 3 
1008 4 1 2 0 5 7 3 
1009 4 6 0 7 1 2 3 
1010 4 0 1 7 6 3 
1011 4 2 5 3 7 6 
1012 5 0 1 2 3 
1013 4 6 3 
1014 4 1 0 7 2 
1015 4 6 3 1 5 2 7 
1016 5 4 7 0 1 2 3 
1017 4 5 6 7 
1018 4 2 3 
1019 4 1 0 3 
1020 4 7 5 6 3 
1021 4 6 1 0 7 3 
1022 4 5 6 7 
1023 4 6 5 2 
