0 7 1 4 6 3 5 
1 1 4 0 
2 6 5 0 2 1 4 7 
3 6 5 0 2 1 4 7 
4 1 2 3 5 4 
5 6 5 2 7 1 3 
6 6 5 2 7 1 3 
7 1 5 4 
8 0 7 5 6 4 
9 0 4 1 5 
10 7 6 2 3 1 
11 6 1 4 7 0 5 
12 0 6 7 5 
13 7 1 4 6 3 5 
14 1 5 2 4 3 
15 3 5 4 6 
16 3 5 6 4 2 7 
17 6 5 1 3 
18 7 6 4 5 2 3 
19 0 6 7 5 3 2 1 
20 2 1 7 5 6 
21 3 5 6 4 2 7 
22 6 5 2 4 3 
23 7 2 3 0 4 1 
24 1 7 0 5 6 4 
25 2 7 0 5 6 4 
26 7 1 6 5 
27 2 5 0 1 6 4 7 
28 7 5 4 6 
29 0 1 7 
30 6 1 0 7 
31 6 7 2 3 
32 6 0 1 4 5 
33 2 5 4 1 3 
34 3 0 5 2 4 
35 6 1 2 3 5 
36 6 5 3 2 7 4 
37 0 3 5 6 4 2 7 
38 1 2 5 4 6 7 0 
39 5 7 1 4 6 3 
40 1 5 6 3 2 7 4 
41 2 5 6 4 
42 7 1 2 3 5 6 
43 6 7 1 4 3 5 
44 7 2 0 3 5 1 
45 6 1 7 0 5 4 
46 3 6 2 1 5 7 
47 6 0 2 1 3 
48 1 6 2 3 5 7 
49 3 0 1 4 5 
50 0 1 4 5 
51 3 7 5 6 4 
52 7 5 1 3 
53 4 0 5 2 3 
54 3 6 0 4 2 1 
55 2 5 6 3 7 4 
56 7 5 6 4 
57 4 7 5 6 
58 2 7 3 
59 5 4 
60 7 0 1 2 3 
61 4 7 1 6 5 
62 2 0 3 5 1 
63 4 5 2 1 3 
64 7 2 0 3 5 1 
65 1 5 3 7 
66 6 7 0 1 2 3 
67 4 0 1 5 
68 1 6 5 2 4 3 
69 5 1 0 7 
70 4 3 6 7 1 
71 1 5 0 4 
72 0 4 1 5 7 6 
73 0 5 1 3 7 
74 5 1 7 0 6 4 
75 6 7 2 3 
76 1 5 4 6 0 
77 4 7 0 5 6 
78 1 7 2 3 
79 2 7 1 4 6 5 3 
80 3 4 1 0 5 
81 4 6 1 5 
82 4 5 0 2 1 6 7 
83 0 7 1 6 5 
84 3 1 7 5 6 
85 3 1 4 0 5 
86 6 0 4 1 
87 5 6 7 3 0 2 1 
88 0 2 5 4 6 7 1 
89 2 7 3 
90 7 5 4 6 0 1 
91 2 3 5 6 4 7 
92 5 7 3 4 1 6 
93 0 1 7 
94 6 5 7 0 1 
95 6 0 5 2 3 
96 6 5 2 4 1 3 
97 2 0 5 3 
98 3 0 7 2 1 
99 5 7 6 0 1 
100 5 6 4 7 
101 1 7 0 2 3 
102 2 1 4 0 5 
103 5 7 3 6 2 4 
104 1 5 4 6 0 
105 0 5 2 3 
106 7 6 5 3 0 2 1 
107 6 5 2 4 1 3 
108 7 6 1 5 4 
109 5 4 1 7 6 
110 3 7 1 4 6 5 
111 6 3 1 2 
112 1 5 3 2 4 
113 3 2 5 1 4 
114 0 4 1 5 
115 3 7 2 
116 7 5 1 6 3 
117 4 5 
118 3 7 1 6 5 
119 2 5 4 6 0 1 
120 7 3 0 1 4 5 
121 4 2 7 3 
122 2 7 0 5 6 4 
123 5 6 2 4 3 
124 5 4 7 6 
125 4 3 0 1 
126 2 0 3 5 1 
127 4 7 0 5 6 
128 4 7 1 6 5 3 
129 1 7 5 6 
130 6 3 1 2 
131 4 5 1 6 3 
132 1 6 2 3 
133 4 5 6 3 2 7 
134 4 1 0 7 
135 1 7 0 5 6 4 
136 0 4 1 
137 0 7 5 6 4 
138 5 1 3 6 
139 7 5 2 4 1 3 
140 0 7 2 3 
141 4 3 1 2 
142 1 5 0 2 6 4 7 
143 2 1 4 0 5 
144 3 5 0 1 4 
145 4 5 2 1 3 
146 4 7 1 6 5 3 
147 0 6 2 3 1 
148 3 5 6 4 
149 3 5 4 
150 6 4 7 5 2 3 
151 5 7 6 4 
152 0 5 2 3 4 
153 2 0 5 3 
154 7 5 4 
155 3 5 0 1 4 
156 5 2 0 3 1 
157 0 7 5 6 4 
158 6 5 3 2 7 4 
159 6 0 5 2 3 4 
160 6 1 2 3 5 
161 2 5 4 6 7 0 1 
162 3 0 1 4 5 
163 5 1 4 0 
164 5 1 2 3 4 
165 0 6 1 4 7 5 
166 1 5 7 6 0 
167 5 6 1 4 7 0 
168 1 3 0 
169 0 5 2 3 
170 7 5 4 
171 6 7 0 1 2 3 
172 7 1 0 
173 5 1 3 6 
174 3 7 5 6 4 
175 6 7 3 4 1 5 
176 1 3 6 7 
177 3 5 7 6 0 1 
178 0 1 4 5 
179 3 0 7 2 1 
180 7 6 5 3 0 2 1 
181 4 7 2 3 0 1 
182 3 5 4 
183 2 6 7 5 
184 7 5 6 3 2 4 
185 4 7 1 6 5 3 
186 2 0 5 3 
187 5 4 6 
188 5 6 4 7 
189 4 7 2 3 0 1 
190 2 5 3 4 
191 4 1 2 3 5 
192 5 4 1 7 6 
193 1 5 7 6 4 
194 6 2 1 3 4 
195 4 7 5 6 
196 0 5 2 7 6 1 3 
197 5 1 3 6 
198 4 1 5 7 6 
199 1 4 0 5 
200 0 3 1 
201 3 6 1 4 7 0 5 
202 5 4 
203 6 5 2 7 1 3 
204 0 2 7 3 
205 4 6 1 5 
206 1 2 7 3 
207 2 0 3 5 1 
208 3 5 1 6 
209 4 2 1 3 
210 4 1 0 5 
211 1 2 3 5 4 
212 3 0 1 4 5 
213 3 5 4 6 0 1 
214 7 1 5 6 
215 5 4 6 0 1 
216 0 6 4 7 5 2 3 
217 2 6 7 5 3 0 1 
218 7 2 1 3 4 
219 2 5 4 
220 5 1 7 0 6 4 
221 0 6 7 5 
222 6 5 3 2 7 4 
223 7 6 4 5 2 3 
224 6 0 4 1 
225 0 5 1 4 
226 3 5 6 4 
227 5 6 1 4 
228 5 4 
229 0 5 2 3 
230 1 3 0 4 5 
231 5 4 1 7 6 
232 1 5 7 6 0 
233 0 4 1 5 
234 7 0 1 4 5 
235 1 4 7 5 6 
236 7 6 0 4 1 
237 5 2 3 1 4 
238 3 6 7 5 0 2 1 
239 6 7 0 1 2 3 
240 1 5 3 
241 3 5 6 4 2 7 
242 0 5 4 6 
243 3 7 0 1 2 
244 7 0 5 2 3 4 
245 4 3 5 6 2 7 
246 3 6 7 5 
247 2 5 3 4 
248 7 1 0 5 6 4 
249 4 2 3 5 1 
250 2 0 5 3 4 
251 5 7 6 4 
252 5 7 1 6 
253 4 5 1 6 3 
254 2 7 3 4 1 6 5 
255 4 5 
256 5 2 3 1 4 
257 1 5 3 7 
258 6 7 1 4 5 3 
259 4 6 0 1 
260 1 2 3 4 
261 5 2 0 3 1 
262 4 5 1 6 3 
263 2 7 1 4 6 3 5 
264 1 6 4 5 7 
265 0 7 1 6 5 
266 5 4 1 0 
267 6 2 0 3 5 1 
268 0 6 2 3 1 5 7 
269 4 5 1 3 7 
270 1 5 6 3 2 7 4 
271 2 5 4 6 7 0 1 
272 3 6 5 2 4 
273 4 3 5 6 2 7 
274 7 5 4 6 
275 0 1 7 
276 3 5 0 1 4 
277 3 7 5 6 4 
278 6 7 3 2 4 5 
279 5 7 6 4 
280 0 5 6 4 
281 3 1 4 0 5 
282 7 6 0 4 2 1 3 
283 2 1 3 5 6 
284 5 6 0 4 2 1 3 
285 0 2 3 5 1 4 
286 6 0 2 1 3 
287 6 5 1 3 
288 6 5 7 0 1 
289 2 1 3 5 6 
290 3 5 7 6 4 
291 5 7 1 4 6 3 
292 5 7 1 6 
293 0 3 1 
294 1 6 2 3 5 7 
295 4 6 2 3 1 
296 1 4 0 
297 0 1 2 3 5 4 
298 7 5 2 6 1 3 
299 6 4 7 5 
300 7 3 0 1 
301 5 6 4 
302 3 4 0 1 
303 6 2 5 4 7 0 1 
304 1 5 4 
305 3 4 0 1 
306 0 5 7 6 4 
307 3 1 2 5 6 
308 7 4 0 1 
309 4 6 5 2 3 
310 3 5 1 
311 3 4 0 1 
312 7 1 6 5 
313 4 5 6 3 2 7 
314 2 0 7 1 
315 5 7 3 6 2 4 
316 5 1 2 3 6 
317 4 5 7 6 0 1 
318 2 5 4 6 7 0 1 
319 4 6 7 5 
320 2 6 7 5 3 0 1 
321 1 6 4 7 0 5 
322 6 1 3 5 
323 4 0 7 2 1 
324 2 0 1 3 
325 5 6 7 3 0 2 1 
326 4 7 2 3 0 1 
327 1 2 0 3 5 
328 0 4 1 
329 0 7 5 6 4 
330 4 0 5 2 3 
331 6 4 7 5 
332 0 5 1 3 7 
333 4 6 7 5 3 0 2 1 
334 1 6 4 7 5 2 3 
335 2 5 1 3 
336 3 5 2 4 
337 4 1 0 5 
338 4 3 0 1 
339 0 5 2 7 6 1 3 
340 3 7 1 4 6 5 
341 2 6 0 4 1 
342 6 3 7 1 
343 7 4 0 1 
344 3 0 1 
345 2 7 0 1 3 
346 7 5 3 2 4 
347 7 0 1 2 3 
348 5 2 1 3 4 
349 0 4 1 
350 6 5 2 4 3 
351 6 5 2 7 1 3 
352 7 5 6 4 
353 3 5 7 6 4 
354 3 6 0 4 2 1 
355 5 6 1 4 
356 5 6 4 7 2 3 
357 0 4 7 5 6 
358 1 3 5 6 
359 5 3 2 4 
360 2 7 5 6 4 
361 0 3 6 7 1 
362 7 4 5 6 
363 6 1 5 4 
364 7 1 4 6 3 5 
365 5 0 2 3 
366 3 7 2 
367 6 1 0 7 
368 1 5 2 7 6 3 
369 3 7 6 2 4 5 
370 0 3 1 4 5 
371 2 7 0 1 3 
372 7 3 0 1 4 5 
373 4 6 7 5 2 3 
374 3 6 2 1 5 7 
375 2 0 7 1 
376 7 0 5 2 3 4 
377 4 1 0 5 
378 2 5 3 4 
379 5 2 4 6 7 0 1 
380 7 0 1 4 5 
381 4 2 5 6 7 0 1 
382 2 6 3 1 
383 4 1 2 3 5 6 
384 5 7 0 6 4 
385 1 3 2 
386 6 1 7 0 5 4 
387 4 5 1 6 3 
388 0 7 1 6 5 
389 5 2 7 3 
390 4 1 5 7 6 
391 1 6 4 7 0 5 
392 0 4 7 5 6 
393 0 5 4 6 1 
394 4 0 2 1 3 
395 7 1 5 6 
396 0 5 3 2 4 
397 6 5 7 4 
398 1 5 3 
399 2 0 7 1 
400 3 7 5 6 4 
401 4 6 2 3 1 
402 4 2 7 3 
403 1 7 4 6 5 3 
404 1 5 0 4 
405 2 7 1 4 6 5 3 
406 7 6 0 4 2 1 3 
407 5 7 2 3 0 4 1 
408 0 4 7 5 6 
409 2 1 3 4 
410 7 3 1 2 
411 2 7 1 4 6 3 5 
412 5 7 0 6 4 
413 1 4 0 5 
414 6 7 5 4 
415 6 5 4 0 1 
416 7 6 0 4 2 1 3 
417 0 4 1 
418 1 5 0 4 
419 5 6 2 3 1 7 
420 4 2 1 3 
421 0 2 1 3 
422 1 7 5 6 4 
423 5 6 0 4 2 1 3 
424 2 1 3 5 4 
425 0 5 4 6 
426 7 6 4 5 
427 6 2 3 5 1 4 
428 7 4 1 0 5 
429 5 0 7 2 1 
430 2 1 0 7 
431 6 7 5 
432 1 0 5 2 3 4 
433 3 2 1 4 
434 0 5 2 1 6 4 7 
435 2 4 1 0 5 
436 7 4 1 0 5 
437 4 6 0 2 1 3 
438 3 6 7 1 
439 2 0 1 4 5 
440 7 5 6 0 1 
441 4 5 1 3 7 
442 1 3 2 
443 4 1 0 5 
444 5 3 2 4 
445 4 5 7 6 
446 2 5 4 6 
447 4 1 2 3 5 6 
448 5 1 7 6 
449 1 4 0 
450 6 0 1 4 5 
451 4 7 1 6 3 5 
452 1 0 5 2 3 4 
453 5 0 2 1 3 
454 4 7 3 1 6 5 
455 1 0 7 2 
456 0 1 4 5 
457 0 4 1 
458 5 1 4 0 
459 6 7 5 
460 0 1 7 5 6 4 
461 4 1 0 5 
462 1 6 0 4 
463 2 3 0 1 4 5 
464 3 1 2 
465 4 6 2 3 1 
466 4 5 
467 0 7 5 6 4 
468 3 6 1 5 4 
469 3 6 0 4 2 1 
470 6 7 1 4 5 3 
471 5 6 2 4 3 
472 0 6 2 3 1 5 7 
473 2 3 0 1 4 5 
474 7 1 0 5 6 4 
475 2 6 0 4 1 3 
476 5 1 3 6 
477 0 5 1 3 7 
478 6 0 1 4 5 
479 6 2 3 1 
480 6 1 4 0 5 
481 2 0 7 1 
482 3 0 2 1 
483 5 0 2 3 
484 5 4 1 0 
485 0 2 7 3 
486 1 5 3 7 
487 5 7 0 6 4 
488 1 5 0 2 6 4 7 
489 1 6 2 3 5 7 
490 7 6 2 3 1 
491 6 2 1 3 4 
492 7 5 6 0 1 
493 4 7 2 3 
494 3 5 6 4 2 7 
495 6 7 0 5 4 
496 1 6 2 3 
497 3 7 0 1 2 
498 0 5 1 3 7 
499 3 5 0 1 4 
500 7 1 4 6 3 5 
501 4 1 2 3 5 
502 3 4 7 5 6 
503 2 1 3 4 
504 7 1 6 5 
505 4 6 0 2 1 3 
506 2 3 0 1 4 5 
507 5 4 6 
508 4 5 7 6 0 1 
509 4 7 3 1 6 5 
510 2 5 4 
511 4 0 1 5 
512 5 7 6 4 
513 1 6 5 4 
514 6 5 2 4 1 3 
515 4 7 5 6 
516 1 5 6 4 
517 5 2 0 3 1 
518 4 5 1 3 
519 1 4 5 7 6 
520 0 7 2 3 4 1 
521 0 3 6 7 1 
522 5 7 1 6 
523 6 2 0 3 5 1 
524 0 2 3 5 1 4 
525 4 6 5 2 3 
526 1 0 2 3 
527 2 1 3 5 6 
528 3 4 1 5 7 6 
529 4 5 2 7 6 1 3 
530 4 6 5 2 3 
531 0 1 7 5 6 4 
532 3 5 2 4 1 
533 3 6 4 5 7 
534 6 5 1 3 
535 5 2 0 3 1 
536 0 5 1 3 
537 2 6 4 7 5 3 
538 7 5 2 6 1 3 
539 2 5 4 
540 5 7 6 0 1 
541 0 2 3 5 1 4 
542 6 5 4 
543 6 2 3 1 
544 6 7 5 
545 2 6 4 7 5 3 
546 2 7 3 
547 5 2 4 6 7 0 1 
548 5 1 7 6 
549 0 5 2 3 4 
550 1 5 4 6 
551 5 7 0 1 2 3 
552 1 2 3 5 4 
553 0 6 1 5 4 
554 7 0 5 6 4 
555 6 0 5 2 3 
556 7 3 4 1 6 5 
557 5 3 0 1 
558 3 7 4 1 6 5 
559 6 5 1 3 
560 1 6 2 3 
561 2 5 4 6 0 1 
562 0 4 1 5 7 6 
563 3 2 1 4 
564 7 0 5 2 3 4 
565 4 7 0 5 6 
566 3 5 2 7 6 1 
567 2 0 5 3 4 
568 7 0 2 1 
569 4 6 1 5 
570 2 5 7 6 1 3 
571 5 6 4 
572 5 4 7 6 
573 4 1 7 0 5 6 
574 2 6 1 5 4 
575 4 5 
576 5 1 3 
577 1 3 6 7 
578 6 5 0 1 4 
579 4 7 5 6 
580 1 6 7 5 3 0 2 
581 5 6 4 7 2 3 
582 4 2 7 3 
583 1 6 4 7 5 2 3 
584 0 3 1 4 5 
585 0 5 2 1 6 4 7 
586 5 3 0 1 4 
587 6 5 1 3 
588 0 6 2 3 1 
589 4 3 0 1 5 
590 1 7 2 3 0 4 
591 2 6 0 4 1 3 
592 3 6 5 2 4 
593 4 7 3 6 2 5 
594 4 7 1 6 5 3 
595 0 7 2 1 
596 3 2 7 
597 3 1 0 7 
598 6 5 4 0 1 
599 5 3 0 1 4 
600 0 7 5 6 4 
601 2 5 4 1 3 
602 7 6 2 3 1 5 
603 2 7 3 4 1 6 5 
604 5 0 2 1 6 4 7 
605 0 2 7 3 
606 6 7 0 1 2 3 
607 6 5 7 4 
608 6 5 4 
609 2 3 5 6 4 7 
610 3 1 2 5 4 
611 5 4 6 
612 5 4 7 6 
613 0 2 1 3 4 
614 1 5 4 6 
615 5 1 2 3 6 
616 1 7 5 6 4 
617 0 4 1 
618 7 1 3 5 6 
619 6 7 5 3 0 2 1 
620 7 2 0 3 5 1 
621 5 1 7 0 6 4 
622 3 7 2 0 4 1 
623 7 5 1 6 3 
624 1 2 5 4 6 7 0 
625 3 6 7 1 
626 0 4 1 5 7 6 
627 3 6 4 5 7 
628 7 6 5 3 0 2 1 
629 4 5 
630 3 7 2 
631 2 7 1 4 6 5 3 
632 7 0 1 2 3 
633 4 5 
634 2 7 5 6 4 
635 5 4 6 0 1 
636 5 4 6 
637 4 5 3 2 
638 2 1 3 5 6 
639 4 7 5 6 
640 5 3 0 1 
641 1 3 5 6 
642 6 3 0 1 4 5 
643 4 3 5 6 2 7 
644 1 6 2 3 
645 5 1 7 6 
646 4 6 0 2 1 3 
647 1 2 3 5 4 
648 0 1 2 3 5 6 
649 0 7 2 1 
650 5 6 1 4 7 0 
651 6 5 2 4 3 
652 0 5 4 
653 4 5 6 
654 1 7 2 3 0 4 
655 2 7 1 4 6 3 5 
656 3 5 1 6 
657 4 3 1 2 
658 4 7 2 3 0 1 
659 0 7 2 3 
660 3 5 0 1 4 
661 3 1 2 5 4 
662 6 0 4 1 
663 5 7 1 4 6 3 
664 0 1 7 5 6 
665 2 5 0 1 6 4 7 
666 7 5 3 2 4 
667 2 7 3 
668 5 1 7 0 6 4 
669 0 5 2 7 6 1 3 
670 6 7 3 4 1 5 
671 6 0 1 4 5 
672 6 0 4 2 1 3 
673 2 7 5 6 4 
674 3 5 1 
675 4 5 7 6 
676 5 6 3 2 7 4 
677 0 7 3 6 2 4 5 
678 1 7 0 5 6 4 
679 5 1 2 3 6 
680 1 7 5 6 
681 0 3 1 
682 7 1 6 5 
683 6 5 7 4 
684 7 3 1 2 
685 5 2 3 1 4 
686 3 0 5 2 
687 6 1 7 5 
688 1 7 5 6 
689 3 2 0 5 1 
690 0 1 7 
691 3 1 7 0 5 6 4 
692 7 2 3 
693 4 7 3 1 6 5 
694 2 5 4 6 0 1 
695 2 3 1 
696 7 1 0 5 6 4 
697 4 2 3 5 1 
698 2 6 1 4 7 0 5 
699 5 6 4 7 
700 5 7 6 4 
701 4 7 3 6 2 5 
702 2 3 5 6 4 7 
703 4 6 1 5 
704 5 1 7 6 
705 1 7 3 6 2 4 5 
706 6 1 7 5 
707 4 7 2 3 
708 1 0 7 
709 5 1 2 3 6 
710 4 6 1 5 
711 1 0 7 2 
712 0 7 1 4 6 5 3 
713 0 5 2 7 6 1 3 
714 5 0 2 3 
715 6 5 0 2 1 4 7 
716 0 2 7 3 
717 4 7 5 6 
718 1 5 4 6 
719 3 6 7 5 
720 3 5 6 4 2 7 
721 4 6 7 5 2 3 
722 4 3 6 7 1 
723 0 5 3 2 4 
724 3 6 7 1 
725 3 7 2 0 4 1 
726 6 3 7 1 
727 5 7 1 4 6 3 
728 0 6 2 3 1 5 7 
729 2 1 3 5 6 
730 7 1 3 5 6 
731 2 0 1 4 5 
732 5 6 2 3 1 7 
733 0 6 7 5 
734 6 0 5 2 3 4 
735 6 7 3 2 4 5 
736 6 5 2 4 3 
737 2 6 4 5 7 
738 2 7 0 1 3 
739 5 6 7 
740 5 0 2 1 3 
741 1 3 0 
742 2 5 3 4 
743 5 0 1 4 
744 2 1 3 5 6 
745 3 1 7 5 6 
746 7 1 2 3 5 4 
747 6 5 7 4 
748 7 6 1 4 0 5 
749 4 3 6 7 1 
750 3 5 0 1 4 
751 6 5 4 0 1 
752 1 7 0 2 3 
753 3 2 7 
754 0 1 7 5 6 4 
755 3 2 5 4 6 7 0 1 
756 7 1 4 6 5 3 
757 4 5 
758 3 1 2 5 4 
759 2 6 5 4 3 
760 7 5 1 3 
761 1 5 3 
762 2 5 4 1 3 
763 5 6 1 4 7 0 
764 4 6 0 2 1 3 
765 4 5 0 2 1 6 7 
766 2 5 6 4 
767 4 5 2 1 3 
768 5 1 2 3 6 
769 1 7 3 4 6 5 
770 6 4 1 0 5 
771 4 7 0 5 6 
772 2 7 1 4 6 3 5 
773 5 0 1 4 
774 4 5 6 
775 2 7 3 
776 0 6 4 5 7 
777 2 1 4 0 5 
778 5 0 2 3 4 
779 6 0 2 1 3 
780 0 2 5 4 6 7 1 
781 4 6 5 7 
782 1 7 3 4 6 5 
783 2 3 5 1 4 
784 3 5 4 
785 4 7 5 6 
786 4 7 5 6 
787 0 6 4 7 5 2 3 
788 3 1 2 
789 3 0 2 1 
790 6 7 5 4 
791 5 3 6 7 1 
792 0 6 1 4 7 5 
793 2 6 1 4 7 0 5 
794 7 5 6 3 2 4 
795 2 5 7 6 4 
796 5 4 1 7 6 
797 0 5 1 3 
798 6 5 2 4 1 3 
799 6 3 1 2 
800 6 0 5 2 3 
801 2 0 1 3 
802 3 6 1 4 7 0 5 
803 5 0 2 3 
804 5 4 
805 0 5 2 1 6 4 7 
806 1 6 5 4 
807 5 6 4 
808 1 5 0 4 
809 0 7 2 1 
810 7 6 4 5 
811 6 1 2 3 5 4 
812 7 0 5 2 3 4 
813 5 3 0 1 4 
814 3 0 2 1 
815 6 3 7 1 
816 1 4 7 5 6 
817 3 6 1 4 7 0 5 
818 0 4 1 
819 3 2 5 4 6 7 0 1 
820 7 1 0 
821 4 6 0 1 
822 3 6 4 7 5 2 
823 2 5 7 6 0 1 
824 7 2 3 0 4 1 
825 4 5 1 3 7 
826 2 5 6 4 
827 5 1 3 6 
828 5 4 6 
829 7 3 6 1 
830 2 1 3 5 4 
831 6 4 5 7 
832 7 6 5 
833 1 5 4 
834 6 7 2 3 0 4 1 
835 6 5 4 
836 1 0 2 3 
837 6 7 2 3 0 4 1 
838 6 7 2 3 
839 1 5 6 3 
840 0 5 7 6 1 
841 0 7 5 6 4 
842 7 2 3 
843 6 5 0 2 1 4 7 
844 0 5 4 
845 6 5 4 
846 1 5 3 7 
847 2 0 1 4 5 
848 3 1 2 5 4 
849 6 5 1 3 
850 7 1 3 5 6 
851 0 4 1 5 7 6 
852 3 1 7 5 6 
853 3 2 1 4 
854 6 2 3 5 1 4 
855 7 6 2 3 1 5 
856 0 2 5 4 6 7 1 
857 2 6 7 5 3 0 1 
858 7 1 4 6 3 5 
859 2 6 5 4 3 
860 7 5 0 1 4 
861 0 7 5 6 4 
862 6 4 1 5 7 
863 6 1 0 7 
864 6 7 2 3 
865 2 1 3 4 
866 3 5 4 
867 6 7 1 4 3 5 
868 6 5 4 
869 0 6 4 7 5 2 3 
870 1 5 2 4 3 
871 5 7 3 6 2 4 
872 1 5 4 
873 1 4 0 
874 7 6 1 4 0 5 
875 6 2 3 1 
876 7 0 2 1 
877 5 3 0 1 
878 3 5 1 6 
879 7 5 6 3 2 4 
880 1 7 3 6 2 4 5 
881 3 2 5 1 4 
882 0 5 1 3 7 
883 3 1 2 5 4 
884 7 0 2 1 3 
885 4 5 7 6 
886 3 7 0 1 2 
887 2 0 7 1 
888 7 5 1 3 
889 1 4 5 7 6 
890 3 5 6 2 7 4 
891 5 3 0 1 
892 2 6 7 5 3 0 1 
893 4 5 6 3 2 7 
894 2 6 1 5 4 
895 4 5 6 
896 2 1 0 7 
897 1 2 3 5 4 
898 6 5 2 4 3 
899 7 3 1 2 
900 2 6 4 5 7 
901 1 5 4 
902 6 0 4 1 
903 1 5 6 3 2 7 4 
904 1 4 0 5 
905 0 5 4 6 1 
906 5 2 4 1 3 
907 7 3 4 1 6 5 
908 2 5 3 4 
909 4 6 7 5 3 0 2 1 
910 3 5 6 2 7 4 
911 2 7 3 6 4 5 
912 2 0 3 5 1 
913 7 5 1 3 
914 4 3 5 6 2 7 
915 0 5 4 
916 1 6 7 5 
917 3 5 1 6 
918 7 5 0 2 1 6 4 
919 5 1 7 0 6 4 
920 3 1 2 5 4 
921 3 4 1 5 7 6 
922 7 3 4 1 6 5 
923 7 2 1 3 4 
924 4 0 2 1 3 
925 0 1 4 5 
926 2 7 3 
927 7 6 4 5 
928 3 7 4 1 6 5 
929 1 6 2 3 
930 1 2 7 3 
931 5 0 1 4 
932 7 5 6 4 
933 0 5 7 6 4 
934 1 6 4 5 7 
935 5 7 3 4 1 6 
936 1 5 3 
937 0 6 1 4 7 5 
938 7 3 0 1 
939 6 4 7 5 
940 1 3 5 6 4 2 7 
941 5 2 7 6 1 3 
942 2 6 0 4 1 
943 1 7 3 6 2 4 5 
944 1 3 5 6 
945 3 5 0 1 4 
946 1 7 5 6 4 
947 3 0 1 4 5 
948 7 5 1 6 3 
949 4 2 1 3 
950 3 5 1 7 
951 2 5 1 3 7 
952 7 1 6 5 
953 4 3 1 2 
954 1 6 4 5 7 
955 4 7 1 6 5 
956 7 5 6 4 
957 7 3 5 6 4 2 
958 3 5 6 4 2 7 
959 6 2 3 1 5 7 
960 7 4 5 6 
961 1 3 0 
962 6 5 4 
963 7 5 4 
964 1 7 2 3 0 4 
965 6 0 4 1 
966 6 5 4 
967 1 2 3 5 6 
968 0 7 3 6 2 4 5 
969 0 5 4 6 1 
970 7 6 5 
971 7 3 1 2 
972 0 6 2 3 1 5 7 
973 7 2 3 0 4 1 
974 1 6 0 4 2 3 
975 2 6 0 4 1 
976 3 7 5 6 4 
977 7 0 5 2 3 4 
978 7 5 4 6 
979 0 2 5 4 6 7 1 
980 3 6 7 5 
981 3 6 2 1 5 7 
982 7 1 0 
983 7 5 3 2 4 
984 0 5 2 7 6 1 3 
985 2 3 0 1 
986 7 1 4 0 5 
987 2 1 4 0 5 
988 7 6 2 3 1 5 
989 0 6 4 1 
990 7 0 5 2 3 4 
991 7 6 5 2 4 3 
992 7 3 6 1 
993 2 7 3 6 4 5 
994 3 6 0 4 1 
995 6 1 4 0 5 
996 7 5 6 0 1 
997 0 5 7 6 1 
998 1 5 0 4 
999 5 7 1 6 
1000 1 5 0 4 
1001 2 6 1 5 4 
1002 7 5 0 2 1 6 4 
1003 6 7 0 5 4 
1004 1 6 0 4 
1005 1 5 6 3 
1006 3 7 1 4 6 5 
1007 1 7 3 6 2 4 5 
1008 1 7 4 6 3 5 
1009 3 5 4 6 0 1 
1010 0 6 4 1 
1011 3 5 2 4 1 
1012 2 1 3 5 6 
1013 2 5 7 6 0 1 
1014 3 2 0 5 1 
1015 2 6 7 5 3 0 1 
1016 3 6 7 5 
1017 1 7 6 5 
1018 2 3 1 
1019 5 6 4 7 2 3 
1020 7 5 3 2 4 
1021 7 2 5 4 6 0 1 
1022 2 4 7 5 6 
1023 6 4 1 5 7 
