0 5 4 1 0 
1 4 6 5 7 1 
2 4 6 7 1 
3 0 4 6 1 
4 4 6 7 3 1 2 
5 2 5 7 4 0 1 
6 7 3 0 2 
7 3 2 5 4 0 1 
8 1 5 6 7 3 2 
9 1 4 5 2 0 
10 5 4 2 3 6 1 
11 2 1 0 
12 3 5 4 1 0 
13 3 4 5 2 
14 2 4 6 7 3 0 1 
15 4 5 6 0 
16 0 6 5 1 7 
17 5 4 6 7 0 1 
18 2 3 0 1 
19 3 4 6 5 7 0 1 
20 1 6 4 7 
21 4 2 6 1 3 7 0 
22 3 4 5 2 1 0 
23 0 2 3 1 
24 3 5 4 0 2 
25 1 4 2 3 6 
26 7 5 6 4 0 
27 1 2 6 7 0 3 
28 0 5 6 4 
29 0 2 1 
30 6 4 5 2 
31 1 5 4 0 2 
32 4 5 1 
33 4 7 5 6 0 1 
34 5 6 1 7 0 
35 3 4 6 7 0 1 
36 6 3 0 1 2 
37 2 5 4 1 0 
38 1 7 4 6 0 
39 1 5 4 0 2 
40 3 2 6 7 0 
41 7 5 6 2 3 
42 6 4 5 0 1 
43 7 6 5 4 0 
44 7 2 4 6 5 3 1 
45 4 5 6 0 1 
46 5 0 1 2 
47 7 4 5 6 0 1 
48 2 3 0 
49 0 6 4 7 3 1 2 
50 2 6 5 4 7 0 
51 5 4 1 0 
52 6 5 1 3 2 
53 5 4 6 1 0 
54 1 5 7 4 0 
55 6 5 1 7 0 
56 4 6 5 3 7 1 2 
57 6 5 4 0 2 
58 3 5 6 2 
59 2 5 4 0 
60 2 4 5 3 1 
61 0 4 6 5 1 
62 3 5 6 1 7 0 
63 6 2 1 0 
64 5 1 6 2 0 3 
65 4 5 6 0 
66 4 6 7 0 1 
67 0 1 6 5 2 3 
68 4 0 1 2 
69 2 4 5 1 
70 7 5 6 1 0 
71 3 4 6 7 0 1 
72 1 4 5 2 0 
73 1 5 4 0 
74 5 4 2 1 0 
75 3 4 5 1 
76 3 2 1 0 
77 3 5 6 1 2 
78 2 4 5 1 0 
79 4 6 7 0 1 
80 0 3 1 2 
81 5 6 4 7 1 2 3 
82 2 6 5 1 7 0 
83 3 5 6 2 1 0 
84 1 2 3 0 
85 4 2 3 5 1 
86 2 3 1 
87 0 5 4 1 
88 3 4 6 1 0 
89 1 4 5 0 
90 7 4 6 1 0 
91 1 4 6 7 3 2 0 
92 1 4 7 5 6 0 
93 0 5 4 1 
94 6 3 2 0 
95 1 7 4 6 0 
96 4 6 1 0 
97 4 3 1 0 2 
98 5 4 6 1 
99 3 6 4 7 1 
100 6 1 5 2 3 
101 2 4 6 5 3 7 1 
102 0 2 5 4 3 1 
103 1 4 5 6 0 
104 0 5 4 1 
105 7 2 6 0 3 
106 6 2 5 4 3 0 1 
107 7 4 5 6 0 1 
108 7 4 0 1 
109 5 6 3 2 1 0 
110 5 4 2 1 0 
111 7 4 6 2 1 
112 2 1 4 5 0 
113 2 5 6 1 3 
114 2 1 0 
115 5 4 2 6 0 1 
116 6 4 2 0 1 
117 5 6 1 7 0 
118 1 4 2 3 5 
119 6 4 2 1 3 7 0 
120 4 6 7 0 1 
121 6 4 0 1 
122 3 6 7 2 5 1 
123 2 1 0 
124 0 6 4 7 1 
125 0 6 5 1 7 
126 3 5 6 2 
127 6 2 5 4 3 0 1 
128 5 4 0 1 
129 4 1 6 5 2 0 3 
130 5 4 1 
131 0 4 5 1 
132 4 5 1 
133 2 1 4 5 0 
134 7 4 6 5 3 1 2 
135 3 0 1 2 
136 1 6 7 5 3 2 
137 1 2 3 0 
138 5 4 0 2 
139 2 5 6 7 4 1 
140 3 2 6 7 0 
141 3 6 4 7 1 
142 0 3 2 
143 4 6 5 7 1 
144 6 4 5 1 
145 4 5 1 
146 2 5 6 4 0 
147 3 4 2 6 0 1 
148 1 3 0 2 
149 6 5 4 7 1 2 3 
150 3 2 0 1 
151 0 4 2 6 1 3 7 
152 2 4 5 1 
153 1 6 7 2 5 3 
154 7 5 4 0 1 
155 1 5 6 3 2 
156 0 4 1 
157 0 5 6 4 
158 6 4 5 2 1 0 
159 1 6 4 7 0 
160 4 3 0 2 
161 4 6 5 7 1 
162 5 6 4 0 1 
163 3 5 4 1 0 
164 6 5 4 0 1 
165 2 6 7 5 3 
166 0 6 5 4 7 
167 0 4 5 2 
168 3 5 4 1 
169 7 5 4 1 
170 6 4 5 7 0 1 
171 7 5 4 1 0 
172 7 6 5 1 0 
173 4 2 7 6 5 3 1 
174 5 4 0 1 
175 7 4 5 6 0 1 
176 2 3 0 
177 2 0 1 
178 2 7 4 6 1 0 
179 4 1 5 0 
180 6 1 4 5 0 
181 5 4 7 6 1 0 
182 1 4 2 6 0 
183 6 5 4 0 1 
184 7 6 4 1 
185 6 4 5 0 1 
186 3 4 2 6 1 
187 2 4 5 1 0 
188 3 4 6 5 7 0 1 
189 0 2 7 4 6 5 3 1 
190 2 5 7 4 0 1 
191 6 1 4 5 0 
192 4 6 0 1 
193 5 4 1 
194 4 5 1 
195 0 6 5 4 7 1 2 3 
196 4 3 1 0 2 
197 2 5 6 4 0 
198 7 3 2 0 
199 3 4 5 2 1 0 
200 1 6 4 7 3 2 
201 1 6 4 0 
202 5 3 0 2 
203 2 1 4 5 0 
204 3 4 5 6 0 1 
205 3 4 6 7 0 1 
206 2 3 0 
207 4 2 6 1 3 7 0 
208 0 4 5 1 
209 5 6 1 7 0 
210 2 6 5 4 7 0 
211 3 4 5 6 0 1 
212 1 4 5 0 
213 4 5 6 0 1 
214 3 1 6 5 2 0 
215 0 5 4 1 
216 3 4 2 6 1 7 0 
217 1 4 6 5 3 7 2 
218 7 4 5 0 1 
219 1 6 4 5 7 
220 0 6 4 1 
221 7 4 5 1 0 
222 6 1 4 5 0 
223 0 5 6 7 3 2 1 
224 4 3 0 1 2 
225 4 0 1 2 
226 5 2 3 0 1 
227 3 4 5 1 0 
228 6 7 5 3 2 
229 0 4 2 3 5 1 
230 0 4 5 7 6 1 
231 1 2 7 4 6 5 3 
232 2 4 5 3 1 
233 7 2 4 6 5 3 1 
234 6 3 0 1 2 
235 6 4 7 0 1 
236 7 1 6 5 2 0 3 
237 0 6 4 1 
238 5 7 4 6 1 0 
239 7 0 1 2 
240 2 4 3 5 1 
241 2 5 4 3 0 1 
242 2 1 6 5 0 3 
243 5 0 1 2 
244 7 4 2 6 0 1 
245 5 6 1 3 2 
246 1 5 6 7 4 
247 7 5 4 0 2 
248 4 2 5 3 0 1 
249 6 2 4 5 3 1 
250 3 5 4 0 1 
251 2 4 6 0 1 
252 2 5 6 1 7 0 
253 0 6 4 7 3 1 2 
254 3 4 5 2 
255 6 5 2 3 
256 6 4 5 1 
257 4 5 0 2 
258 4 5 1 
259 0 6 7 2 5 3 1 
260 5 2 4 3 0 1 
261 2 5 6 4 0 
262 7 5 4 0 1 
263 3 6 7 2 5 1 
264 1 6 4 7 3 2 
265 1 5 4 0 
266 5 4 2 3 6 1 
267 2 6 4 7 0 1 
268 3 6 4 7 1 
269 1 5 4 0 
270 3 4 6 7 2 0 1 
271 4 3 6 2 1 
272 0 5 4 1 
273 5 1 6 2 3 
274 2 3 0 1 
275 3 4 5 7 6 1 0 
276 0 1 6 5 2 3 
277 4 5 6 0 
278 0 5 6 7 4 1 
279 0 2 6 7 3 
280 2 6 4 5 7 1 
281 1 3 0 2 
282 7 6 4 3 1 2 
283 1 6 4 7 0 
284 0 4 6 1 
285 0 5 6 2 3 
286 6 4 1 0 
287 1 3 2 0 
288 4 1 6 5 2 0 3 
289 4 5 1 
290 5 6 1 7 0 
291 3 6 5 4 7 1 2 
292 6 4 2 0 1 
293 3 2 6 7 0 
294 0 4 2 3 5 1 
295 1 5 6 3 2 
296 3 5 4 0 1 
297 7 4 6 5 0 1 
298 6 5 4 1 0 
299 7 4 6 5 0 1 
300 7 6 5 3 2 
301 4 5 6 3 2 1 0 
302 5 4 0 1 
303 7 1 4 5 0 
304 2 5 6 3 
305 2 4 5 3 1 
306 2 5 6 1 3 
307 5 6 4 7 0 1 
308 6 7 4 2 1 
309 5 6 3 2 1 0 
310 1 4 6 7 0 
311 6 3 1 0 2 
312 4 0 1 2 
313 6 4 2 1 3 7 0 
314 2 4 6 1 3 7 0 
315 1 2 5 4 3 0 
316 0 4 1 
317 0 2 4 5 3 1 
318 3 5 4 0 2 
319 6 4 1 0 
320 5 6 3 2 1 0 
321 4 6 1 0 
322 4 3 0 2 
323 0 5 6 1 7 
324 4 5 1 0 
325 2 3 1 
326 7 2 4 5 3 1 
327 3 2 1 
328 1 6 7 2 5 3 
329 0 1 4 5 
330 6 3 0 1 2 
331 2 6 5 4 7 1 3 
332 3 6 7 2 5 1 
333 3 4 5 1 
334 2 4 6 7 3 0 1 
335 5 2 4 3 1 
336 0 3 2 
337 0 3 2 
338 7 4 6 1 0 
339 2 4 5 6 0 1 
340 1 2 7 4 6 5 3 
341 6 5 4 7 0 
342 3 2 4 5 1 
343 5 4 0 1 
344 3 4 5 1 
345 1 6 4 7 3 2 
346 0 6 4 1 
347 4 6 7 1 
348 0 5 6 1 7 
349 0 4 5 1 
350 7 4 5 0 1 
351 1 6 4 5 7 
352 4 5 6 2 3 
353 4 7 5 6 0 1 
354 0 5 4 1 
355 3 5 7 4 0 1 
356 6 5 2 3 
357 2 5 6 1 7 0 
358 0 4 6 5 7 1 
359 1 4 0 
360 3 1 6 5 2 0 
361 7 2 4 6 5 3 1 
362 6 1 4 5 0 
363 7 4 6 0 1 
364 7 4 6 2 1 
365 5 6 7 3 2 1 
366 5 4 1 0 
367 4 6 0 1 
368 2 3 0 1 
369 2 5 6 7 3 1 
370 0 4 2 3 6 1 
371 5 4 6 1 0 
372 6 7 4 2 1 
373 7 2 1 0 
374 1 2 6 7 0 3 
375 6 3 1 0 2 
376 4 6 5 7 1 2 3 
377 7 4 5 6 0 1 
378 3 5 6 7 2 1 
379 2 6 5 4 7 1 3 
380 2 4 6 1 3 7 0 
381 0 7 4 6 1 
382 3 4 2 6 0 1 
383 6 2 7 0 3 
384 0 5 6 7 4 1 
385 4 7 6 2 1 
386 3 4 6 2 1 
387 0 4 3 6 2 1 
388 0 5 6 1 3 2 
389 0 5 4 2 
390 3 6 5 4 7 1 2 
391 3 4 0 1 
392 1 6 4 7 0 
393 7 6 2 5 3 1 
394 3 5 4 1 
395 1 4 5 0 
396 3 1 4 5 0 
397 7 4 5 6 0 1 
398 6 2 3 0 1 
399 0 4 6 5 1 
400 1 4 6 5 7 0 
401 5 4 0 1 
402 3 2 0 
403 3 4 5 2 1 0 
404 6 5 4 1 
405 0 5 6 4 
406 7 2 3 1 
407 0 4 6 1 
408 6 5 4 0 1 
409 1 5 4 0 
410 7 5 4 0 2 
411 1 3 2 0 
412 1 3 0 2 
413 2 4 5 0 1 
414 0 4 2 3 6 1 
415 1 4 6 5 3 7 2 
416 5 6 2 3 
417 4 5 7 6 1 0 
418 5 4 1 0 
419 3 2 0 1 
420 5 4 1 0 
421 5 4 2 3 1 
422 7 4 5 2 1 0 
423 1 6 5 7 0 
424 3 6 7 2 5 1 
425 5 4 2 6 0 1 
426 6 4 5 1 
427 6 3 0 2 
428 5 7 4 0 1 
429 0 4 6 7 3 2 1 
430 5 4 0 1 
431 7 4 3 6 2 1 
432 0 5 6 1 7 
433 7 5 6 4 0 
434 5 4 7 6 0 1 
435 5 4 1 0 
436 5 4 1 
437 1 5 4 0 
438 1 4 6 7 0 
439 6 5 3 2 1 0 
440 5 3 0 2 
441 0 5 6 4 
442 5 4 1 
443 6 4 5 1 0 
444 2 3 0 1 
445 0 4 2 6 1 
446 3 2 1 
447 6 1 5 2 3 
448 5 7 4 6 1 0 
449 4 2 3 0 1 
450 4 5 6 7 1 
451 0 3 1 2 
452 7 4 6 3 2 0 1 
453 2 1 6 5 3 
454 7 6 5 3 2 
455 3 0 2 
456 1 6 4 0 
457 1 4 5 2 
458 5 3 0 2 
459 2 6 5 1 7 0 
460 2 5 6 1 3 
461 3 5 4 0 2 
462 2 5 4 0 1 
463 4 1 5 0 
464 0 5 4 1 
465 5 4 0 1 
466 2 4 0 1 
467 3 5 4 0 1 
468 1 4 6 5 
469 4 5 0 1 
470 3 2 7 4 6 5 1 
471 0 4 6 5 1 
472 3 5 4 1 
473 1 3 0 2 
474 7 5 6 1 0 
475 1 2 3 0 
476 0 5 6 7 4 1 
477 0 6 4 7 1 
478 6 4 2 0 1 
479 1 4 5 2 
480 4 5 6 7 1 
481 4 5 6 1 7 0 
482 5 6 2 3 
483 3 0 1 2 
484 6 5 4 0 1 
485 2 4 6 1 0 
486 0 5 7 4 1 
487 1 2 3 
488 3 4 2 5 1 
489 7 5 4 1 0 
490 7 4 5 2 1 0 
491 7 4 6 3 2 0 1 
492 7 6 5 4 0 
493 4 6 0 1 
494 5 4 2 3 6 1 
495 7 6 4 1 
496 2 4 5 3 1 
497 2 4 6 7 3 0 1 
498 2 6 5 4 7 0 
499 5 6 7 4 1 
500 6 3 1 0 2 
501 5 4 7 6 1 0 
502 1 2 3 
503 6 4 5 1 
504 4 2 5 3 1 
505 6 5 1 7 0 
506 3 1 6 5 2 0 
507 2 5 4 0 
508 2 5 6 1 7 0 
509 0 4 2 6 1 3 7 
510 3 6 4 5 7 1 
511 6 4 5 2 
512 5 2 3 1 
513 4 5 6 0 
514 4 2 5 3 0 1 
515 0 4 1 
516 4 5 0 1 
517 2 6 4 5 7 1 
518 7 2 6 0 3 
519 3 4 5 1 
520 1 4 2 3 5 
521 1 5 7 4 0 
522 5 6 4 7 0 
523 2 6 7 0 3 
524 3 5 4 0 1 
525 3 1 6 5 2 
526 2 5 4 0 
527 4 2 6 1 3 7 0 
528 0 5 6 3 2 1 
529 5 4 6 0 1 
530 2 5 4 0 1 
531 3 4 2 6 0 1 
532 1 6 5 2 3 
533 4 6 7 3 1 2 
534 3 2 0 1 
535 0 6 4 5 7 1 
536 3 4 6 5 7 0 1 
537 1 6 5 4 7 0 
538 7 6 4 5 1 
539 1 6 4 7 
540 0 6 7 5 3 2 
541 0 4 7 5 6 1 
542 6 5 4 0 1 
543 1 5 4 
544 4 0 1 
545 4 6 5 1 7 0 
546 5 6 4 0 
547 3 6 4 0 1 
548 6 2 1 0 
549 2 5 4 1 0 
550 0 4 5 1 
551 1 6 5 2 3 
552 3 2 7 4 6 5 1 
553 7 4 6 5 1 
554 6 5 4 7 1 2 3 
555 7 4 6 3 2 0 1 
556 7 5 6 3 2 1 0 
557 4 6 5 1 
558 5 4 2 
559 7 3 0 1 2 
560 2 5 4 0 
561 3 0 1 2 
562 2 5 4 3 0 1 
563 5 4 0 1 
564 6 7 2 5 3 1 
565 5 4 6 3 7 1 2 
566 1 6 7 2 5 3 
567 6 5 4 1 0 
568 4 6 5 7 1 2 3 
569 6 4 0 1 
570 3 2 7 4 6 5 1 
571 2 3 0 
572 2 5 7 4 0 1 
573 0 5 6 3 2 1 
574 1 6 4 7 0 
575 6 5 7 3 2 1 
576 5 4 6 7 0 1 
577 4 5 0 2 
578 4 5 6 7 1 
579 0 5 4 1 
580 4 7 6 2 1 
581 2 7 4 6 1 0 
582 7 0 1 2 
583 3 5 6 2 
584 1 4 6 5 7 0 
585 1 2 0 
586 5 3 0 2 
587 2 5 4 1 0 
588 3 4 5 7 6 1 0 
589 3 2 0 1 
590 2 4 5 
591 4 0 1 
592 0 4 5 1 
593 5 4 0 1 
594 2 4 3 5 1 
595 3 6 5 4 7 0 
596 1 6 5 4 7 2 3 
597 4 6 7 3 2 0 1 
598 3 4 6 5 7 1 2 
599 0 5 4 1 
600 3 4 2 6 1 
601 1 5 4 0 2 
602 7 3 2 0 
603 1 3 0 2 
604 0 5 6 7 4 1 
605 0 3 1 2 
606 6 4 7 1 
607 1 4 2 6 3 7 0 
608 4 5 7 0 1 
609 4 6 5 3 7 1 2 
610 5 7 4 6 1 0 
611 3 4 6 2 1 
612 7 6 5 1 0 
613 2 5 4 1 0 
614 0 2 1 
615 1 2 5 4 3 0 
616 3 4 7 5 6 0 1 
617 7 4 2 3 6 1 
618 6 4 5 1 
619 7 4 3 6 2 1 
620 7 6 5 1 0 
621 4 2 6 0 1 
622 5 2 3 0 1 
623 7 4 5 6 1 0 
624 2 5 6 3 1 0 
625 2 3 0 
626 2 5 4 0 1 
627 5 4 2 1 0 
628 6 4 5 1 0 
629 5 7 4 6 1 0 
630 1 7 4 6 2 
631 6 5 4 1 
632 4 6 7 3 1 2 
633 6 2 4 5 3 1 
634 3 5 6 7 4 1 
635 2 1 4 5 0 
636 2 5 4 0 
637 0 3 2 
638 3 2 0 1 
639 6 4 5 1 
640 5 0 1 2 
641 4 6 7 0 1 
642 4 6 7 0 1 
643 0 4 5 7 6 1 
644 4 6 7 3 2 0 1 
645 2 3 0 1 
646 7 6 4 1 
647 3 6 5 4 7 1 2 
648 1 4 2 3 6 
649 1 4 5 0 
650 5 4 1 
651 2 1 0 
652 3 2 1 
653 2 4 3 6 1 
654 2 7 4 6 1 0 
655 4 2 3 6 1 
656 0 5 6 3 2 1 
657 5 1 6 2 3 
658 2 4 6 7 3 0 1 
659 3 6 5 4 7 0 
660 1 5 4 0 
661 4 5 1 0 
662 3 0 1 2 
663 0 5 4 2 
664 3 5 6 1 7 0 
665 1 6 4 7 
666 7 6 5 4 0 
667 1 5 6 7 4 
668 0 2 3 1 
669 0 5 6 3 2 1 
670 6 7 4 1 0 
671 1 4 6 5 
672 4 5 0 2 
673 4 5 6 1 7 0 
674 5 6 3 2 1 0 
675 3 5 4 1 
676 6 5 1 3 2 
677 2 5 4 0 
678 0 3 1 2 
679 1 6 4 7 0 
680 3 6 4 7 1 2 
681 7 5 4 0 1 
682 6 1 5 2 3 
683 7 4 5 6 1 0 
684 7 5 6 3 2 1 
685 4 2 3 1 
686 5 1 6 2 3 
687 7 6 4 1 
688 2 4 5 1 
689 2 7 4 6 1 
690 2 5 6 1 3 
691 5 4 6 1 
692 6 4 5 1 
693 5 4 1 
694 1 5 4 0 2 
695 6 3 2 0 
696 4 7 6 2 1 
697 6 4 0 1 
698 3 2 0 1 
699 2 5 4 1 0 
700 2 4 5 1 0 
701 0 5 4 2 
702 1 4 6 5 3 7 2 
703 6 4 7 1 
704 5 4 0 1 
705 4 6 7 5 3 2 
706 7 5 6 3 2 1 0 
707 0 6 7 2 5 3 1 
708 4 5 6 7 3 2 1 
709 2 4 6 5 3 7 1 
710 7 6 5 4 0 
711 3 1 6 5 2 
712 1 6 7 5 3 2 
713 7 6 5 3 2 
714 5 4 2 
715 2 4 6 1 0 
716 3 4 5 0 1 
717 3 2 6 7 0 
718 2 6 4 7 0 1 
719 7 2 5 4 3 0 1 
720 0 4 6 5 7 1 
721 5 6 1 7 0 
722 2 7 4 6 1 0 
723 3 2 1 0 
724 1 6 5 4 7 2 3 
725 4 5 0 1 
726 3 4 5 1 
727 0 5 4 1 
728 3 5 4 0 1 
729 1 5 4 0 
730 7 5 6 4 1 
731 1 3 2 0 
732 0 2 6 7 3 
733 0 5 4 1 
734 6 4 5 0 1 
735 1 5 6 3 2 
736 5 4 2 3 6 1 
737 4 2 6 7 0 3 
738 5 6 1 7 0 
739 3 4 2 6 0 1 
740 6 5 2 3 
741 2 3 1 0 
742 0 6 7 2 5 3 1 
743 1 4 6 5 3 7 2 
744 3 5 6 7 2 1 
745 7 5 4 0 1 
746 6 5 4 1 0 
747 7 5 6 2 3 
748 7 3 0 2 
749 4 2 3 5 1 
750 5 4 7 6 0 1 
751 7 2 4 5 3 1 
752 2 6 4 7 1 
753 2 4 3 6 1 
754 2 5 6 1 3 
755 5 4 7 6 0 1 
756 6 7 2 5 3 1 
757 5 4 0 1 
758 1 2 5 4 3 0 
759 6 2 7 4 5 3 1 
760 4 3 6 2 1 
761 6 4 7 3 1 2 
762 3 1 0 2 
763 2 7 4 6 5 3 1 
764 2 4 3 5 1 
765 0 5 4 1 
766 3 6 4 5 7 1 
767 6 4 5 1 
768 5 2 7 4 6 3 1 
769 4 5 2 1 0 
770 4 5 1 
771 0 4 2 3 5 1 
772 4 5 6 7 3 2 1 
773 2 3 0 1 
774 7 4 6 5 0 1 
775 3 4 2 6 0 1 
776 1 3 0 2 
777 1 4 6 7 0 
778 5 4 6 0 1 
779 2 4 6 5 3 7 1 
780 3 5 6 7 2 1 
781 3 4 5 2 
782 2 5 4 1 0 
783 4 5 0 1 
784 0 5 4 1 
785 5 6 7 3 2 1 
786 2 3 1 0 
787 3 4 0 1 
788 1 6 4 0 
789 4 6 7 0 1 
790 0 6 5 4 7 1 2 3 
791 0 2 7 4 6 5 3 1 
792 3 5 4 0 2 
793 1 2 4 5 3 
794 7 4 6 1 0 
795 1 0 2 
796 0 4 6 1 
797 2 1 6 5 0 3 
798 6 2 7 0 3 
799 1 5 6 3 2 0 
800 4 1 5 0 
801 5 2 4 3 1 
802 5 6 4 7 3 1 2 
803 3 5 6 1 2 
804 6 5 1 7 0 
805 2 1 6 5 3 
806 0 5 6 2 3 
807 1 4 5 0 
808 3 4 6 5 7 0 1 
809 7 5 4 1 0 
810 6 4 7 5 0 1 
811 7 5 4 0 1 
812 7 6 4 5 1 
813 4 5 1 
814 5 7 4 6 2 1 
815 7 6 4 3 1 2 
816 2 6 7 5 3 
817 2 4 5 1 0 
818 2 7 4 6 1 
819 5 1 6 2 3 
820 6 5 7 4 1 
821 5 4 7 6 0 1 
822 1 5 6 3 2 
823 6 5 4 7 0 
824 4 2 3 5 1 
825 6 4 5 1 
826 3 4 5 1 
827 1 4 6 5 7 0 
828 2 4 3 6 1 
829 0 3 2 
830 3 0 1 2 
831 6 4 3 2 1 
832 5 4 0 1 
833 4 6 7 3 2 0 1 
834 4 2 1 0 
835 0 5 4 1 
836 4 5 2 1 0 
837 2 5 4 1 
838 7 6 4 3 1 2 
839 2 1 0 
840 1 4 3 6 2 
841 1 6 4 0 
842 5 6 4 7 1 
843 2 4 5 7 6 1 0 
844 2 5 6 7 3 1 
845 3 4 6 2 1 
846 2 4 3 5 1 
847 4 5 6 7 1 
848 1 5 6 7 3 2 
849 5 4 1 
850 2 4 5 
851 3 4 6 2 1 
852 1 4 0 
853 5 6 4 7 1 
854 3 4 5 6 0 1 
855 0 1 6 5 2 3 
856 3 5 4 0 2 
857 1 0 2 
858 7 5 4 0 1 
859 1 6 4 7 0 
860 0 4 5 1 
861 0 4 6 5 3 7 1 2 
862 6 4 0 1 
863 1 4 5 
864 4 6 7 5 3 2 
865 4 6 7 0 1 
866 5 3 1 0 2 
867 3 4 2 6 1 
868 6 4 5 0 1 
869 2 5 4 0 1 
870 1 4 2 6 0 
871 1 6 5 2 0 3 
872 3 2 1 0 
873 5 4 0 2 
874 6 3 0 2 
875 7 3 2 0 
876 7 5 6 1 3 2 
877 4 7 6 2 1 
878 5 4 1 0 
879 7 5 6 3 2 1 
880 0 4 5 1 
881 3 6 7 2 5 1 
882 2 4 6 5 3 7 1 
883 5 4 2 
884 6 4 7 0 1 
885 5 4 6 7 0 1 
886 1 6 5 2 0 3 
887 6 5 4 0 
888 4 2 5 3 0 1 
889 6 4 5 7 0 1 
890 3 4 7 5 6 0 1 
891 2 6 4 7 3 1 
892 2 5 7 4 0 1 
893 0 1 6 5 2 3 
894 1 6 7 5 3 2 
895 6 4 2 1 3 7 0 
896 5 2 4 3 0 1 
897 4 5 1 0 
898 5 4 1 0 
899 0 4 2 6 1 3 7 
900 4 5 0 1 
901 0 6 7 5 3 2 
902 7 6 5 4 0 
903 0 2 6 7 3 
904 1 2 4 5 3 
905 1 4 7 5 6 0 
906 5 7 4 0 1 
907 1 2 7 4 6 5 3 
908 0 5 4 2 
909 1 0 2 
910 0 4 5 1 
911 6 4 2 1 3 7 0 
912 6 7 2 5 3 1 
913 5 4 1 0 
914 0 3 2 
915 0 2 6 7 3 
916 1 7 4 6 2 
917 4 6 7 5 3 2 
918 0 1 2 
919 5 4 1 
920 1 5 7 4 0 
921 0 5 6 2 3 
922 7 5 4 0 1 
923 1 6 4 5 7 
924 0 4 5 1 
925 7 5 4 0 2 
926 6 1 5 2 0 3 
927 5 0 1 2 
928 6 4 7 3 2 0 1 
929 4 6 5 1 7 0 
930 5 4 1 0 
931 5 4 0 1 
932 6 2 3 1 
933 5 6 7 4 1 
934 7 4 5 0 1 
935 5 6 4 7 0 
936 4 5 0 2 
937 7 4 6 5 0 1 
938 6 4 0 1 
939 4 1 6 5 2 3 
940 7 4 5 1 
941 7 4 6 5 1 
942 4 6 7 3 2 0 1 
943 7 6 4 5 1 
944 7 4 5 6 0 1 
945 6 5 2 3 
946 4 5 0 1 
947 7 5 4 1 
948 6 4 3 2 1 
949 7 3 1 0 2 
950 4 7 6 2 1 
951 6 4 5 2 1 0 
952 7 5 4 0 1 
953 6 4 5 7 1 0 
954 4 5 0 2 
955 7 4 5 2 
956 6 4 7 0 1 
957 7 6 5 4 1 2 3 
958 6 4 3 2 1 
959 7 4 0 1 
960 6 4 5 3 7 1 2 
961 0 4 6 1 
962 7 2 5 4 3 0 1 
963 0 2 3 1 
964 7 6 4 0 1 
965 0 5 7 4 1 
966 7 4 5 6 0 1 
967 0 4 2 3 6 1 
968 1 4 3 6 2 
969 1 4 7 5 6 0 
970 6 4 5 2 
971 1 4 5 7 6 0 
972 0 5 4 1 
973 7 4 5 6 1 0 
974 6 4 5 7 1 0 
975 6 7 5 3 2 
976 6 7 5 3 2 
977 6 4 7 3 2 0 1 
978 7 1 6 5 2 3 
979 4 2 7 6 5 3 1 
980 6 4 2 1 3 7 0 
981 4 5 0 2 
982 7 5 6 3 2 1 0 
983 5 6 4 0 1 
984 6 4 5 7 1 0 
985 7 4 2 6 1 3 0 
986 7 6 5 4 1 2 3 
987 4 7 6 1 0 
988 6 5 7 3 2 1 
989 7 6 5 1 0 
990 6 2 3 1 
991 5 4 7 6 1 0 
992 4 5 6 0 
993 4 2 3 1 
994 5 4 0 1 
995 5 2 3 0 1 
996 6 7 4 2 1 
997 5 6 7 2 3 1 
998 7 4 6 5 1 
999 5 3 0 2 
1000 4 2 1 0 
1001 7 4 2 3 5 1 
1002 6 4 5 1 
1003 7 2 4 5 3 1 
1004 7 4 6 5 3 1 2 
1005 4 6 5 7 1 
1006 5 4 1 0 
1007 7 4 5 6 0 1 
1008 5 1 6 2 0 3 
1009 6 7 4 1 0 
1010 4 5 7 0 1 
1011 5 6 4 7 3 1 2 
1012 6 5 4 0 1 
1013 5 7 4 6 2 1 
1014 4 5 6 0 1 
1015 6 7 4 1 0 
1016 4 6 7 0 1 
1017 7 4 6 0 1 
1018 5 4 2 
1019 7 5 4 0 1 
1020 6 4 3 2 1 
1021 7 4 5 1 
1022 6 4 2 3 5 1 
1023 7 5 4 0 2 
