0 1 3 6 4 
1 6 2 3 0 1 7 
2 1 2 0 3 
3 3 6 5 0 7 1 
4 7 1 4 6 2 0 3 
5 6 5 4 7 
6 0 2 3 
7 6 7 5 4 
8 6 2 4 0 3 
9 0 6 7 4 
10 7 3 2 1 6 
11 1 4 5 0 
12 6 2 5 0 4 
13 7 2 5 0 4 
14 7 4 3 1 5 
15 2 5 6 4 7 3 
16 6 5 4 7 
17 7 6 5 0 1 3 
18 2 4 0 3 6 
19 3 0 2 7 6 
20 0 3 2 7 6 
21 7 5 1 4 0 
22 5 7 4 0 6 2 
23 3 7 6 
24 0 6 5 4 7 3 
25 1 6 5 7 2 4 3 
26 3 1 4 6 2 0 7 
27 4 7 0 6 2 
28 5 1 4 6 2 0 7 3 
29 0 6 5 7 1 3 
30 2 6 5 4 7 3 
31 2 3 7 6 4 
32 4 5 7 3 6 
33 3 5 4 
34 0 2 4 3 6 
35 5 2 0 4 
36 0 5 7 2 4 3 
37 7 4 2 5 6 3 
38 5 4 3 
39 4 5 6 7 2 3 
40 3 5 2 4 
41 6 1 0 
42 6 1 4 3 0 
43 4 6 7 5 
44 7 4 2 5 6 3 
45 4 3 6 
46 0 5 3 2 7 6 
47 0 6 5 4 7 
48 2 3 0 6 1 7 
49 5 6 7 4 2 3 
50 2 7 6 3 
51 0 3 6 4 
52 7 2 4 0 5 6 1 3 
53 2 1 4 6 0 7 3 
54 3 2 0 
55 1 6 5 4 7 
56 7 1 4 6 2 0 3 
57 3 6 5 4 7 
58 6 3 4 
59 6 2 4 0 3 
60 2 3 7 6 4 
61 3 0 2 7 6 
62 7 2 1 3 
63 3 1 0 5 4 
64 1 7 4 0 6 2 
65 4 7 3 1 5 0 6 
66 1 4 5 0 
67 3 2 
68 4 7 2 0 3 1 6 
69 5 0 4 1 6 
70 0 5 6 4 7 2 3 
71 4 6 5 7 
72 6 7 0 
73 0 7 6 
74 5 1 4 0 
75 1 6 5 7 2 4 3 
76 6 7 4 
77 5 3 2 0 7 6 
78 7 4 0 6 2 
79 2 4 3 1 5 7 
80 5 1 4 6 2 0 7 3 
81 7 5 6 4 2 3 
82 2 0 5 7 6 1 4 
83 3 5 2 0 7 6 
84 0 2 3 
85 7 6 5 3 4 
86 5 3 0 2 7 6 
87 3 1 6 0 
88 0 2 3 1 5 
89 1 5 3 4 
90 3 4 
91 4 2 3 
92 5 2 1 0 6 7 
93 0 4 5 6 
94 2 5 3 0 7 6 
95 2 6 3 4 
96 4 2 0 3 6 
97 3 5 2 0 7 6 
98 0 4 3 
99 5 4 7 6 
100 0 6 5 7 1 3 
101 4 2 5 6 3 
102 5 6 7 4 
103 4 2 5 6 3 
104 3 7 1 4 5 0 6 
105 6 1 4 2 0 7 3 
106 6 3 7 2 4 
107 4 7 6 
108 7 3 4 6 5 
109 4 7 2 0 3 1 6 
110 0 6 5 7 1 3 
111 0 5 3 2 4 
112 2 4 1 5 0 
113 5 4 2 6 3 
114 2 5 7 4 3 
115 0 4 3 
116 7 2 1 3 
117 2 0 3 
118 2 1 0 7 3 6 5 
119 1 5 3 4 
120 7 6 2 3 5 4 
121 3 0 5 4 1 6 
122 6 3 4 
123 6 1 0 7 3 5 
124 2 6 7 4 
125 3 2 5 4 
126 7 4 3 
127 3 4 
128 3 6 4 
129 4 3 1 0 5 
130 1 6 0 
131 2 4 3 
132 5 2 0 3 
133 5 0 4 1 6 
134 0 4 1 5 
135 4 2 5 6 3 
136 6 7 2 0 3 1 
137 0 7 6 
138 5 6 7 4 2 3 
139 1 6 2 3 5 7 4 
140 6 5 3 2 0 7 
141 5 7 0 6 
142 7 4 5 6 
143 2 1 0 3 4 
144 5 1 2 3 
145 7 2 5 4 
146 2 5 4 3 
147 2 6 7 4 
148 1 0 5 4 6 
149 7 1 2 3 
150 5 0 4 1 6 
151 3 1 2 
152 0 2 5 4 
153 1 5 7 2 4 3 
154 3 7 0 6 
155 4 6 2 3 5 7 
156 5 4 1 0 
157 0 6 7 4 
158 3 1 0 7 6 5 
159 2 7 6 5 3 4 
160 4 7 6 5 3 
161 2 1 0 
162 1 2 4 0 3 6 
163 5 0 4 1 6 
164 0 5 1 4 
165 4 6 5 7 2 3 
166 5 6 3 4 
167 4 6 7 5 2 3 
168 3 0 2 1 5 
169 6 2 0 1 3 
170 6 2 0 3 
171 4 1 0 7 3 6 5 
172 7 3 0 1 6 
173 4 2 0 7 5 6 1 3 
174 0 2 3 1 5 
175 0 1 6 4 3 
176 2 3 0 7 6 
177 5 7 3 1 4 0 6 
178 2 0 3 
179 0 2 3 
180 7 6 2 3 5 4 
181 2 5 3 4 
182 3 2 
183 1 3 6 7 4 5 2 
184 6 3 0 2 7 
185 3 5 2 0 7 6 
186 6 7 3 
187 6 7 5 4 
188 2 1 0 
189 3 0 5 4 1 6 
190 7 0 6 
191 3 7 6 5 4 
192 1 5 4 3 
193 4 1 0 3 2 
194 1 4 5 0 
195 3 5 1 4 0 
196 4 0 5 1 6 
197 5 1 0 7 3 6 
198 0 3 6 4 
199 5 6 7 2 4 3 
200 6 3 4 
201 0 5 4 7 6 
202 5 3 4 
203 1 5 4 7 6 
204 7 5 6 4 2 3 
205 5 1 2 3 
206 7 2 3 
207 2 1 3 
208 5 1 6 0 
209 6 5 3 4 
210 2 3 
211 3 6 4 
212 0 1 6 4 3 
213 7 6 5 2 4 3 
214 5 2 4 
215 3 1 2 0 4 
216 0 6 5 7 1 3 
217 1 6 5 0 7 3 
218 3 5 4 7 6 
219 4 1 0 
220 5 2 1 0 6 7 
221 0 2 3 
222 2 5 6 4 7 3 
223 2 4 0 3 6 
224 4 5 7 3 6 
225 3 7 6 5 4 
226 0 2 5 4 
227 5 2 4 
228 0 5 1 4 
229 4 1 0 3 2 
230 5 6 7 4 2 3 
231 4 1 2 3 
232 3 7 6 
233 6 5 4 7 
234 6 2 3 
235 4 1 5 0 
236 7 3 4 
237 4 6 5 7 2 3 
238 0 5 1 4 
239 0 2 1 3 
240 2 4 5 6 
241 5 2 4 
242 2 1 4 6 0 7 3 
243 0 1 4 6 2 7 3 
244 7 4 5 6 
245 2 6 5 7 4 3 
246 3 0 5 4 1 6 
247 1 2 4 0 7 5 6 3 
248 7 5 3 2 0 6 
249 1 2 3 
250 6 1 0 3 2 
251 6 2 4 0 7 5 1 3 
252 0 2 1 3 
253 3 6 5 4 7 
254 7 6 5 2 4 3 
255 2 0 5 7 6 1 4 
256 1 4 6 2 0 7 3 
257 4 7 0 6 
258 1 0 
259 3 6 7 4 
260 4 5 6 
261 5 2 1 3 
262 3 1 0 
263 4 3 7 2 6 
264 6 2 3 5 7 4 
265 1 2 3 
266 5 6 7 4 
267 1 2 0 3 
268 6 0 2 3 1 5 
269 7 2 4 0 3 6 
270 7 1 0 3 6 5 
271 2 6 7 5 4 3 
272 5 4 1 0 
273 7 0 2 3 1 5 
274 2 6 7 5 4 
275 0 1 7 3 6 5 
276 0 7 6 
277 7 1 0 3 2 
278 5 6 4 7 3 
279 3 6 7 5 4 2 
280 0 3 6 4 
281 1 0 2 3 5 
282 2 5 0 4 
283 4 1 2 3 
284 4 3 7 2 1 6 
285 0 5 3 2 4 
286 2 0 1 3 
287 2 7 0 6 
288 4 2 0 1 3 
289 1 5 7 3 4 6 
290 0 1 2 
291 5 4 3 1 7 
292 1 0 2 3 
293 5 4 6 
294 7 4 1 5 0 
295 4 6 5 7 
296 6 7 4 
297 6 3 0 2 7 
298 6 7 4 0 2 
299 4 7 3 1 5 0 6 
300 7 5 4 6 
301 4 6 2 3 5 7 
302 0 7 2 3 1 6 
303 0 3 6 4 
304 2 3 7 1 6 
305 7 1 6 4 3 0 
306 3 4 2 5 6 
307 0 3 1 5 4 
308 7 3 1 0 5 4 
309 0 2 1 6 7 
310 0 5 7 3 4 6 
311 1 7 3 4 5 0 6 
312 7 2 4 0 3 6 
313 3 5 7 2 4 
314 6 3 4 
315 6 7 5 4 2 3 
316 2 0 3 
317 3 5 4 
318 7 5 6 4 2 3 
319 1 2 3 
320 3 5 7 4 6 
321 4 1 6 0 
322 1 4 2 5 6 3 
323 0 3 7 2 6 4 
324 4 7 3 1 5 0 6 
325 5 1 6 4 3 0 
326 0 4 1 5 
327 4 1 6 3 0 
328 6 7 5 4 2 3 
329 0 6 2 3 5 7 4 
330 5 2 0 4 
331 1 0 2 
332 7 6 4 
333 5 1 0 3 2 
334 7 4 2 5 6 3 
335 2 4 0 3 6 
336 5 2 3 0 6 1 7 
337 6 5 3 4 
338 2 7 4 0 6 
339 3 5 6 4 7 2 
340 0 5 4 3 
341 7 4 3 1 5 
342 5 1 4 6 2 0 7 3 
343 1 7 6 
344 0 3 4 6 5 7 
345 1 3 7 2 6 
346 1 7 0 6 
347 4 3 0 1 6 7 
348 5 3 1 0 4 
349 0 2 4 7 5 6 1 3 
350 2 1 0 6 7 
351 2 7 0 3 1 6 
352 4 5 3 
353 3 2 0 
354 0 1 4 6 2 7 3 
355 5 1 2 0 3 4 
356 1 2 0 3 
357 6 3 7 2 1 
358 5 2 1 3 
359 4 6 7 5 
360 3 0 2 1 
361 6 5 4 7 2 3 
362 6 7 5 3 4 
363 4 3 6 
364 7 3 2 6 4 
365 4 3 6 7 5 2 
366 0 7 6 5 3 4 
367 0 6 5 7 2 4 3 
368 2 1 0 3 
369 5 7 2 4 3 
370 2 5 3 4 
371 0 6 5 4 7 
372 7 2 1 3 
373 2 5 0 4 
374 3 7 2 0 1 6 
375 1 3 7 2 6 
376 7 1 0 3 6 5 
377 1 4 3 
378 6 3 0 2 7 
379 6 3 7 2 1 
380 0 3 1 6 7 
381 3 4 1 5 7 
382 7 6 5 4 
383 3 4 2 5 6 
384 1 3 7 2 6 
385 5 1 2 0 3 4 
386 1 5 4 7 6 
387 2 6 7 5 4 3 
388 4 5 6 
389 5 0 7 6 1 4 
390 3 1 0 5 4 
391 4 1 6 0 
392 6 4 5 
393 0 6 5 4 7 3 
394 6 5 3 4 
395 1 0 2 
396 6 3 1 0 5 4 
397 5 1 4 6 2 0 7 3 
398 6 2 1 3 
399 2 5 7 4 3 
400 5 2 0 3 
401 7 6 3 4 
402 2 6 7 5 4 
403 3 2 0 
404 0 2 5 4 
405 7 0 2 3 1 5 
406 5 2 3 0 6 1 7 
407 3 0 2 1 5 
408 0 4 2 5 6 3 
409 1 2 3 
410 3 2 5 4 
411 4 7 6 3 
412 5 2 3 
413 0 2 1 3 
414 2 5 7 4 3 
415 2 5 4 7 6 
416 4 7 6 
417 3 0 2 7 6 
418 0 2 3 
419 5 7 3 4 6 
420 0 3 6 4 
421 4 5 6 
422 5 4 2 6 3 
423 4 3 7 2 6 
424 3 7 2 1 6 
425 6 2 5 4 
426 6 7 3 
427 4 1 6 0 
428 7 5 3 4 
429 4 0 5 1 6 
430 0 3 6 4 
431 0 6 5 7 1 3 
432 2 4 0 3 6 
433 5 4 7 6 
434 2 0 1 3 
435 0 7 6 
436 7 4 5 6 
437 2 5 3 0 7 6 
438 3 1 0 
439 1 7 6 5 3 4 
440 7 2 0 3 
441 3 5 1 4 0 
442 6 7 5 4 2 3 
443 6 0 5 4 1 
444 2 7 0 3 1 6 
445 3 1 2 0 4 
446 7 2 4 0 3 6 
447 3 5 2 0 7 6 
448 1 7 6 
449 4 5 3 2 
450 1 6 4 3 0 
451 3 6 7 5 4 
452 4 2 0 3 
453 5 3 4 6 7 
454 0 6 7 5 4 
455 4 5 6 
456 6 1 2 3 
457 0 5 7 3 4 6 
458 5 2 4 0 7 6 1 3 
459 1 2 5 4 
460 6 7 2 0 3 1 
461 5 6 4 7 3 
462 7 5 2 4 3 
463 2 3 6 7 4 5 
464 5 4 1 0 
465 7 2 1 3 
466 2 1 0 6 7 
467 3 2 0 1 
468 0 1 3 2 
469 7 4 0 6 2 
470 5 6 4 7 3 
471 3 2 5 0 4 
472 3 2 4 0 7 5 6 1 
473 1 7 0 6 
474 3 7 1 4 5 0 6 
475 4 5 7 3 6 
476 5 3 4 6 7 
477 0 6 5 4 7 3 
478 2 7 4 0 6 
479 2 5 7 3 4 6 
480 4 1 6 3 0 
481 3 4 1 5 7 
482 0 2 5 4 
483 5 0 2 3 1 
484 0 2 3 
485 4 5 3 2 
486 5 7 6 3 
487 4 5 3 2 0 7 6 
488 3 4 5 6 
489 6 4 3 1 5 7 
490 6 3 4 5 7 
491 4 5 7 6 
492 7 6 3 
493 4 6 7 
494 0 1 2 
495 0 4 1 5 
496 2 1 3 
497 4 1 0 
498 2 0 3 
499 0 2 1 6 7 
500 7 5 3 4 6 
501 2 7 0 6 
502 3 6 5 4 7 
503 1 5 6 4 7 2 3 
504 7 2 0 1 3 
505 3 0 2 1 
506 6 7 5 4 
507 6 2 5 0 4 
508 2 7 0 3 1 6 
509 3 2 1 
510 7 1 6 4 3 0 
511 3 7 6 
512 1 0 2 3 5 
513 4 3 6 5 7 
514 1 5 7 2 4 3 
515 3 6 2 5 7 4 
516 4 2 1 0 6 7 
517 5 4 3 
518 0 7 4 6 2 
519 4 2 3 
520 6 2 3 
521 0 1 2 
522 5 3 1 0 4 
523 1 3 4 
524 6 2 4 0 3 
525 5 1 0 2 
526 7 2 4 0 5 6 1 3 
527 2 3 0 6 1 7 
528 5 7 6 3 
529 7 3 4 
530 2 3 4 6 5 7 
531 3 5 7 2 4 
532 0 5 1 4 
533 7 3 2 6 4 
534 5 6 7 4 2 3 
535 3 0 1 6 7 
536 0 2 3 6 1 7 
537 1 5 3 4 
538 3 5 2 0 7 6 
539 4 2 0 7 5 6 1 3 
540 5 2 4 
541 0 3 2 7 6 
542 2 6 3 5 7 4 
543 2 7 3 1 4 5 0 6 
544 4 2 5 
545 3 4 2 5 6 
546 0 2 1 6 7 
547 5 6 3 4 
548 0 2 3 
549 4 5 6 7 2 3 
550 5 6 7 4 
551 4 1 0 3 2 
552 3 1 0 2 
553 6 1 0 
554 6 2 1 0 7 
555 4 5 3 
556 7 0 2 1 3 
557 4 1 0 3 2 
558 0 1 2 3 4 
559 0 2 1 3 
560 2 1 6 0 
561 5 2 0 3 
562 2 6 7 4 
563 0 7 2 3 1 6 
564 7 2 1 0 6 
565 2 3 4 6 5 7 
566 3 4 1 5 7 
567 1 5 4 7 6 
568 7 3 4 6 5 
569 3 2 4 0 7 5 6 1 
570 6 5 3 2 4 
571 6 2 0 3 
572 2 3 0 6 1 7 
573 3 2 0 1 
574 7 5 2 4 3 
575 3 2 0 
576 1 0 2 3 
577 4 5 7 2 3 
578 1 5 4 0 
579 3 7 1 4 5 0 6 
580 4 6 3 
581 5 6 3 4 
582 1 6 7 5 4 2 3 
583 4 3 6 
584 6 0 5 7 1 4 
585 0 1 2 
586 5 1 6 4 3 0 
587 1 2 3 
588 6 3 0 1 7 
589 5 3 2 4 
590 7 2 3 0 6 1 
591 2 5 4 7 6 
592 5 3 7 2 6 4 
593 7 1 2 3 
594 2 3 4 6 5 7 
595 3 4 1 5 7 
596 0 7 6 
597 7 5 4 3 
598 5 6 7 4 
599 3 0 1 6 7 
600 0 6 3 4 
601 1 7 6 
602 3 2 0 1 
603 4 2 0 3 6 
604 5 0 7 6 1 4 
605 0 1 
606 2 6 5 0 7 1 3 
607 2 5 4 7 6 
608 4 2 3 0 6 1 7 
609 3 6 7 5 4 2 
610 0 5 6 4 7 2 3 
611 5 3 2 4 
612 0 7 3 1 4 5 6 
613 4 3 0 2 7 6 
614 5 7 6 3 4 
615 4 6 5 7 2 3 
616 3 7 2 0 1 6 
617 6 2 1 0 7 
618 6 5 4 7 
619 4 5 7 2 3 
620 7 3 4 6 5 
621 4 1 6 3 0 
622 0 3 1 5 4 
623 0 3 4 
624 2 3 1 0 5 4 
625 5 2 0 1 3 
626 2 4 3 
627 1 6 5 4 7 
628 7 3 0 1 6 
629 2 5 3 0 7 6 
630 3 1 6 0 
631 1 0 3 2 
632 7 4 3 1 5 
633 2 7 0 3 1 6 
634 6 3 0 1 7 
635 6 7 4 0 2 
636 2 6 3 4 
637 3 1 0 7 6 5 
638 7 6 5 2 4 3 
639 3 6 7 4 
640 1 4 5 0 
641 4 2 0 7 5 6 1 3 
642 1 6 4 3 0 
643 3 6 7 4 
644 4 2 0 3 
645 5 1 0 2 
646 0 5 7 6 1 4 
647 4 5 3 2 
648 6 2 4 0 7 5 1 3 
649 0 6 7 5 4 
650 5 3 7 2 1 6 
651 1 2 4 0 7 5 6 3 
652 6 7 3 
653 5 3 6 7 4 2 
654 7 3 0 1 6 
655 2 0 1 3 
656 5 4 7 6 
657 7 6 4 
658 2 3 4 
659 3 6 2 5 7 4 
660 0 2 5 4 
661 7 2 0 3 
662 5 2 0 4 
663 3 7 6 
664 0 7 2 3 1 6 
665 1 3 6 7 4 5 2 
666 3 6 2 5 7 4 
667 4 3 6 5 7 
668 5 4 3 
669 0 7 6 
670 2 7 4 0 6 
671 2 5 4 7 6 
672 4 2 0 3 
673 3 1 6 0 
674 0 2 5 4 
675 5 6 3 4 
676 0 4 3 
677 4 3 7 2 1 6 
678 5 2 3 
679 4 1 0 7 3 6 5 
680 3 4 
681 6 5 0 7 1 3 
682 6 0 5 7 1 4 
683 4 5 1 0 
684 7 2 3 0 6 1 
685 4 3 0 1 6 7 
686 0 2 1 3 
687 0 1 7 3 6 5 
688 2 7 3 1 4 5 0 6 
689 5 4 2 6 3 
690 2 1 0 3 
691 0 5 1 4 
692 7 6 2 3 5 4 
693 2 3 0 6 1 7 
694 3 5 2 0 7 6 
695 1 0 2 3 5 
696 7 6 5 4 2 3 
697 3 5 2 4 
698 6 7 5 3 4 
699 6 4 2 5 3 
700 2 0 1 3 
701 1 7 6 5 3 4 
702 7 0 2 3 1 5 
703 3 7 2 6 4 
704 1 3 4 
705 4 5 3 
706 1 0 
707 3 7 2 6 4 
708 4 7 6 5 3 
709 5 3 4 6 7 
710 0 6 5 4 7 
711 4 2 3 0 6 1 7 
712 6 2 0 3 
713 0 1 
714 5 1 2 0 3 4 
715 1 0 2 
716 6 2 5 4 
717 5 0 4 1 6 
718 7 1 2 3 
719 2 5 1 4 0 
720 5 2 3 0 6 1 7 
721 7 3 2 6 4 
722 2 5 1 4 0 
723 3 1 0 5 4 
724 0 7 4 6 2 
725 7 1 2 0 3 4 
726 5 6 0 7 1 3 
727 3 5 4 7 6 
728 0 5 7 6 1 4 
729 1 6 5 4 7 3 
730 3 5 2 4 
731 4 6 5 0 7 1 3 
732 5 6 4 7 
733 0 3 7 2 6 4 
734 2 0 5 7 6 1 4 
735 2 4 3 
736 4 6 5 7 
737 3 4 6 5 7 
738 0 7 6 
739 5 3 6 7 4 2 
740 0 1 2 
741 4 3 1 0 5 
742 5 2 0 4 
743 4 6 5 7 3 
744 3 4 
745 6 7 3 1 4 5 0 
746 6 5 3 2 4 
747 5 1 0 
748 7 6 3 
749 4 3 
750 0 6 5 7 1 3 
751 0 2 4 7 5 6 1 3 
752 2 7 3 1 4 5 0 6 
753 5 1 4 6 2 0 7 3 
754 2 4 3 1 5 7 
755 0 1 2 3 4 
756 7 2 0 1 3 
757 2 3 6 4 
758 3 5 7 2 4 
759 1 6 7 5 4 2 3 
760 7 2 1 0 6 
761 3 2 0 1 
762 6 3 7 2 1 
763 6 2 3 
764 2 7 6 5 3 4 
765 3 7 6 5 4 
766 7 2 3 0 6 1 
767 3 0 5 7 6 1 4 
768 1 2 3 
769 4 2 0 3 
770 1 5 4 0 
771 3 1 0 
772 4 1 6 3 0 
773 5 6 7 4 
774 0 5 7 3 4 6 
775 4 2 5 
776 6 1 0 7 3 5 
777 0 6 7 5 4 2 3 
778 5 3 0 1 6 7 
779 1 5 3 2 0 7 6 
780 6 1 0 3 2 
781 5 3 0 2 7 6 
782 7 6 5 0 1 3 
783 2 7 6 5 3 4 
784 5 7 3 4 6 
785 7 0 5 6 1 4 
786 2 3 7 6 4 
787 3 6 5 7 2 4 
788 0 2 3 
789 7 0 5 4 1 6 
790 5 3 0 2 7 6 
791 3 6 2 5 7 4 
792 1 3 0 6 7 
793 1 6 2 3 5 7 4 
794 3 0 5 7 6 1 4 
795 4 0 2 1 3 
796 5 7 2 0 3 1 6 
797 1 5 4 7 6 
798 2 1 0 7 3 6 5 
799 2 6 5 4 7 3 
800 4 1 2 0 3 
801 3 5 7 4 6 
802 1 3 0 6 7 
803 5 0 4 1 6 
804 1 3 4 6 5 7 
805 4 3 6 7 5 2 
806 5 1 6 0 
807 4 3 
808 3 4 1 5 7 
809 6 2 1 0 7 
810 6 7 5 4 
811 4 3 6 
812 7 6 5 4 
813 4 7 0 6 
814 1 7 6 3 
815 0 1 
816 2 5 4 
817 4 7 6 3 
818 2 1 0 3 
819 1 5 3 2 4 
820 7 3 6 4 
821 2 5 4 7 6 
822 3 5 6 4 7 2 
823 1 7 2 0 3 6 
824 7 6 5 4 
825 3 1 0 
826 6 7 0 
827 6 1 2 0 3 4 
828 2 4 3 
829 1 2 3 0 6 7 
830 7 1 0 
831 3 1 0 7 6 5 
832 1 4 5 6 
833 4 5 3 
834 1 7 6 
835 3 0 5 7 6 1 4 
836 4 6 5 7 3 
837 5 2 0 3 
838 1 2 0 3 4 
839 4 5 7 6 
840 6 7 
841 1 6 0 
842 7 3 6 4 5 2 
843 1 6 2 3 5 7 4 
844 6 3 0 2 7 
845 5 3 6 7 4 2 
846 7 5 4 6 
847 2 1 0 
848 5 2 4 0 7 6 1 3 
849 7 3 6 4 5 2 
850 2 4 5 6 3 
851 2 5 4 7 6 
852 1 2 3 
853 7 0 2 1 3 
854 5 4 3 
855 3 7 0 6 
856 3 5 6 4 7 2 
857 1 0 2 3 5 
858 3 5 4 7 6 
859 4 7 6 
860 5 4 7 6 
861 1 3 4 
862 3 4 
863 2 6 5 7 4 3 
864 4 0 2 1 3 
865 3 5 4 7 6 
866 1 4 5 0 
867 5 1 0 
868 1 3 7 2 6 
869 4 5 6 
870 5 2 0 4 
871 4 2 0 1 3 
872 3 6 5 4 7 
873 6 7 3 1 4 5 0 
874 6 5 4 7 2 3 
875 4 7 0 6 2 
876 7 1 6 4 3 0 
877 4 6 3 
878 1 5 3 2 0 7 6 
879 0 7 6 
880 2 4 3 1 5 7 
881 7 2 1 0 6 
882 2 3 4 
883 1 0 2 3 5 
884 7 3 2 1 6 
885 2 1 0 3 4 
886 3 5 7 4 6 
887 1 5 7 3 4 6 
888 7 3 4 6 5 
889 3 1 6 0 
890 6 4 3 
891 6 2 3 
892 2 1 4 6 0 7 3 
893 2 1 3 
894 7 1 2 0 3 4 
895 1 4 3 5 7 
896 1 5 3 4 
897 6 7 5 4 
898 1 0 5 7 6 4 
899 3 1 2 0 4 
900 7 6 5 4 
901 6 2 5 0 4 
902 1 5 7 2 4 3 
903 7 6 5 4 3 
904 6 5 7 3 4 
905 1 7 4 0 6 2 
906 7 3 4 
907 4 5 3 
908 6 5 3 4 
909 7 2 4 0 5 6 1 3 
910 7 3 1 0 5 4 
911 1 6 5 4 7 3 
912 6 2 0 3 
913 7 2 3 0 6 1 
914 1 3 6 4 
915 0 5 1 4 
916 1 6 0 
917 6 5 4 7 
918 5 6 0 7 1 3 
919 7 6 5 2 4 3 
920 1 3 6 4 
921 1 3 0 5 4 
922 6 2 3 5 7 4 
923 5 3 6 7 4 2 
924 4 6 3 
925 1 4 3 5 7 
926 1 3 6 7 4 5 2 
927 1 5 3 4 
928 5 4 3 
929 6 1 0 3 2 
930 6 5 3 2 4 
931 5 0 4 1 6 
932 1 7 6 
933 7 3 0 1 6 
934 7 5 3 4 
935 5 6 3 4 
936 2 7 6 5 3 4 
937 6 5 4 7 
938 6 3 7 2 4 
939 4 6 5 7 
940 7 5 4 6 
941 5 2 1 0 6 7 
942 1 7 2 0 3 6 
943 0 1 6 
944 2 3 
945 7 2 0 3 
946 2 3 7 1 6 
947 1 7 6 3 
948 6 0 5 7 1 4 
949 0 7 6 
950 6 1 2 3 
951 7 0 2 1 3 
952 7 1 6 0 
953 1 0 7 3 6 5 
954 6 2 4 0 3 
955 6 7 4 0 2 
956 0 6 5 7 2 4 3 
957 7 5 4 3 
958 6 2 4 0 3 
959 7 5 6 4 2 3 
960 1 3 6 7 4 5 2 
961 6 0 2 3 1 5 
962 1 3 6 7 4 5 2 
963 0 2 5 4 
964 7 5 4 3 
965 6 0 5 7 1 4 
966 1 4 5 0 
967 7 6 5 4 3 
968 6 1 2 3 
969 1 6 5 0 7 3 
970 7 0 6 
971 1 2 0 3 
972 6 5 4 7 
973 6 2 1 3 
974 6 3 1 0 5 4 
975 1 0 7 3 6 5 
976 6 1 4 2 0 7 3 
977 6 0 2 1 3 
978 1 6 4 3 0 
979 0 3 6 7 4 5 2 
980 1 6 7 4 
981 6 1 4 3 0 
982 5 4 3 
983 2 4 5 6 
984 3 4 1 5 7 
985 1 6 5 4 7 
986 2 1 0 
987 4 1 0 2 
988 5 4 3 
989 1 7 3 4 5 0 6 
990 2 7 3 1 4 5 0 6 
991 2 1 0 
992 4 6 5 7 2 3 
993 2 5 3 4 
994 1 4 5 0 
995 5 0 4 1 6 
996 1 3 6 7 4 5 2 
997 4 6 3 
998 5 3 1 0 4 
999 4 1 2 0 3 
1000 2 3 7 6 4 
1001 6 0 2 1 3 
1002 6 1 0 3 2 
1003 4 3 0 1 6 7 
1004 7 2 1 0 6 
1005 4 0 2 1 3 
1006 1 4 5 6 
1007 0 2 3 
1008 2 3 0 7 6 
1009 6 5 7 2 4 3 
1010 2 7 4 0 6 
1011 1 0 
1012 6 5 1 4 0 
1013 2 5 3 4 
1014 6 1 2 3 
1015 7 5 4 6 
1016 6 2 1 3 
1017 6 3 7 2 1 
1018 6 7 3 
1019 6 3 4 
1020 7 0 2 3 1 5 
1021 7 3 0 1 6 
1022 6 5 4 3 
1023 7 3 0 2 6 
