0 2 5 6 7 3 1 
1 7 0 3 2 1 
2 5 4 0 1 
3 4 0 1 2 
4 6 1 7 4 0 5 
5 6 7 
6 6 7 
7 7 2 5 6 0 
8 1 6 7 
9 2 5 7 4 1 
10 2 3 0 1 
11 7 0 2 5 
12 3 1 5 7 0 6 
13 1 0 5 3 4 2 
14 7 2 1 
15 3 5 1 4 2 
16 6 1 5 3 7 0 
17 6 1 5 3 7 0 
18 7 0 1 5 3 
19 2 7 5 3 4 1 
20 0 6 5 4 1 7 
21 5 4 6 7 
22 1 3 0 2 
23 2 7 5 6 
24 1 2 3 
25 3 4 6 7 5 
26 0 2 3 1 
27 6 4 1 7 5 
28 6 3 4 2 5 7 0 
29 1 2 
30 3 0 2 5 
31 4 1 0 3 5 
32 2 0 3 7 1 
33 7 6 
34 0 4 1 5 
35 1 7 0 5 6 
36 3 7 0 5 6 1 
37 7 5 6 2 3 1 
38 1 6 3 7 0 5 
39 7 2 1 3 6 
40 7 1 6 3 
41 2 1 
42 0 5 2 7 
43 4 2 1 5 
44 3 7 5 6 
45 2 3 4 5 7 0 
46 4 7 2 6 
47 7 3 4 0 2 5 
48 0 1 3 2 
49 5 2 1 3 7 6 
50 6 7 5 4 
51 5 7 2 6 0 
52 0 1 7 4 5 
53 6 3 4 5 2 7 0 
54 7 0 1 6 
55 5 6 1 0 7 
56 6 7 1 3 
57 3 0 1 6 7 
58 6 4 5 1 3 7 
59 0 1 5 4 7 2 
60 0 6 1 7 
61 2 1 3 7 6 
62 0 1 6 7 3 2 
63 1 2 3 6 
64 2 4 6 0 7 5 
65 7 0 6 3 2 1 
66 5 0 1 2 
67 4 1 6 7 5 
68 6 7 1 3 
69 6 7 2 
70 7 6 
71 7 1 5 0 
72 1 7 5 4 6 
73 2 7 5 3 4 1 
74 2 1 7 6 3 5 0 
75 7 1 5 3 0 6 
76 3 4 0 1 5 
77 1 4 5 2 7 
78 6 0 3 2 7 1 
79 3 5 6 7 2 1 
80 6 0 1 7 
81 6 1 0 7 
82 6 7 
83 2 5 0 4 7 1 
84 0 1 6 3 7 5 
85 5 0 1 4 
86 1 7 0 5 6 
87 2 7 5 4 6 
88 1 7 4 5 
89 3 2 6 1 
90 0 3 4 5 2 7 
91 6 7 0 5 1 
92 6 1 3 2 0 7 
93 1 5 3 7 0 6 
94 3 2 1 
95 4 5 0 7 1 
96 2 7 5 4 6 
97 7 3 4 0 2 5 
98 0 7 2 6 
99 1 7 0 5 3 
100 3 4 2 1 5 
101 7 4 5 1 3 
102 1 4 3 7 5 
103 7 2 3 1 
104 7 0 1 2 
105 2 1 3 6 0 7 
106 0 1 3 2 
107 4 1 2 7 6 3 5 0 
108 3 6 1 7 
109 2 3 1 
110 4 0 5 3 2 1 
111 7 4 1 5 
112 0 3 4 2 5 7 
113 5 4 2 1 3 
114 6 0 3 2 7 1 
115 5 1 7 4 0 
116 0 7 1 5 3 
117 6 5 0 4 7 1 
118 6 7 2 5 0 
119 5 4 6 
120 6 1 3 7 0 5 
121 3 7 5 4 6 
122 7 5 4 1 
123 0 1 5 
124 0 6 1 7 
125 2 1 3 7 6 
126 0 6 1 7 
127 1 4 6 7 5 
128 2 7 1 6 3 
129 6 1 0 7 
130 5 7 4 1 
131 4 6 1 0 7 
132 6 0 1 3 7 
133 5 1 3 2 6 0 7 
134 7 4 6 0 5 
135 7 1 6 3 0 5 
136 1 4 5 2 7 
137 2 7 0 5 6 1 
138 2 7 6 
139 6 4 1 3 7 5 
140 3 2 4 1 5 
141 1 4 6 7 5 
142 7 0 1 3 
143 3 4 6 5 
144 7 6 
145 6 3 0 2 1 
146 7 0 6 3 2 1 
147 2 0 1 6 7 
148 0 3 2 1 
149 5 7 4 6 
150 1 7 6 3 
151 3 1 0 5 
152 1 4 6 7 5 
153 3 7 2 5 6 0 
154 0 2 3 6 1 
155 6 7 2 5 0 
156 6 7 5 4 
157 1 0 6 3 7 2 
158 3 7 2 5 6 0 
159 4 1 3 7 5 
160 2 5 7 
161 7 5 0 3 2 4 1 
162 0 1 3 5 4 6 2 
163 1 4 0 5 
164 3 2 1 
165 7 1 5 0 
166 1 4 5 2 7 
167 7 4 5 1 3 
168 7 2 3 1 
169 2 1 5 3 7 0 6 
170 0 1 2 7 6 3 5 
171 4 3 0 2 1 
172 3 7 1 6 
173 2 5 0 3 4 7 1 
174 4 0 6 3 7 2 1 
175 7 0 1 3 
176 1 6 4 7 0 5 
177 5 0 2 
178 6 4 2 1 3 5 
179 5 2 7 
180 0 1 2 
181 6 1 7 4 0 5 
182 6 7 1 3 
183 5 1 0 3 2 
184 6 0 3 2 7 1 
185 3 5 0 4 7 1 
186 6 2 3 1 
187 0 1 3 2 
188 1 2 3 7 6 
189 2 5 7 4 1 
190 0 3 2 1 
191 1 7 4 5 
192 2 5 0 4 7 1 
193 7 4 6 5 
194 4 7 2 6 
195 4 5 1 2 
196 6 1 0 7 
197 6 1 3 0 2 
198 7 1 6 0 3 2 
199 4 5 0 3 2 7 1 
200 1 0 2 5 
201 1 4 2 3 5 
202 2 4 1 6 7 5 
203 7 3 0 2 1 
204 3 0 2 5 
205 1 5 4 7 2 
206 4 1 6 7 5 
207 3 5 6 7 2 1 
208 6 4 7 5 
209 6 2 1 3 7 
210 7 2 3 1 
211 2 1 7 6 3 5 0 
212 0 1 6 7 
213 5 1 4 7 2 
214 1 6 7 
215 2 5 6 7 3 1 
216 1 5 6 7 2 3 
217 3 7 5 4 6 
218 0 6 7 
219 6 1 5 3 7 0 
220 6 5 0 3 2 4 7 1 
221 1 5 6 7 2 3 
222 3 1 0 2 
223 4 0 2 5 
224 2 3 0 1 
225 7 0 2 5 
226 0 7 5 3 4 2 1 
227 1 0 5 3 4 2 
228 3 4 0 1 5 
229 7 5 4 6 
230 1 0 3 2 
231 6 5 7 2 3 1 
232 7 5 4 6 
233 2 0 3 7 1 
234 0 1 5 4 7 2 
235 4 7 2 5 6 0 
236 3 0 5 4 2 1 
237 2 6 1 0 7 
238 4 6 7 
239 7 1 6 3 
240 0 2 3 6 1 
241 7 4 5 1 3 
242 7 0 1 5 3 
243 5 7 6 
244 0 1 3 2 
245 7 1 6 3 
246 6 4 2 1 3 5 
247 5 1 3 7 0 6 
248 6 5 4 0 1 7 
249 3 1 6 7 0 5 
250 6 3 0 2 1 
251 1 5 7 4 
252 0 3 2 1 
253 0 5 6 7 2 3 1 
254 0 1 6 7 3 2 
255 3 1 0 2 
256 2 3 4 5 7 0 
257 7 6 5 4 0 1 
258 5 2 3 1 
259 4 5 2 7 
260 6 1 0 3 5 
261 7 0 5 6 1 
262 7 3 2 1 
263 7 3 4 5 2 0 
264 1 5 6 7 2 3 
265 2 1 0 3 
266 2 0 1 3 7 
267 5 1 3 0 2 
268 3 1 0 2 
269 3 1 6 0 7 2 
270 7 4 2 1 3 5 
271 3 4 5 2 7 
272 6 4 0 7 5 
273 7 6 5 4 0 1 
274 7 4 5 1 
275 1 2 3 6 
276 0 3 2 1 
277 5 4 6 0 7 
278 0 4 6 7 5 
279 0 6 5 4 1 7 
280 5 7 2 6 0 
281 3 4 5 2 7 
282 0 5 7 4 1 
283 7 0 6 3 2 1 
284 4 3 2 5 7 0 
285 1 0 3 2 7 
286 3 5 1 4 2 
287 4 1 2 7 6 3 5 0 
288 2 0 5 
289 5 3 4 0 2 7 
290 1 6 7 
291 2 1 0 3 5 
292 3 6 4 1 7 0 5 
293 5 1 4 2 
294 0 2 3 6 1 
295 7 2 3 1 
296 7 3 4 5 2 0 
297 3 4 1 5 7 
298 0 3 2 1 
299 4 1 6 7 5 
300 3 4 6 0 7 5 
301 3 7 5 4 6 
302 4 5 6 7 2 3 1 
303 7 0 2 5 
304 2 5 1 4 
305 5 7 4 1 
306 6 4 5 
307 4 3 0 2 1 
308 0 3 4 2 7 5 
309 5 2 1 3 7 6 
310 6 0 1 3 7 
311 5 4 0 1 
312 6 2 3 1 
313 3 5 0 2 4 7 1 
314 6 0 1 3 5 4 2 
315 0 2 5 
316 0 7 2 6 
317 3 4 6 5 
318 0 7 5 6 
319 0 5 7 4 1 
320 3 0 6 7 2 1 
321 4 6 7 
322 5 7 3 4 2 1 
323 4 3 5 2 7 0 
324 6 0 1 2 
325 6 0 1 7 
326 7 3 4 5 2 0 
327 6 1 5 0 
328 1 2 4 5 
329 1 6 4 7 0 5 
330 2 6 5 4 0 1 7 
331 6 0 1 4 5 
332 3 4 0 2 7 5 
333 1 4 2 3 5 
334 7 2 1 
335 3 1 0 2 
336 6 2 3 1 
337 6 7 5 4 
338 7 0 5 3 4 2 1 
339 2 4 1 6 7 5 
340 0 1 5 3 7 6 
341 5 1 3 0 2 
342 1 7 0 5 3 
343 0 5 3 4 2 1 
344 1 2 3 6 
345 3 4 5 2 7 0 
346 0 4 5 1 3 7 
347 6 7 2 
348 4 3 5 2 7 0 
349 1 3 0 2 
350 3 2 6 1 
351 4 1 5 7 2 
352 2 4 0 1 5 
353 7 4 5 1 
354 0 4 5 1 3 7 
355 1 7 4 0 5 
356 3 0 2 7 1 
357 6 3 4 0 2 7 5 
358 0 1 7 4 5 
359 7 6 1 
360 7 2 3 1 
361 2 3 0 1 
362 3 0 2 7 1 
363 4 1 6 7 5 
364 3 5 0 2 4 7 1 
365 2 1 5 4 7 
366 4 0 1 5 
367 7 5 6 
368 0 2 3 1 
369 7 4 1 5 
370 6 4 7 5 
371 5 7 1 6 3 
372 0 1 2 
373 6 4 0 7 5 
374 6 4 1 7 5 
375 5 7 2 6 0 
376 6 2 1 
377 3 5 0 4 7 1 
378 6 7 5 3 4 2 1 
379 0 2 4 1 5 
380 0 5 1 4 2 
381 0 7 5 6 
382 0 1 5 
383 3 2 4 1 5 
384 2 4 6 7 5 
385 7 6 
386 5 4 1 3 7 
387 4 1 3 7 5 
388 5 7 0 1 3 
389 6 7 2 
390 7 0 1 2 
391 7 2 4 1 5 
392 1 2 3 
393 3 6 4 1 7 0 5 
394 2 0 5 3 4 1 
395 7 5 3 4 2 1 
396 3 4 5 1 7 
397 1 4 5 2 7 
398 7 3 4 5 2 0 
399 3 4 1 6 7 5 
400 6 4 0 7 5 
401 6 7 5 3 4 2 1 
402 7 1 6 0 3 2 
403 3 7 2 5 6 0 
404 0 1 6 7 
405 5 7 3 4 2 1 
406 1 5 3 7 0 6 
407 2 1 5 0 
408 1 7 2 6 
409 3 7 1 6 
410 0 6 1 7 
411 6 4 0 7 5 
412 6 4 2 1 3 5 
413 1 4 5 2 7 
414 3 6 1 7 
415 4 3 0 2 1 
416 2 3 1 
417 7 5 0 3 2 4 1 
418 0 1 3 5 4 6 2 
419 1 5 7 4 
420 3 0 1 6 7 
421 7 3 4 0 2 5 
422 1 0 2 5 
423 7 3 4 2 5 0 
424 7 3 0 2 1 
425 2 7 0 1 5 3 
426 0 3 4 2 7 5 
427 4 1 5 0 
428 3 7 0 1 5 
429 2 1 3 6 0 7 
430 4 3 0 2 7 5 
431 7 6 4 1 0 5 
432 0 1 3 5 
433 5 7 0 1 3 
434 6 4 5 
435 5 0 1 3 4 6 2 
436 0 1 2 
437 6 1 7 4 0 5 
438 6 2 1 3 7 
439 5 2 7 
440 6 0 1 2 
441 3 7 4 5 1 
442 6 1 0 3 5 
443 0 7 2 6 
444 0 6 1 7 
445 2 1 
446 1 5 6 7 2 3 
447 1 7 6 
448 2 0 6 3 7 1 
449 7 5 0 3 2 4 1 
450 5 0 2 
451 4 2 1 
452 7 5 3 4 2 1 
453 6 4 1 3 7 5 
454 7 5 1 4 2 
455 7 5 2 
456 1 4 3 7 5 
457 2 6 5 4 0 1 7 
458 2 7 6 
459 7 4 5 1 3 
460 3 6 1 0 7 
461 1 0 6 3 7 2 
462 7 0 1 3 
463 3 1 5 0 
464 6 1 2 7 3 5 0 
465 6 0 1 4 5 
466 7 5 4 1 
467 2 5 0 4 7 1 
468 1 3 0 2 
469 5 7 4 6 
470 1 7 4 0 5 
471 2 5 7 4 1 
472 1 7 0 5 3 
473 3 1 2 6 0 7 
474 1 7 6 
475 6 1 0 3 2 
476 6 2 3 1 
477 1 2 7 6 3 5 0 
478 3 6 4 1 7 0 5 
479 4 1 5 7 
480 2 4 1 3 5 
481 7 1 6 0 3 2 
482 0 3 2 7 1 
483 1 0 2 5 
484 3 4 5 1 7 
485 7 4 5 2 
486 1 6 0 7 3 2 
487 7 6 5 4 0 1 
488 7 3 0 2 1 
489 2 1 5 4 7 
490 0 2 3 6 1 
491 4 1 3 7 5 
492 3 5 0 2 4 7 1 
493 2 4 1 3 5 
494 4 1 5 7 2 
495 7 5 3 4 2 1 
496 0 5 3 2 4 7 1 
497 5 2 4 1 
498 6 4 0 1 5 
499 5 1 6 3 7 0 
500 0 3 4 2 7 5 
501 6 4 1 7 0 5 
502 6 0 1 7 
503 5 1 3 2 6 0 7 
504 6 0 1 4 5 
505 3 0 2 1 
506 6 4 0 7 5 
507 0 1 3 2 6 7 
508 0 4 1 5 7 
509 2 7 6 
510 0 2 1 3 7 6 
511 1 7 0 5 3 
512 2 7 6 
513 7 4 5 1 
514 5 7 6 
515 4 3 0 2 7 5 
516 6 1 5 3 7 0 
517 6 0 3 2 7 1 
518 7 4 5 2 
519 7 5 6 2 3 1 
520 1 0 4 5 
521 2 6 1 7 
522 2 5 1 4 
523 7 5 2 
524 3 4 2 5 7 0 
525 1 7 6 3 
526 7 0 1 3 
527 3 1 0 5 
528 6 5 4 0 1 7 
529 6 2 3 1 
530 7 6 1 0 
531 2 4 1 5 
532 0 1 5 
533 5 1 0 3 
534 1 7 0 5 3 
535 2 7 0 5 6 1 
536 1 5 0 3 2 4 7 
537 3 7 0 5 6 1 
538 0 1 5 3 7 6 
539 6 4 2 1 3 5 
540 6 5 0 3 2 4 7 1 
541 1 2 3 6 
542 3 1 2 7 6 5 0 
543 4 1 3 0 2 
544 2 4 1 5 
545 7 0 1 5 3 
546 0 1 6 7 3 2 
547 1 2 
548 3 6 7 
549 7 1 0 3 5 
550 1 7 6 3 
551 7 1 5 4 2 
552 7 0 6 3 2 1 
553 2 4 1 3 5 
554 0 6 3 7 2 1 
555 4 5 1 2 
556 3 7 6 
557 2 3 1 
558 4 0 1 6 7 
559 7 4 6 5 
560 3 4 2 5 7 0 
561 5 1 3 0 2 
562 6 0 1 4 5 
563 5 6 7 
564 0 7 2 5 6 
565 6 0 1 7 
566 6 4 0 7 5 
567 5 4 6 0 7 
568 6 4 5 
569 3 0 2 1 
570 6 4 7 5 
571 3 4 1 7 5 
572 0 4 5 1 3 7 
573 2 1 7 4 0 5 
574 0 4 5 1 3 7 
575 1 3 2 
576 2 3 4 5 7 0 
577 7 1 6 3 
578 5 0 1 3 7 
579 4 2 1 
580 6 2 1 
581 6 4 1 7 0 5 
582 7 1 6 0 3 2 
583 7 1 6 0 3 2 
584 1 4 6 7 5 
585 2 3 1 
586 2 3 4 5 7 0 
587 7 4 5 1 
588 3 1 7 4 0 5 
589 1 3 0 2 
590 7 6 
591 3 5 0 2 4 7 1 
592 6 5 2 7 
593 6 1 0 3 5 
594 7 3 2 1 
595 2 5 1 4 
596 0 6 4 1 7 5 
597 5 0 1 4 
598 1 0 6 7 
599 2 0 1 4 5 
600 1 5 7 4 
601 3 5 6 7 2 1 
602 0 1 5 
603 6 1 5 3 7 0 
604 6 1 0 7 3 2 
605 1 6 7 
606 3 7 0 1 5 
607 4 1 3 2 6 0 7 
608 2 0 1 3 5 4 6 
609 7 4 1 5 
610 0 7 2 6 
611 1 0 3 2 7 
612 3 4 5 1 7 
613 7 4 6 0 5 
614 1 6 7 
615 7 2 3 1 
616 7 4 1 3 5 
617 2 0 1 
618 0 6 3 7 2 1 
619 4 1 3 0 2 
620 3 4 2 5 7 0 
621 2 4 1 5 
622 4 2 1 3 5 
623 7 2 1 
624 0 1 3 5 4 6 2 
625 5 4 1 6 7 
626 6 4 1 5 7 
627 5 4 1 7 
628 0 6 7 
629 6 5 0 4 7 1 
630 6 7 
631 5 7 0 6 1 
632 6 7 
633 3 0 1 7 
634 6 4 5 1 3 7 
635 0 4 6 5 
636 0 7 5 6 
637 2 4 6 5 
638 0 4 6 7 5 
639 1 7 5 3 4 2 
640 2 6 7 
641 7 5 2 
642 5 0 1 4 
643 4 2 3 1 
644 6 0 2 5 
645 6 4 5 
646 7 6 1 0 
647 7 4 5 1 
648 1 7 0 5 6 
649 2 3 4 5 7 0 
650 2 3 0 1 
651 7 3 0 2 1 
652 3 4 5 2 7 
653 1 0 2 
654 7 6 1 0 
655 3 1 6 7 0 5 
656 6 5 1 4 2 
657 6 7 2 5 0 
658 7 1 6 3 0 5 
659 2 7 6 
660 0 7 5 6 
661 5 4 1 3 7 
662 1 7 5 3 4 2 
663 2 1 7 6 3 5 0 
664 1 0 3 5 4 6 2 
665 3 7 5 6 
666 0 7 5 6 1 
667 6 1 3 7 0 5 
668 6 4 7 5 
669 1 3 0 2 
670 3 4 2 5 7 0 
671 4 1 3 0 2 
672 2 5 7 
673 7 2 3 1 
674 0 1 3 5 4 6 2 
675 1 5 7 4 
676 3 2 1 
677 7 0 6 3 2 1 
678 1 5 4 7 2 
679 7 0 1 3 
680 7 1 6 0 3 2 
681 2 0 1 3 5 4 6 
682 0 5 1 4 2 
683 4 7 5 6 
684 3 1 7 4 0 5 
685 2 4 6 0 7 5 
686 4 3 0 2 1 
687 7 2 1 3 6 
688 0 5 7 4 1 
689 4 2 3 1 
690 6 5 1 4 2 
691 5 3 2 1 
692 0 6 7 
693 6 7 4 5 1 
694 6 1 3 2 0 7 
695 5 1 0 3 2 
696 6 5 0 4 7 1 
697 3 4 2 5 7 0 
698 6 0 3 7 2 1 
699 3 1 0 2 
700 0 6 7 
701 2 1 7 4 0 5 
702 0 7 5 6 
703 1 3 0 2 
704 2 0 1 
705 7 5 6 2 3 1 
706 5 3 4 0 2 7 
707 4 5 0 3 2 7 1 
708 6 5 2 7 
709 6 0 1 3 7 
710 7 4 5 1 
711 7 4 5 2 
712 1 0 3 7 
713 2 1 
714 2 6 4 1 7 0 5 
715 7 6 
716 3 2 6 1 
717 1 7 5 6 
718 7 3 4 5 2 0 
719 3 4 1 7 5 
720 6 4 0 7 5 
721 6 5 7 4 1 
722 7 0 5 3 4 2 1 
723 2 1 5 4 7 
724 0 5 2 7 
725 5 1 3 0 2 
726 1 6 5 4 0 7 
727 2 4 0 1 5 
728 1 4 2 3 5 
729 3 1 0 2 
730 0 1 3 2 
731 6 1 2 7 3 5 0 
732 6 1 3 7 0 5 
733 1 7 4 5 
734 3 1 5 0 
735 4 2 1 3 5 
736 2 3 1 
737 7 6 
738 0 7 2 5 6 
739 1 5 0 3 2 4 7 
740 3 6 7 
741 7 0 3 2 1 
742 1 6 7 
743 7 6 
744 6 3 2 1 
745 2 3 0 1 
746 0 4 5 1 3 7 
747 4 7 5 6 
748 3 6 5 4 0 1 7 
749 2 3 1 
750 4 2 1 3 7 6 
751 7 3 4 2 5 0 
752 0 1 3 5 
753 5 6 7 
754 6 0 5 3 4 2 1 
755 5 2 4 1 
756 0 6 1 7 
757 6 1 2 7 3 5 0 
758 6 7 2 5 0 
759 5 7 2 6 0 
760 6 2 3 1 
761 3 5 0 4 7 1 
762 4 6 5 0 1 7 
763 0 7 2 6 
764 0 5 3 4 2 1 
765 2 6 7 
766 0 5 7 4 1 
767 1 5 0 4 7 
768 2 3 0 1 
769 5 1 0 
770 5 6 7 
771 4 5 1 2 
772 5 0 4 7 1 
773 5 6 1 7 
774 4 2 1 
775 4 5 2 7 
776 1 4 5 7 
777 2 6 1 7 
778 2 7 1 6 3 
779 5 1 6 3 7 0 
780 3 7 5 4 2 1 
781 1 7 0 5 6 
782 5 0 1 3 4 6 2 
783 3 0 1 5 4 6 2 
784 5 7 0 6 1 
785 5 4 1 7 
786 4 0 5 3 2 1 
787 2 7 6 
788 0 1 3 7 
789 5 3 0 2 1 
790 1 2 4 5 
791 2 3 0 1 
792 1 7 6 
793 3 1 2 7 6 5 0 
794 0 2 3 6 1 
795 5 0 3 2 7 1 
796 5 0 4 7 1 
797 1 2 3 
798 3 6 4 1 7 0 5 
799 4 6 7 5 
800 2 7 6 
801 5 1 7 4 0 
802 0 3 4 2 5 7 
803 1 0 3 5 
804 3 0 6 7 2 1 
805 5 0 1 4 
806 1 4 6 5 
807 5 0 6 3 7 2 1 
808 4 6 5 
809 2 3 4 5 7 0 
810 0 4 2 1 3 5 
811 4 6 5 0 1 7 
812 3 6 1 7 
813 2 6 7 
814 4 2 1 
815 5 7 4 6 
816 0 2 3 1 
817 5 2 1 3 7 6 
818 5 2 4 1 
819 5 1 3 2 6 0 7 
820 0 4 1 6 7 5 
821 5 3 2 1 
822 4 1 2 7 6 3 5 0 
823 5 3 4 2 7 0 
824 4 7 5 6 
825 3 7 1 6 
826 4 0 2 5 
827 0 3 4 5 2 7 
828 0 1 5 3 7 6 
829 2 0 5 
830 1 0 3 2 
831 1 6 7 
832 2 6 1 7 
833 5 0 1 3 4 6 2 
834 5 6 4 1 7 0 
835 4 6 1 7 0 5 
836 4 1 3 7 5 
837 5 0 1 6 7 
838 4 0 1 6 7 
839 4 1 0 3 2 
840 1 2 3 7 6 
841 2 4 0 1 5 
842 2 0 1 4 5 
843 5 0 1 4 
844 3 1 6 7 0 5 
845 1 0 3 7 
846 5 1 6 0 7 3 2 
847 3 4 5 2 7 
848 4 7 5 6 
849 5 3 4 0 2 7 
850 4 1 3 2 6 0 7 
851 3 4 6 5 
852 0 1 3 5 
853 5 1 3 2 6 0 7 
854 1 0 4 5 
855 2 0 1 3 5 4 6 
856 1 5 7 4 
857 3 0 6 7 2 1 
858 0 4 1 3 7 5 
859 4 1 6 3 7 0 5 
860 5 0 3 4 2 1 
861 1 4 6 7 5 
862 3 1 5 0 
863 4 7 5 3 2 1 
864 2 5 0 4 7 1 
865 5 1 0 3 
866 0 1 6 7 3 2 
867 1 5 3 7 0 6 
868 3 2 1 
869 5 0 1 2 
870 1 3 2 6 0 7 
871 5 7 4 1 
872 4 1 7 0 5 
873 2 6 1 0 7 
874 3 0 5 4 2 1 
875 4 5 0 3 2 7 1 
876 3 4 0 1 5 
877 2 0 5 3 4 1 
878 4 6 5 
879 5 3 4 0 2 7 
880 0 4 6 7 5 
881 4 6 7 
882 5 1 0 
883 5 4 6 
884 0 1 3 2 6 7 
885 5 1 6 0 7 3 2 
886 4 7 0 5 6 1 
887 5 4 1 6 7 
888 4 2 3 1 
889 3 2 1 7 6 
890 4 0 1 2 
891 0 4 1 5 
892 1 3 2 
893 2 1 5 4 7 
894 0 3 2 1 
895 0 1 2 
896 2 4 1 6 7 5 
897 4 2 3 6 1 
898 5 7 6 
899 4 1 3 7 5 
900 4 5 0 7 1 
901 5 1 0 3 
902 4 2 1 5 
903 4 6 7 
904 4 2 3 1 
905 2 1 5 0 
906 2 7 0 5 6 1 
907 5 4 1 7 
908 3 7 5 4 2 1 
909 3 2 1 
910 5 0 1 2 
911 3 5 2 7 
912 4 3 0 2 7 5 
913 4 2 3 1 
914 4 3 2 5 7 0 
915 1 6 7 
916 4 7 6 
917 4 3 0 2 7 5 
918 0 4 6 7 5 
919 4 5 2 7 
920 1 5 2 7 
921 1 6 3 7 0 5 
922 0 1 5 
923 5 7 2 6 
924 4 6 7 
925 1 5 4 2 
926 7 4 5 2 
927 4 1 3 0 2 
928 3 4 5 2 7 
929 4 0 1 5 
930 5 4 6 
931 2 3 1 
932 3 1 5 4 7 2 
933 5 2 3 1 
934 6 5 1 4 2 
935 5 7 0 1 3 
936 4 2 3 6 1 
937 2 7 5 6 0 
938 5 1 6 3 7 0 
939 4 6 7 5 
940 4 7 5 1 
941 2 3 0 1 
942 4 6 5 0 1 7 
943 5 1 4 7 2 
944 2 4 0 1 5 
945 5 7 6 
946 5 4 6 
947 5 6 4 1 7 0 
948 4 0 3 2 7 1 
949 4 1 5 7 2 
950 4 6 7 5 
951 5 4 1 3 7 
952 4 1 0 3 2 
953 3 0 1 6 7 
954 4 1 3 7 5 
955 0 1 7 4 5 
956 4 6 1 7 0 5 
957 2 4 1 5 7 
958 0 7 6 
959 1 0 3 2 7 
960 2 3 6 1 
961 5 7 6 
962 5 7 2 6 
963 4 3 0 2 1 
964 5 2 1 
965 5 1 2 7 6 3 0 
966 4 2 1 5 
967 4 1 0 3 2 
968 1 6 4 7 0 5 
969 2 6 1 7 
970 2 5 6 7 3 1 
971 5 4 1 7 
972 3 1 2 7 6 5 0 
973 1 6 3 7 0 5 
974 5 3 4 2 7 0 
975 3 5 2 7 
976 5 0 1 4 
977 5 2 1 3 7 6 
978 4 0 1 3 7 
979 2 6 7 
980 0 1 6 7 
981 5 4 1 7 
982 1 4 0 5 
983 2 4 5 7 
984 1 0 3 7 
985 3 4 5 1 7 
986 0 1 3 2 
987 5 3 4 2 7 0 
988 4 1 5 7 2 
989 1 0 3 5 4 6 2 
990 3 5 0 4 7 1 
991 4 6 5 0 1 7 
992 2 0 1 3 5 4 6 
993 5 0 3 4 2 1 
994 1 6 5 4 0 7 
995 1 7 5 4 6 
996 3 0 2 1 
997 5 1 0 3 2 
998 1 0 3 5 
999 5 1 2 7 6 3 0 
1000 4 5 7 1 
1001 2 0 5 3 4 1 
1002 0 6 1 7 
1003 4 1 7 0 5 
1004 3 7 0 5 6 1 
1005 3 6 1 7 
1006 4 2 1 5 
1007 4 1 3 2 6 0 7 
1008 1 2 
1009 5 0 1 4 
1010 5 4 1 7 
1011 4 3 0 2 1 
1012 0 1 3 2 6 7 
1013 4 0 1 5 
1014 4 1 5 3 7 0 6 
1015 4 2 3 1 
1016 4 1 6 0 7 3 2 
1017 3 7 5 6 
1018 4 2 1 3 7 6 
1019 4 1 5 7 
1020 4 0 1 3 5 6 2 
1021 5 7 4 1 
1022 4 7 5 3 2 1 
1023 4 7 0 1 5 3 
