0 7 4 5 3 2 
1 5 3 7 0 2 6 
2 6 4 5 7 3 
3 3 4 1 
4 4 7 1 6 0 
5 2 1 6 4 0 3 5 
6 2 5 7 4 3 1 
7 1 0 
8 0 1 
9 3 4 2 6 5 
10 3 1 0 
11 2 6 7 3 4 
12 6 3 2 1 0 
13 1 0 2 3 
14 0 2 6 4 5 7 3 
15 5 1 6 2 4 0 3 
16 3 7 2 5 6 0 
17 0 7 2 6 
18 3 4 6 5 7 
19 6 7 3 4 0 5 
20 1 7 6 4 0 
21 5 6 2 
22 1 6 5 2 4 
23 7 1 0 2 6 
24 4 5 2 
25 2 6 7 3 
26 1 6 5 2 4 
27 7 0 1 2 6 
28 5 4 6 
29 3 7 4 6 5 
30 7 4 1 
31 0 1 7 2 6 
32 0 1 5 2 6 4 
33 2 0 1 4 
34 2 1 4 5 0 3 6 
35 6 2 4 5 7 3 
36 5 1 0 
37 6 1 2 4 5 0 3 
38 1 7 4 0 5 2 
39 5 7 4 2 3 1 
40 5 4 6 
41 4 6 5 7 2 3 
42 7 2 3 
43 0 4 5 7 1 6 2 
44 5 6 4 7 0 
45 0 2 1 3 
46 2 0 6 
47 4 6 5 
48 7 6 5 4 0 
49 3 6 2 
50 1 4 6 5 
51 7 2 5 4 0 6 
52 6 7 
53 3 1 0 
54 3 7 2 4 1 0 
55 6 7 
56 4 2 1 0 3 
57 6 2 5 
58 4 1 7 0 2 6 
59 7 4 3 2 
60 7 6 2 
61 5 4 7 3 1 0 
62 1 6 5 7 0 
63 1 4 0 5 7 6 2 
64 7 0 3 6 2 
65 5 4 2 
66 6 7 2 
67 0 7 3 6 2 
68 4 7 2 1 3 0 
69 2 7 1 6 0 
70 2 5 4 
71 1 7 6 
72 0 2 5 6 
73 3 4 1 
74 3 4 2 7 
75 2 7 6 
76 6 2 1 0 3 
77 1 6 2 
78 0 6 
79 5 4 6 7 3 
80 3 7 6 
81 0 4 1 2 6 3 
82 3 1 7 0 2 6 
83 6 5 3 2 4 
84 0 5 3 2 4 
85 5 7 0 3 6 2 
86 1 6 7 3 4 2 
87 7 6 2 3 
88 4 1 5 0 2 6 
89 2 3 6 
90 1 5 0 2 6 4 
91 7 3 2 1 0 
92 5 7 6 
93 3 1 6 
94 7 2 6 4 5 3 
95 1 3 7 0 2 6 
96 0 1 7 2 6 
97 2 1 0 3 
98 2 6 5 4 
99 6 0 1 7 2 
100 5 2 3 6 
101 6 2 5 
102 0 2 7 3 6 
103 5 0 6 
104 5 1 7 0 2 6 
105 4 3 1 6 
106 7 6 2 3 4 
107 0 5 4 2 
108 5 2 1 0 3 
109 1 2 4 5 
110 2 7 6 4 0 
111 6 1 2 4 5 0 3 
112 7 0 1 2 6 
113 3 6 2 4 
114 1 4 6 5 
115 7 6 2 3 
116 6 1 0 7 2 
117 3 6 5 7 4 2 
118 3 0 6 
119 6 5 7 0 
120 4 2 5 0 6 
121 6 1 3 0 
122 4 6 5 3 1 2 0 
123 7 6 
124 7 6 2 3 4 
125 5 1 0 
126 1 6 2 3 4 
127 1 2 3 6 
128 7 6 5 3 1 2 0 4 
129 5 4 0 7 1 6 2 
130 6 5 7 4 2 3 1 
131 0 1 7 2 6 
132 4 5 2 
133 2 4 5 6 
134 2 4 3 7 
135 1 6 7 3 4 2 
136 0 7 6 
137 3 7 2 5 6 0 
138 3 2 1 0 
139 2 6 3 4 
140 6 0 1 2 3 
141 1 3 2 
142 0 7 4 6 5 
143 5 2 3 7 
144 3 4 2 6 5 
145 0 2 3 7 
146 3 2 1 0 
147 6 7 1 4 0 5 2 
148 0 2 
149 5 4 6 
150 1 2 7 3 6 
151 7 1 3 0 
152 4 7 1 6 0 
153 2 7 4 1 3 0 
154 1 2 5 4 0 6 
155 7 2 5 6 0 
156 5 2 6 4 7 3 
157 3 0 6 
158 7 2 5 6 0 
159 0 1 5 2 6 4 
160 0 3 2 1 
161 2 5 6 
162 2 3 1 0 
163 6 1 0 
164 5 6 2 
165 6 0 
166 0 3 2 1 
167 5 6 7 3 4 2 
168 5 3 2 4 
169 4 5 3 2 7 
170 7 4 6 5 
171 0 6 7 4 5 3 2 
172 5 7 1 6 0 
173 0 2 6 4 5 7 3 
174 2 7 4 6 5 
175 6 5 7 4 2 3 
176 7 6 4 5 3 2 
177 3 6 5 1 2 0 4 
178 1 7 2 5 6 0 
179 7 0 1 2 5 4 
180 6 4 0 5 7 1 2 
181 3 2 1 0 
182 3 6 5 2 4 
183 6 1 5 0 2 4 
184 4 2 5 
185 6 2 5 
186 4 2 5 
187 7 1 0 
188 7 0 2 1 4 
189 5 7 4 2 3 1 
190 1 7 2 5 6 0 
191 1 5 3 2 4 
192 6 1 0 
193 5 7 4 2 3 1 
194 6 2 4 5 7 3 
195 0 4 3 2 7 
196 4 1 
197 2 1 6 4 0 3 5 
198 2 1 4 5 0 3 6 
199 1 7 6 
200 0 1 2 3 
201 3 7 6 
202 3 1 5 0 2 6 4 
203 2 0 6 
204 7 2 3 
205 2 1 6 4 0 3 5 
206 0 6 7 4 5 3 2 
207 5 1 0 
208 2 4 0 5 7 1 6 
209 0 2 5 6 
210 3 2 4 5 
211 6 7 2 5 0 
212 0 1 
213 5 7 4 6 3 
214 1 7 6 0 
215 4 6 5 7 0 
216 4 2 1 0 3 
217 2 5 7 4 3 1 
218 1 2 5 6 
219 7 6 4 0 
220 5 7 6 
221 3 1 5 0 2 6 4 
222 7 6 2 
223 0 2 3 7 
224 0 1 5 2 6 4 
225 2 4 5 
226 2 6 7 4 5 3 
227 6 1 2 4 5 0 3 
228 4 5 7 2 3 1 
229 6 2 5 4 0 
230 0 4 3 2 6 5 
231 5 6 3 1 2 0 4 
232 5 7 2 4 6 
233 4 1 0 
234 7 6 
235 0 7 2 4 1 3 
236 5 0 6 
237 0 4 5 6 
238 2 6 5 7 4 3 
239 6 7 2 3 
240 7 2 4 1 3 0 
241 3 7 2 5 6 0 
242 1 6 5 7 0 
243 7 0 1 2 5 4 
244 6 7 
245 3 1 2 4 5 0 6 
246 3 2 1 
247 6 1 2 4 0 3 5 
248 4 1 3 0 
249 6 1 0 
250 4 5 7 6 3 
251 7 6 5 0 
252 7 1 3 0 
253 5 0 1 2 3 
254 1 2 0 3 
255 1 0 6 
256 7 6 3 4 2 
257 5 7 1 6 0 
258 6 0 2 1 4 
259 0 3 2 1 
260 4 5 7 6 3 
261 2 4 0 1 6 3 
262 2 4 3 6 5 
263 1 4 6 5 7 3 
264 1 7 2 5 4 6 
265 4 7 6 5 
266 3 4 0 1 2 6 
267 3 7 2 5 4 6 
268 6 7 4 5 3 2 
269 1 4 0 2 6 3 
270 0 7 6 
271 5 1 2 4 0 3 6 
272 3 2 5 4 0 6 
273 0 4 3 2 6 5 
274 3 2 1 0 
275 6 2 5 4 0 
276 0 2 4 5 
277 5 6 7 4 3 2 
278 1 2 6 7 3 
279 7 0 1 2 5 4 
280 4 7 2 6 
281 1 7 2 5 4 6 
282 1 7 2 5 4 6 
283 7 6 
284 5 0 1 2 3 
285 3 2 7 
286 6 2 5 
287 0 1 2 3 
288 2 0 1 5 4 
289 2 3 6 
290 2 1 3 0 
291 6 2 7 3 
292 7 2 6 4 5 3 
293 6 0 1 2 5 4 
294 0 2 5 6 
295 5 0 1 2 3 
296 5 3 2 1 0 
297 4 6 5 7 2 3 
298 7 5 3 2 4 
299 3 4 2 6 5 
300 5 4 0 1 2 6 3 
301 3 2 7 
302 2 0 1 3 
303 6 5 4 7 0 
304 7 1 3 0 
305 3 2 4 5 
306 1 6 7 2 3 
307 7 4 5 3 2 
308 6 7 2 5 4 
309 3 4 5 6 
310 3 6 2 
311 6 7 0 3 2 
312 4 3 2 1 
313 6 7 3 4 0 5 
314 4 6 5 2 
315 7 3 2 1 
316 7 1 4 0 5 2 
317 5 4 6 7 3 
318 1 2 6 7 3 
319 1 7 0 2 6 
320 7 3 2 1 0 
321 5 6 7 4 3 2 
322 6 2 5 
323 0 4 7 3 1 5 
324 4 7 6 0 
325 2 7 1 6 0 
326 2 1 0 7 6 
327 1 5 7 4 6 3 
328 0 2 6 4 5 7 3 
329 3 4 0 5 7 1 6 2 
330 3 0 1 2 
331 2 7 3 6 
332 4 6 5 
333 1 4 6 5 7 3 
334 1 4 6 5 7 3 
335 4 6 5 7 3 
336 3 6 5 7 4 2 
337 3 1 7 0 2 6 
338 3 2 6 4 5 7 
339 6 7 2 
340 0 2 1 4 
341 5 2 3 7 
342 1 7 6 
343 7 3 2 1 0 
344 4 7 2 1 3 0 
345 2 7 6 
346 2 4 0 1 6 3 
347 7 4 6 5 
348 4 0 1 2 3 
349 3 6 5 2 4 
350 4 1 2 5 0 3 6 
351 0 7 2 5 6 
352 0 7 2 6 
353 2 6 5 4 
354 2 4 5 3 7 
355 7 3 0 2 6 
356 5 2 6 7 3 
357 6 2 
358 0 6 5 7 
359 5 3 7 0 2 6 
360 5 6 7 3 4 2 
361 4 6 7 2 3 
362 7 0 1 2 5 4 
363 0 1 5 2 6 4 
364 4 1 0 7 2 6 
365 0 7 3 4 5 6 
366 2 6 7 3 
367 6 1 0 7 2 
368 7 3 4 0 5 6 
369 3 7 1 4 0 5 2 
370 1 3 7 0 2 6 
371 7 5 4 6 3 
372 6 7 1 4 0 5 2 
373 3 2 6 7 
374 3 6 5 4 7 0 
375 6 5 4 7 0 
376 4 2 6 7 3 
377 6 1 5 0 2 4 
378 4 5 7 6 3 
379 7 6 4 0 
380 6 0 2 1 4 
381 5 7 2 4 1 3 0 
382 1 6 7 2 3 
383 1 4 0 2 6 3 
384 4 6 2 
385 5 4 3 2 6 
386 6 7 1 0 
387 0 4 7 3 1 5 
388 4 2 6 7 3 
389 2 3 6 
390 2 0 1 4 
391 1 6 5 7 0 
392 0 7 4 6 5 
393 3 0 2 1 4 
394 3 1 6 
395 2 4 5 3 7 
396 6 7 2 5 0 
397 1 5 4 2 
398 0 7 6 
399 5 2 7 3 6 
400 3 6 7 4 2 
401 0 1 3 
402 0 2 1 4 
403 6 5 3 1 2 0 4 
404 0 7 3 4 5 6 
405 5 1 0 
406 1 7 6 
407 7 1 6 0 
408 4 3 2 1 0 
409 2 6 7 3 
410 1 6 5 7 4 2 3 
411 7 4 6 5 
412 5 7 0 3 6 2 
413 3 7 4 6 5 
414 7 3 1 6 
415 0 1 2 3 
416 0 1 6 2 4 3 5 
417 2 6 7 3 
418 2 1 4 5 0 3 6 
419 6 0 1 2 5 4 
420 5 3 2 4 
421 7 1 0 
422 0 6 5 3 1 2 4 
423 5 1 0 7 2 6 
424 5 6 3 1 2 0 4 
425 4 2 
426 7 4 5 6 
427 0 7 2 6 
428 5 4 2 
429 0 7 2 6 
430 2 1 0 
431 6 3 2 1 0 
432 7 0 3 6 2 
433 3 5 2 4 
434 2 4 5 6 
435 7 0 1 2 6 
436 6 4 0 5 7 1 2 
437 3 0 1 7 2 6 
438 2 0 1 7 6 
439 6 2 4 5 7 3 
440 4 0 1 2 6 3 
441 6 7 3 4 2 
442 4 1 7 0 2 6 
443 7 6 5 3 1 2 0 4 
444 7 0 1 2 5 4 
445 5 7 2 4 6 
446 1 2 6 7 3 
447 1 0 7 2 6 
448 7 2 3 6 
449 5 2 7 3 6 
450 6 2 3 
451 1 6 5 3 2 0 4 
452 4 3 7 0 2 6 
453 2 4 5 6 
455 1 7 2 6 
456 0 1 2 5 4 
457 3 4 1 
458 3 7 1 6 0 
459 2 1 0 3 
460 6 7 1 4 0 5 2 
461 1 4 0 5 7 6 2 
462 0 1 2 4 5 3 6 
463 5 3 7 0 2 6 
464 3 1 0 
465 1 3 2 
466 3 0 1 2 
467 6 1 0 
468 0 3 1 6 
469 5 6 4 7 0 
470 3 0 1 2 
471 7 1 4 0 5 2 
472 4 5 7 6 3 
473 2 3 7 0 6 
474 1 6 2 4 0 3 5 
475 7 3 2 1 
476 5 1 0 7 2 6 
477 3 7 0 2 6 
478 7 4 5 3 2 
479 0 6 7 4 5 3 2 
480 0 1 
481 2 4 1 
482 2 1 0 3 
483 6 5 7 4 3 
484 5 0 1 7 2 6 
485 6 3 7 0 2 
486 0 5 3 2 4 
487 5 6 7 4 3 2 
488 5 1 0 7 2 6 
489 4 2 
490 7 4 3 2 
491 0 6 7 3 4 2 
492 5 6 2 
493 0 7 6 4 
494 2 6 5 7 0 
495 6 1 0 
496 7 2 6 4 5 3 
497 3 7 6 
498 1 0 7 2 6 
499 7 5 3 2 4 
500 6 4 0 5 7 1 2 
501 3 2 7 6 
502 3 6 7 4 5 2 
503 7 6 5 0 
504 4 3 2 6 5 
505 6 5 3 1 2 0 4 
506 4 6 2 3 
507 7 0 3 6 2 
508 7 4 6 5 
509 5 6 2 4 
510 1 2 5 4 0 6 
511 1 3 6 
512 7 4 0 5 1 6 2 
513 5 6 7 4 3 2 
514 6 1 3 0 
515 3 7 6 
516 4 3 2 1 
517 2 7 6 
518 2 1 6 4 0 3 5 
519 1 2 6 4 5 7 3 
520 0 1 
521 3 7 2 6 
522 3 2 1 
523 2 0 1 4 
524 6 5 4 7 0 
525 1 2 6 4 5 7 3 
526 0 4 5 3 2 7 
527 5 6 4 7 0 
528 3 6 7 2 
529 0 1 7 2 6 
530 3 7 4 0 5 6 
531 6 5 3 1 2 0 4 
532 0 2 7 3 6 
533 5 1 0 
534 1 7 3 4 0 5 6 
535 7 6 5 0 
536 4 0 1 2 5 
537 2 6 5 7 4 3 
538 1 4 
539 7 2 6 3 
540 5 6 7 3 4 2 
541 3 1 0 
542 7 4 6 5 
543 0 7 6 
544 0 6 
545 2 4 3 6 5 
546 2 6 5 7 0 
547 6 7 2 
548 5 7 2 4 6 
549 6 7 1 0 
550 0 4 6 5 7 3 
551 5 2 3 7 
552 5 4 6 
553 4 1 0 
554 6 1 3 0 
555 0 2 4 5 
556 5 6 2 4 
557 0 1 
558 2 7 6 4 0 
559 6 4 0 1 2 3 
560 7 6 2 3 
561 3 4 2 7 
562 1 0 2 4 
563 7 1 5 0 2 6 4 
564 6 7 2 4 1 3 0 
565 3 6 7 4 5 2 
566 3 2 5 4 0 6 
567 6 4 7 3 1 0 5 
568 4 6 7 2 3 
569 6 2 5 
570 4 7 1 0 5 2 
571 7 3 1 6 
572 7 6 5 0 
573 5 4 6 
574 1 0 6 
575 1 6 2 
576 7 2 3 6 
577 5 4 7 3 1 0 
578 6 1 2 4 5 0 3 
579 0 6 7 4 5 3 2 
580 4 5 7 6 3 
581 2 7 1 6 0 
582 2 5 3 4 
583 1 4 5 3 2 7 
584 0 1 2 4 5 3 6 
585 2 1 3 0 
586 3 7 2 5 6 0 
587 2 1 7 0 6 
588 6 4 5 3 2 7 
589 1 4 0 5 7 6 2 
590 0 6 5 2 4 
591 5 0 1 7 2 6 
592 3 2 5 4 0 6 
593 0 6 7 2 3 
594 3 1 0 
595 6 2 7 3 
596 0 3 2 1 
597 5 6 7 4 3 2 
598 3 2 
599 7 6 5 2 4 
600 4 0 5 7 1 6 2 
601 2 7 6 
602 1 6 5 7 4 2 3 
603 7 2 6 3 
604 5 1 0 2 6 4 
605 3 5 4 2 
606 7 4 1 
607 0 1 
608 4 6 5 3 1 2 0 
609 2 1 0 3 
610 2 3 7 0 6 
611 6 5 4 2 
612 5 1 6 2 4 0 3 
613 6 2 7 3 
614 1 2 4 5 
615 5 7 2 4 6 
616 5 1 7 0 2 6 
617 4 1 
618 7 6 2 3 
619 0 4 3 2 7 
620 5 4 7 3 1 0 
621 0 7 1 6 
622 2 4 6 5 7 3 
623 7 4 6 5 
624 7 6 5 4 0 
625 3 6 5 1 2 0 4 
626 1 7 0 2 6 
627 4 7 6 5 
628 6 1 2 4 5 0 3 
629 3 7 0 6 2 
630 3 1 0 
631 6 4 3 2 7 
632 4 2 
633 6 4 5 7 3 
634 4 7 1 0 5 2 
635 7 0 1 2 6 
636 7 0 1 2 5 4 
637 5 7 1 6 0 
638 3 7 0 2 6 
639 1 0 
640 7 0 1 2 3 
641 5 2 6 
642 6 1 0 
643 0 4 5 7 1 6 2 
644 4 6 7 3 2 
645 2 6 5 4 7 0 
646 2 6 5 3 1 0 4 
647 1 7 6 
648 0 6 2 3 4 
649 3 5 7 4 6 
650 3 0 1 2 5 4 
651 1 7 6 4 0 
652 6 4 7 3 1 0 5 
653 1 4 3 2 7 
654 3 6 2 4 
655 5 7 4 6 3 
656 3 4 2 6 5 
657 1 5 7 4 2 3 
658 3 4 5 2 7 
659 6 2 
660 0 2 6 4 5 7 3 
661 5 4 3 2 6 
662 1 5 7 4 2 3 
663 7 2 6 
664 4 1 
665 2 1 0 
666 1 0 2 5 4 
667 7 5 4 6 3 
668 5 7 2 6 
669 3 4 0 1 2 6 
670 7 1 6 0 
671 1 3 6 
672 0 7 6 
673 2 7 5 6 0 
674 1 2 5 6 
675 6 3 7 0 2 
676 4 6 5 7 2 3 
677 6 2 4 5 
678 2 0 1 4 
679 5 1 3 0 
680 5 0 1 7 2 6 
681 4 5 2 
682 7 4 5 6 
683 0 2 1 3 
684 5 1 0 7 2 6 
685 0 2 5 4 6 
686 2 7 3 4 0 5 6 
687 6 1 2 4 0 3 5 
688 6 2 4 5 7 3 
689 3 2 5 6 
690 1 5 7 4 2 3 
691 7 4 0 1 2 6 3 
692 6 2 3 
693 7 2 1 0 3 
694 3 4 2 7 
695 6 4 0 1 2 3 
696 4 2 7 3 6 
697 6 7 
698 4 5 6 
699 7 5 4 2 
700 7 0 1 2 6 
701 4 6 5 
702 1 2 
703 1 7 3 4 0 5 6 
704 7 6 5 2 4 
705 5 6 7 4 2 3 
706 6 4 5 7 3 
707 0 7 1 4 5 2 
708 4 1 2 5 0 3 6 
709 2 7 5 4 6 
710 2 1 5 0 6 4 
711 1 5 3 2 4 
712 0 4 6 5 7 3 
713 3 2 6 7 
714 3 0 1 2 
715 2 7 0 3 6 
716 6 2 3 
717 1 2 3 7 
718 0 6 5 7 
719 5 0 1 7 2 6 
720 3 7 2 5 4 6 
721 0 1 2 5 4 
722 3 4 6 5 
723 6 4 5 
724 0 6 5 7 
725 5 7 2 6 0 
726 1 4 6 5 
727 7 0 6 
728 4 2 
729 2 7 1 4 0 5 
730 1 6 5 7 4 2 3 
731 7 2 5 4 0 6 
732 5 4 6 7 3 
733 3 7 2 4 1 0 
734 7 3 2 1 
735 0 1 7 2 6 
736 0 1 2 3 
737 2 3 1 
738 2 1 0 
739 6 2 
740 5 6 7 4 3 2 
741 6 4 5 
742 0 1 6 2 4 3 5 
743 5 7 3 4 0 6 
744 5 4 7 3 1 0 
745 4 1 0 7 2 6 
746 7 6 3 4 2 
747 0 4 3 2 6 5 
748 5 7 4 2 3 1 
749 0 3 2 1 
750 2 6 3 4 
751 6 7 2 5 4 
752 7 4 0 1 2 6 3 
753 3 4 6 5 
754 1 0 
755 7 4 6 5 3 
756 6 0 1 7 2 
757 2 5 4 
758 3 4 1 
759 6 5 7 0 
760 4 1 0 
761 6 0 1 2 5 4 
762 4 6 2 3 
763 7 6 5 4 0 
764 7 6 5 4 0 
765 5 1 6 2 4 0 3 
766 1 3 2 
767 1 7 6 4 0 
768 7 3 0 2 6 
769 5 1 3 0 
770 6 0 
771 0 7 4 6 5 
772 4 7 0 3 6 2 
773 2 4 0 1 6 3 
774 2 1 7 0 6 
775 1 0 7 2 6 
776 0 2 7 3 6 
777 3 2 
778 3 4 5 2 7 
779 2 7 6 4 0 
780 6 7 2 5 0 
781 1 3 2 0 
782 3 7 6 
783 5 6 4 7 0 
784 3 1 5 0 2 6 4 
785 0 3 1 6 
786 3 2 6 4 5 7 
787 6 0 2 1 4 
788 0 5 4 2 
789 5 7 0 3 6 2 
790 1 7 6 4 0 
791 7 2 5 4 0 6 
792 4 1 7 0 2 6 
793 2 6 
794 1 3 6 
795 6 2 
796 5 7 6 4 0 
797 3 2 7 6 
798 7 4 0 1 2 6 3 
799 0 1 
800 0 4 5 3 2 7 
801 2 1 0 
802 2 1 0 
803 6 7 3 4 0 5 
804 5 1 0 
805 6 4 5 
806 0 3 1 6 
807 5 2 4 
808 5 2 7 3 6 
809 4 1 0 
810 7 1 0 
811 0 6 5 4 7 
812 5 0 1 2 4 
813 0 1 
814 2 4 5 
815 6 0 2 1 4 
816 3 5 7 4 2 1 
817 3 0 2 1 4 
818 1 3 0 
819 7 1 3 0 
820 6 2 3 4 
821 3 0 6 
822 3 4 1 
823 1 2 5 4 0 6 
824 2 4 1 
825 2 6 5 3 1 0 4 
826 4 6 7 3 2 
827 7 1 4 0 5 2 
828 7 2 3 
829 5 1 0 2 6 4 
830 1 7 4 6 5 
831 1 2 4 5 0 3 6 
832 7 4 3 1 0 5 
833 5 4 3 2 6 
834 6 0 
835 0 7 3 4 5 6 
836 0 4 3 2 7 
837 2 1 7 0 6 
838 2 7 4 6 5 
839 1 3 6 
840 0 4 6 5 
841 3 6 2 4 
842 3 1 6 
843 2 6 7 3 
844 1 7 2 4 3 0 
845 1 7 2 5 4 6 
846 0 4 7 3 1 5 
847 3 7 0 6 2 
848 3 1 6 2 4 0 5 
849 0 1 7 2 6 
850 4 5 6 
851 0 6 5 4 7 
852 5 3 7 0 2 6 
853 1 7 2 4 3 0 
854 4 6 2 3 
855 1 4 3 2 6 5 
856 1 4 7 3 0 5 
857 4 6 5 2 
858 4 7 2 1 3 0 
859 2 4 5 3 7 
860 2 7 6 
861 4 3 2 7 
862 0 2 1 3 
863 4 7 2 5 6 
864 4 1 
865 2 4 3 7 
866 2 3 6 
867 4 3 7 0 2 6 
868 5 6 2 4 
869 2 7 6 
870 4 7 2 1 3 0 
871 5 3 2 1 
872 5 3 2 1 0 
873 4 2 3 6 
874 1 7 0 2 6 
875 5 4 6 
876 2 7 5 6 0 
877 0 4 3 2 7 
878 2 1 0 3 
879 3 5 7 4 6 
880 3 7 1 4 0 5 2 
881 3 1 5 0 2 6 4 
882 1 0 
883 4 6 2 
884 6 4 1 
885 7 2 6 3 
886 5 7 0 3 6 2 
887 1 4 6 5 
888 2 4 7 3 1 0 5 
889 2 7 3 6 
890 4 3 2 1 
891 4 7 3 1 0 5 
892 4 1 0 
893 5 6 7 4 2 3 
894 1 6 2 
895 1 2 
896 4 5 3 2 
897 5 2 4 
898 6 7 4 5 
899 7 2 
900 4 5 7 2 3 1 
901 2 6 5 4 
902 0 2 1 4 
903 0 2 6 7 3 
904 3 7 2 5 6 0 
905 4 7 1 0 5 2 
906 3 2 7 
907 1 3 0 
908 4 5 3 2 
909 1 7 2 6 
910 0 1 
911 4 2 7 3 6 
912 4 5 6 
913 4 6 2 3 
914 4 7 3 1 0 5 
915 5 7 6 4 0 
916 5 7 3 4 0 6 
917 5 4 0 7 1 6 2 
918 4 5 3 2 7 
919 4 3 2 6 5 
920 4 1 0 
921 4 7 6 0 
922 4 7 1 0 5 2 
923 4 6 5 7 3 
924 5 7 4 6 
925 5 6 7 4 2 3 
926 4 5 7 2 3 1 
927 4 5 7 2 3 1 
928 4 7 3 1 0 5 
929 2 1 0 
930 1 6 5 7 0 
931 4 2 3 6 
932 4 2 3 7 
933 4 6 7 5 3 2 
934 4 6 7 3 2 
935 4 2 5 0 6 
936 4 5 2 
937 4 2 
938 3 7 2 6 
939 5 2 6 
940 4 6 5 3 1 2 0 
941 0 6 
942 2 7 6 4 0 
943 4 3 1 6 
944 5 4 7 3 1 0 
945 3 6 7 4 2 
946 2 4 5 
947 4 6 5 7 2 3 
948 6 5 2 4 
949 6 2 5 4 0 
950 6 4 0 5 7 1 2 
951 6 1 2 4 5 0 3 
952 6 5 7 4 3 
953 2 4 5 3 7 
954 6 3 1 
955 7 4 3 2 
956 4 2 3 7 
957 4 3 2 7 
958 2 1 0 
959 1 6 2 4 0 3 5 
960 7 2 1 0 3 
961 7 2 3 
962 6 2 
963 6 2 7 3 
964 4 0 2 1 
965 0 4 1 2 6 3 
966 2 4 3 6 5 
967 1 7 2 5 4 6 
968 0 5 7 4 6 3 
969 3 1 0 
970 3 7 6 
971 2 1 0 7 6 
972 7 5 3 2 4 
973 1 5 4 2 
974 0 7 1 4 5 2 
975 4 7 3 0 5 6 
976 3 7 0 6 2 
977 0 3 2 1 
978 3 1 6 2 4 0 5 
979 6 4 0 5 7 1 2 
980 1 2 7 3 6 
981 1 6 2 3 4 
982 1 0 7 2 6 
983 7 2 
984 1 7 2 4 3 0 
985 2 7 6 
986 1 4 5 6 
987 2 5 4 0 6 
988 2 5 3 4 
989 2 4 1 
990 0 2 4 5 
991 1 6 5 4 7 0 
992 0 7 1 6 
993 2 7 6 
994 2 7 5 4 6 
995 6 2 5 
996 7 2 4 1 3 0 
997 2 0 1 7 6 
998 4 7 6 
999 4 7 3 0 5 6 
1000 4 2 3 6 
1001 4 7 0 3 6 2 
1002 1 7 6 4 0 
1003 1 5 3 2 4 
1004 3 2 4 5 
1005 1 5 7 4 2 3 
1006 3 7 4 0 5 6 
1007 3 6 5 7 4 2 
1008 5 2 3 6 
1009 2 5 4 
1010 1 7 2 4 3 0 
1011 7 0 3 6 2 
1012 7 1 6 2 4 0 3 5 
1013 7 4 5 3 2 
1014 5 3 1 6 
1015 2 6 3 4 
1016 7 6 2 3 
1017 2 1 0 
1018 7 6 2 3 
1019 6 2 
1020 7 2 3 6 
1021 4 2 3 7 
1022 3 6 7 4 2 
1023 1 5 7 4 6 3 
