0 4 7 6 3 0 
1 0 5 1 3 2 
2 5 0 4 3 2 
3 7 3 5 2 
4 6 3 7 0 4 5 
5 2 5 6 7 0 
6 6 4 1 5 2 
7 4 3 7 6 0 
8 3 6 4 2 7 5 
9 7 5 6 2 0 
10 3 0 1 2 
11 5 4 0 2 
12 1 7 5 6 
13 6 3 5 7 
14 2 7 6 3 0 4 5 
15 3 7 0 2 1 
16 6 7 3 0 2 1 
17 2 3 7 0 4 6 5 
18 2 3 4 6 7 5 
19 0 1 2 5 
20 7 3 5 2 4 0 
21 1 7 5 6 3 
22 6 0 7 5 1 3 
23 4 5 0 2 7 
24 0 3 4 6 7 5 
25 2 6 7 4 0 3 
26 7 3 0 1 5 2 
27 7 3 5 6 2 
28 2 0 5 1 4 
29 3 4 6 7 5 2 
30 3 5 4 0 2 7 
31 2 6 0 5 7 3 
32 7 4 1 6 0 
33 2 3 7 1 5 0 6 
34 2 5 4 6 7 
35 1 0 7 3 
36 5 4 7 6 
37 6 2 3 7 
38 0 3 2 1 6 7 5 
39 7 2 6 0 1 5 
40 0 3 2 
41 3 1 0 2 4 5 
42 6 5 4 7 2 1 
43 7 4 1 6 0 
44 5 7 6 3 
45 3 2 6 7 5 
46 1 2 6 0 7 5 
47 4 3 2 6 7 5 
48 5 3 1 2 0 4 
49 5 6 7 2 0 
50 1 3 7 6 0 
51 3 6 5 7 2 
52 2 1 0 5 
53 5 7 4 6 2 
54 0 3 2 
55 7 5 4 6 
56 1 7 6 5 3 2 
57 2 1 0 5 
58 2 0 7 4 5 6 
59 2 6 4 7 0 5 
60 7 3 1 2 0 4 
61 0 3 4 6 7 5 
62 1 6 5 4 7 2 
63 1 0 4 3 5 2 
64 4 0 3 5 2 
65 0 6 4 7 5 
66 5 1 0 2 
67 6 5 1 3 2 0 
68 6 7 4 5 2 
69 1 3 2 
70 6 3 2 0 1 7 5 
71 4 0 7 6 5 1 3 
72 3 1 0 2 4 5 
73 7 0 1 2 5 
74 3 2 
75 5 1 0 2 
76 1 3 2 0 6 7 5 
77 6 2 0 7 1 5 
78 2 6 3 5 7 
79 0 6 5 7 3 
80 6 7 3 2 0 4 5 
81 2 3 0 1 6 7 5 
82 2 6 7 5 4 
83 0 5 4 6 7 
84 7 3 2 0 1 6 5 
85 1 4 5 2 
86 6 7 5 3 
87 4 6 7 1 0 5 
88 0 3 4 6 7 5 
89 1 5 4 0 3 
90 6 5 1 3 2 0 
91 7 0 1 2 5 
92 2 5 4 6 7 
93 0 3 7 5 2 4 
94 3 0 5 1 4 2 
95 0 7 5 6 3 
96 7 3 1 2 0 5 
97 1 3 2 6 7 5 
98 2 5 4 6 7 
99 1 2 3 7 5 0 6 
100 5 6 4 7 0 
101 6 7 1 5 3 2 
102 0 3 7 5 2 4 
103 7 6 4 0 3 
104 0 5 1 4 2 
105 3 2 
106 6 4 1 5 2 
107 7 0 5 1 4 2 
108 5 3 2 
109 3 7 5 2 4 0 
110 1 0 4 6 5 7 
111 4 3 5 2 
112 5 6 3 7 
113 5 7 6 
114 0 3 5 2 
115 3 5 7 6 
116 3 7 2 6 5 0 
117 5 0 7 4 6 2 
118 0 7 6 5 1 3 
119 7 1 0 5 2 
120 1 7 6 5 3 2 
121 2 4 6 7 5 
122 2 3 7 5 4 0 
123 2 7 1 6 5 3 
124 6 0 4 3 5 2 
125 0 7 4 5 6 2 
126 1 0 2 4 5 
127 0 2 4 1 5 
128 4 2 6 5 7 3 
129 0 6 3 5 7 2 
130 5 2 4 0 1 
131 7 3 4 6 5 
132 6 3 5 7 
133 1 0 5 2 
134 6 3 2 0 1 7 5 
135 4 3 0 1 5 2 
136 3 5 1 2 0 
137 7 3 5 6 2 
138 3 2 4 7 6 0 5 
139 5 4 0 2 
140 1 0 3 2 
141 6 5 4 7 2 1 
142 2 5 7 6 
143 0 3 1 2 5 
144 6 5 4 7 
145 2 7 4 6 3 0 
146 2 5 6 7 0 
147 1 0 5 4 2 
148 6 3 1 2 0 4 
149 1 7 3 5 6 2 
150 6 3 1 0 5 
151 4 6 2 7 3 5 
152 0 7 4 5 6 2 
153 0 7 3 2 1 
154 7 5 3 2 0 
155 7 3 2 6 5 
156 2 1 0 4 5 
157 0 4 2 5 
158 3 1 0 5 2 
159 2 3 7 1 5 0 6 
160 7 4 1 6 0 
161 1 7 3 0 2 
162 2 3 
163 1 0 7 6 5 3 
164 5 6 7 4 0 3 
165 6 7 1 0 5 
166 0 2 3 7 
167 7 6 0 5 3 
168 0 2 4 1 5 
169 3 7 6 0 
170 6 7 3 5 2 
171 7 3 0 1 5 2 
172 5 6 7 4 2 
173 3 4 6 7 5 
174 1 7 3 5 6 2 
175 4 3 2 6 7 5 
176 5 6 4 7 0 
177 5 1 0 
178 1 6 4 2 7 3 5 
179 3 0 1 5 2 
180 2 7 1 6 5 3 
181 5 2 4 6 7 3 
182 0 7 3 5 6 2 
183 7 6 5 4 2 
184 0 7 5 6 
185 2 6 3 5 7 
186 2 6 3 5 7 
187 2 3 1 0 5 
188 6 3 7 0 
189 0 7 1 6 5 3 2 
190 1 0 4 6 5 7 
191 1 3 2 
192 4 7 5 6 3 
193 0 4 6 5 1 7 
194 5 3 7 6 0 
195 7 6 3 2 0 4 5 
196 6 7 5 3 
197 2 5 4 6 7 
198 6 7 5 4 2 
199 4 6 7 1 0 5 
200 3 2 6 0 7 1 5 
201 7 0 1 3 
202 3 1 2 0 4 
203 5 6 0 7 3 
204 1 0 5 2 
205 4 5 1 3 2 0 
206 2 5 6 7 0 
207 1 5 3 7 2 0 
208 6 5 7 2 0 
209 4 3 1 2 0 5 
210 2 3 
211 0 5 4 6 7 
212 7 3 6 0 
213 1 0 7 4 6 
214 6 3 7 0 4 5 
215 4 7 2 6 3 5 0 
216 0 4 1 7 6 
217 1 7 4 6 3 0 
218 7 2 4 3 6 0 5 
219 5 2 4 6 7 3 
220 2 7 3 0 1 
221 0 5 3 7 2 
222 3 2 0 1 6 7 5 
223 0 6 4 7 5 
224 7 3 2 0 1 6 5 
225 2 3 4 6 7 5 
226 2 1 0 5 
227 3 7 5 2 4 0 
228 5 4 0 3 
229 5 3 7 2 4 0 
230 0 7 6 5 1 3 
231 7 5 6 
232 0 1 2 5 
233 3 0 1 5 2 
234 6 3 2 
235 7 0 1 4 6 
236 4 5 7 6 
237 3 0 7 6 5 1 
238 3 0 7 4 5 6 2 
239 4 5 0 2 7 
240 5 4 0 3 
241 5 7 6 
242 1 5 4 0 3 
243 3 0 7 6 5 1 
244 2 7 5 6 
245 5 3 2 0 1 6 7 
246 1 6 3 5 7 
247 7 5 4 0 2 
248 1 0 7 4 5 6 2 
249 2 3 7 
250 3 5 7 2 0 
251 2 3 7 1 5 0 6 
252 6 5 4 7 
253 0 4 3 5 2 
254 1 7 4 6 3 0 
255 1 4 5 2 
256 4 1 5 2 
257 1 3 2 0 4 
258 5 1 0 2 
259 5 6 3 7 2 
260 6 5 4 7 2 1 
261 1 4 7 6 0 
262 6 3 1 2 0 4 
263 4 3 6 7 5 
264 3 0 1 7 4 6 
265 7 6 3 5 2 
266 3 7 6 0 
267 5 1 0 2 4 
268 1 4 5 2 
269 6 7 3 2 0 4 5 
270 2 3 7 
271 0 7 4 5 6 2 
272 7 5 4 6 
273 2 6 3 5 7 
274 2 5 4 6 7 
275 0 7 1 6 5 3 2 
276 7 3 5 2 
277 1 3 7 5 2 4 0 
278 6 0 7 4 5 2 
279 4 6 0 5 7 3 
280 0 7 6 3 2 4 5 
281 1 3 2 0 6 7 5 
282 7 1 0 2 4 5 
283 6 0 7 5 1 3 
284 2 0 3 1 
285 0 7 2 6 3 5 
286 3 1 0 5 2 
287 0 1 7 3 
288 7 3 2 
289 1 2 4 3 7 6 0 5 
290 2 5 4 6 7 
291 1 3 2 0 6 7 5 
292 5 3 1 2 0 
293 6 3 1 2 0 4 
294 1 3 0 5 
295 7 3 0 1 5 2 
296 0 2 4 3 7 6 5 
297 3 0 5 1 4 2 
298 6 2 4 3 7 0 5 
299 7 1 0 5 2 
300 5 6 0 7 3 
301 3 0 1 5 2 
302 3 4 6 7 5 2 
303 4 5 7 6 
304 5 0 7 4 6 2 
305 5 2 3 7 
306 1 0 7 3 
307 2 3 1 0 5 
308 2 6 0 5 7 3 
309 5 2 6 0 7 1 
310 0 3 2 6 7 5 
311 7 6 5 4 2 
312 3 2 4 0 1 5 
313 3 7 1 6 5 2 
314 3 2 
315 2 3 4 6 7 5 
316 6 3 1 2 0 5 
317 0 1 7 3 
318 1 4 5 2 
319 1 4 6 7 5 2 
320 4 1 0 2 5 
321 0 2 3 7 1 5 6 
322 4 7 6 3 2 0 5 
323 7 2 6 0 1 5 
324 6 5 3 7 2 0 
325 3 1 0 5 2 
326 6 3 2 7 5 
327 4 7 6 3 0 
328 3 2 6 7 5 
329 6 7 5 3 
330 3 6 5 7 2 
331 5 6 7 4 2 
332 1 4 7 6 0 
333 6 0 1 7 4 
334 2 3 7 
335 0 4 1 7 6 
336 6 7 3 0 2 1 
337 2 6 7 5 4 
338 2 7 4 6 3 0 
339 0 7 3 2 1 
340 6 4 5 2 
341 1 3 7 0 4 6 5 
342 6 5 4 7 2 1 
343 7 5 1 0 
344 1 0 5 2 
345 1 6 3 5 7 2 
346 6 2 4 3 7 0 5 
347 7 2 4 0 1 5 
348 3 5 4 7 6 
349 3 2 4 6 5 7 
350 3 0 5 1 4 2 
351 0 2 4 6 5 7 3 
352 7 2 4 0 1 5 
353 1 2 6 0 7 5 
354 2 3 7 0 4 6 5 
355 0 2 4 6 5 7 3 
356 5 0 4 3 2 
357 6 1 0 5 2 
358 0 4 5 2 
359 7 0 4 3 5 2 
360 0 7 5 6 
361 3 7 2 6 5 0 
362 6 2 3 7 
363 7 6 4 2 3 5 
364 5 4 6 7 
365 3 7 0 4 6 5 
366 3 2 7 1 5 0 6 
367 4 1 7 6 0 
368 4 1 0 5 2 3 
369 5 7 4 6 2 
370 3 7 4 5 6 2 
371 3 5 6 7 2 0 
372 2 5 7 6 
373 4 2 0 1 5 
374 3 1 0 5 2 
375 6 1 0 5 2 
376 1 5 4 0 2 7 
377 2 5 4 0 7 
378 2 7 4 5 6 
379 2 7 1 6 5 3 
380 6 4 1 5 2 
381 0 4 6 5 1 7 
382 1 7 5 6 
383 1 0 5 2 3 
384 4 5 0 3 
385 5 0 4 6 1 7 
386 5 4 0 2 
387 7 3 2 
388 4 5 2 
389 1 6 5 4 7 2 
390 6 7 3 5 2 
391 4 2 6 0 7 1 5 
392 3 6 4 2 7 5 
393 6 5 1 0 
394 3 6 5 4 7 2 1 
395 5 0 4 3 2 
396 1 6 4 7 0 5 
397 6 7 1 5 3 2 
398 2 1 0 5 3 
399 0 2 3 7 1 5 6 
400 6 4 2 7 3 5 
401 3 0 1 7 
402 2 5 6 7 0 
403 0 4 2 5 
404 7 3 5 6 2 
405 1 5 3 7 2 0 
406 6 5 4 7 
407 4 5 3 7 2 0 
408 1 3 5 2 
409 1 0 4 3 5 2 
410 7 3 1 2 0 5 
411 7 3 1 2 0 5 
412 2 0 4 3 5 
413 0 5 7 6 
414 3 0 7 6 5 1 
415 0 2 3 7 1 5 6 
416 7 0 1 4 6 
417 0 4 2 5 
418 3 1 0 5 
419 1 3 5 2 
420 5 6 4 2 7 3 
421 6 0 5 7 3 
422 0 2 4 1 5 
423 7 3 1 0 5 
424 1 0 3 2 
425 3 0 1 7 4 6 
426 6 3 5 2 
427 7 0 4 5 6 2 
428 5 0 1 7 4 6 
429 3 1 0 5 2 
430 3 7 5 2 4 0 
431 4 0 1 7 6 
432 5 1 0 2 
433 5 4 7 6 
434 1 0 7 3 
435 3 0 1 5 2 
436 2 5 4 0 3 
437 5 0 3 1 2 
438 0 6 7 1 5 
439 7 3 0 2 1 
440 1 5 6 7 2 0 
441 2 7 6 3 0 4 5 
442 2 6 7 1 0 5 
443 2 1 0 5 3 
444 6 3 5 7 
445 0 3 2 
446 1 6 4 7 0 5 
447 1 7 4 6 3 0 
448 4 2 3 7 
449 0 3 1 2 
450 5 6 3 7 2 
451 7 1 6 5 3 2 
452 6 7 4 0 3 
453 1 7 6 3 2 0 4 5 
454 4 0 6 5 1 7 
455 4 2 6 5 7 3 
456 3 6 4 7 0 5 
457 7 2 4 0 1 5 
458 3 2 
459 5 3 1 2 0 4 
460 1 2 3 7 5 0 6 
461 6 0 3 1 2 
462 2 7 5 6 
463 0 3 7 6 
464 6 7 2 3 5 0 
465 2 5 1 0 
466 2 6 7 4 0 3 
467 0 6 4 7 5 
468 7 0 3 1 2 
469 0 5 1 
470 6 2 4 3 7 0 5 
471 4 5 6 7 
472 0 1 5 2 3 
473 1 2 4 0 5 
474 7 4 5 2 
475 7 0 4 3 5 2 
476 2 5 3 7 0 
477 0 3 1 5 
478 3 5 4 7 6 
479 0 2 4 6 5 7 3 
480 7 6 3 2 0 4 5 
481 1 2 6 0 7 5 
482 2 1 0 4 5 
483 1 3 5 2 
484 5 3 2 6 7 
485 6 2 0 7 1 5 
486 0 7 3 2 1 
487 7 6 3 2 0 4 5 
488 0 2 4 6 5 7 3 
489 3 5 7 6 
490 6 5 7 
491 7 6 0 5 3 
492 5 2 6 0 7 1 
493 3 4 1 7 6 0 
494 3 2 6 7 5 
495 4 3 0 1 5 2 
496 5 6 4 2 7 3 
497 5 4 6 7 2 
498 1 2 4 0 5 
499 3 1 2 0 5 
500 2 6 4 7 0 5 
501 5 2 4 3 7 6 0 
502 0 6 7 4 3 
503 7 4 5 2 
504 1 6 7 4 0 3 
505 2 6 7 1 0 5 
506 2 4 5 
507 2 3 6 7 5 
508 6 1 0 2 4 5 
509 0 1 5 2 
510 1 3 5 2 
511 1 7 3 0 2 
512 4 0 1 7 6 
513 0 7 3 2 1 
514 5 2 3 7 
515 7 6 5 4 2 1 
516 6 3 5 7 
517 1 3 2 0 6 7 5 
518 6 2 3 7 
519 4 3 0 1 5 2 
520 3 1 0 5 2 
521 7 3 2 
522 3 7 2 6 5 0 
523 5 6 7 1 0 
524 1 5 0 
525 6 7 4 0 3 
526 2 3 
527 0 6 7 4 3 
528 6 3 2 
529 2 1 0 5 
530 2 6 3 5 7 
531 0 1 5 2 3 
532 7 6 4 0 5 
533 1 7 5 6 
534 6 0 4 3 5 2 
535 4 0 1 7 3 
536 0 1 5 2 
537 1 6 3 5 7 
538 7 2 4 3 6 0 5 
539 7 4 6 5 2 
540 2 0 1 5 
541 0 1 7 3 
542 3 7 5 6 
543 0 2 4 6 5 7 3 
544 7 3 1 0 5 
545 1 6 0 5 7 3 
546 2 4 0 5 
547 1 7 3 5 6 2 
548 5 7 2 6 3 0 
549 6 7 2 3 5 0 
550 0 3 2 6 7 5 
551 6 3 5 7 2 
552 0 2 4 3 7 6 5 
553 3 1 0 5 2 
554 6 7 3 5 2 
555 7 0 4 6 5 1 
556 5 4 0 2 7 
557 3 7 4 6 0 
558 3 7 5 6 2 
559 4 3 1 2 0 
560 5 6 7 4 2 
561 5 2 3 7 1 0 6 
562 1 6 3 5 7 
563 3 0 4 6 5 1 7 
564 2 6 0 7 1 5 
565 5 3 7 2 0 
566 0 5 1 
567 7 5 6 3 
568 1 5 4 0 3 
569 2 4 5 
570 2 7 5 6 
571 2 3 1 0 4 
572 6 4 7 5 2 
573 0 7 6 5 1 3 
574 1 5 6 7 2 0 
575 1 5 3 7 2 0 
576 4 6 0 5 7 3 
577 0 3 1 2 4 
578 5 4 0 2 7 
579 7 4 1 5 2 
580 6 4 1 7 0 
581 1 5 4 6 7 
582 6 4 5 2 
583 4 5 1 0 
584 3 6 7 1 0 5 
585 7 3 2 0 1 6 5 
586 3 4 1 5 2 
587 5 0 1 2 
588 1 0 5 4 2 
589 6 7 4 0 3 
590 2 0 3 1 
591 0 5 6 7 2 
592 6 3 2 
593 2 1 0 4 5 
594 2 6 4 7 0 5 
595 0 1 2 5 
596 7 5 4 6 
597 1 3 2 
598 6 5 4 7 
599 4 7 5 6 
600 0 3 1 2 5 
601 1 0 7 3 
602 7 3 6 0 
603 7 6 5 4 2 1 
604 2 3 1 0 5 
605 0 6 7 5 4 2 
606 3 0 7 6 5 1 
607 1 3 7 5 2 4 0 
608 7 2 6 3 5 0 
609 1 3 7 0 4 6 5 
610 2 6 3 5 7 
611 1 5 4 0 3 
612 5 0 1 7 4 6 
613 6 3 2 0 1 7 5 
614 0 3 2 1 6 7 5 
615 7 0 4 6 5 1 
616 0 6 4 2 7 3 5 
617 3 0 1 7 4 6 
618 6 5 4 0 2 7 
619 7 1 0 5 2 
620 5 1 0 2 
621 3 7 5 6 2 
622 3 0 7 6 5 1 
623 4 0 3 1 2 
624 5 7 6 
625 5 3 7 6 0 
626 1 2 4 0 5 
627 3 7 5 6 
628 2 3 
629 5 4 0 2 7 
630 0 4 3 5 2 
631 7 0 1 3 
632 1 7 5 6 3 
633 2 7 6 3 0 4 5 
634 2 7 4 6 3 0 
635 2 1 0 5 
636 6 4 7 5 2 
637 1 7 4 6 3 0 
638 1 4 7 6 0 
639 1 3 2 
640 4 2 3 7 6 0 5 
641 0 3 2 
642 5 7 1 6 3 2 
643 7 5 6 3 
644 6 1 0 5 2 
645 1 3 7 0 4 6 5 
646 6 3 7 0 
647 4 5 3 7 2 0 
648 3 1 0 5 
649 7 0 5 1 4 2 
650 3 2 7 1 5 0 6 
651 5 4 6 7 2 
652 1 3 2 0 5 
653 6 2 4 5 7 3 
654 2 6 5 4 7 1 
655 0 7 4 6 3 
656 6 7 4 3 0 
657 2 4 6 7 5 
658 2 0 1 5 
659 0 2 3 7 
660 7 5 4 0 3 
661 1 2 4 0 5 
662 6 5 1 3 2 0 
663 4 2 3 7 
664 0 2 4 6 5 7 3 
665 1 0 5 2 
666 7 6 4 0 3 
667 7 2 3 1 5 0 6 
668 2 6 4 7 3 5 
669 0 3 7 4 6 5 
670 3 0 7 4 5 6 2 
671 0 3 2 6 7 5 
672 7 0 3 1 2 
673 1 6 7 4 0 3 
674 2 7 3 5 6 
675 1 2 4 3 7 6 0 5 
676 5 6 4 7 2 1 
677 6 7 2 3 5 0 
678 0 6 7 1 5 
679 7 4 1 5 2 
680 0 3 4 6 7 5 
681 3 6 5 4 7 2 1 
682 6 0 1 7 4 
683 7 5 4 0 3 
684 5 7 4 6 2 
685 3 5 4 0 
686 3 6 7 4 0 
687 4 6 7 5 2 
688 5 3 2 6 7 
689 5 1 3 2 0 
690 1 0 7 6 5 3 
691 3 1 0 2 4 5 
692 2 5 6 7 0 
693 5 0 7 4 6 2 
694 0 3 7 5 2 4 
695 7 6 3 2 0 4 5 
696 1 0 2 5 
697 2 4 0 5 
698 2 3 1 0 5 
699 2 3 7 5 4 0 
700 6 7 5 3 
701 0 7 5 6 
702 1 5 3 7 2 0 
703 1 5 3 2 0 
704 4 3 6 7 5 
705 0 5 4 6 7 
706 5 2 6 0 7 1 
707 7 1 6 5 3 2 
708 6 5 1 0 
709 1 5 4 0 3 
710 6 1 0 2 4 5 
711 4 0 5 1 2 
712 3 0 1 5 2 
713 7 5 3 2 0 
714 3 0 5 1 4 2 
715 5 0 1 2 
716 1 6 7 5 4 2 
717 6 5 1 3 2 0 
718 2 1 0 5 3 
719 0 3 7 4 6 5 
720 6 1 0 5 2 3 
721 2 5 1 3 0 
722 2 7 3 0 1 
723 0 7 4 5 6 2 
724 7 3 2 
725 1 6 3 5 7 2 
726 6 3 7 0 4 5 
727 4 3 1 2 0 5 
728 0 2 6 7 1 5 
729 1 7 4 5 6 2 
730 7 6 4 0 5 
731 7 0 4 6 5 1 
732 2 5 7 6 
733 0 4 1 7 6 
734 3 2 
735 0 5 4 6 7 
736 7 4 5 2 
737 1 0 5 2 3 
738 2 7 4 5 6 
739 1 6 5 4 7 2 
740 5 3 2 
741 6 4 5 2 
742 0 6 7 1 5 
743 7 6 5 4 2 1 
744 0 7 2 6 3 5 
745 3 0 5 1 4 2 
746 6 4 0 2 5 
747 6 0 5 7 3 
748 5 0 4 3 2 
749 3 5 4 0 2 7 
750 3 7 5 6 
751 4 3 5 2 
752 5 7 6 3 2 0 4 
753 5 6 7 2 0 
754 1 0 7 3 
755 3 7 4 6 0 
756 2 5 1 0 
757 5 4 0 2 
758 0 2 3 7 
759 7 5 4 0 2 
760 1 0 7 6 5 3 
761 2 4 3 7 6 0 5 
762 2 6 3 5 7 
763 2 7 6 3 0 4 5 
764 6 5 1 0 
765 0 4 6 5 1 7 
766 0 1 2 5 
767 1 0 5 2 3 
768 4 0 1 7 3 
769 0 7 4 5 6 2 
770 5 6 4 7 2 1 
771 7 2 6 3 5 0 
772 6 5 4 0 3 
773 1 5 4 7 6 
774 6 2 4 3 7 0 5 
775 4 6 2 7 3 5 
776 3 4 1 7 6 0 
777 7 0 5 1 4 2 
778 3 5 1 2 0 
779 5 6 7 1 0 
780 1 4 7 6 0 
781 7 3 5 6 2 
782 2 5 4 0 7 
783 0 5 1 
784 6 0 7 4 5 2 
785 2 0 1 5 
786 2 3 7 5 4 0 
787 0 3 5 2 
788 7 6 5 4 2 
789 1 7 3 5 6 2 
790 6 4 7 5 2 
791 4 0 6 5 1 7 
792 0 5 4 7 6 
793 1 2 4 3 7 6 0 5 
794 7 1 0 2 4 5 
795 7 6 3 2 0 4 5 
796 2 6 5 4 7 1 
797 0 2 3 7 1 5 6 
798 3 2 6 7 5 
799 0 4 2 5 
800 7 6 3 5 2 
801 2 7 4 5 6 
802 2 5 7 6 
803 3 6 7 1 0 5 
804 5 2 4 6 7 3 
805 6 3 5 7 
806 3 2 
807 7 5 1 3 2 0 
808 0 1 2 5 
809 3 7 2 6 5 0 
810 6 7 4 5 2 
811 7 3 4 6 5 
812 5 0 1 4 2 
813 3 6 7 5 4 2 
814 3 5 6 7 2 0 
815 4 6 7 0 5 
816 5 1 0 
817 5 7 6 3 
818 2 4 5 
819 3 6 5 7 2 
820 2 4 1 5 
821 5 0 1 7 4 6 
822 3 7 0 4 6 5 
823 6 0 7 4 5 2 
824 3 4 1 7 6 0 
825 2 6 0 5 7 3 
826 2 7 4 6 3 0 
827 2 7 4 5 6 
828 7 6 1 0 5 
829 0 1 2 4 5 
830 3 7 1 6 5 2 
831 1 5 4 0 2 7 
832 4 5 6 7 2 0 
833 0 5 4 3 
834 4 6 2 7 3 5 
835 7 0 3 1 2 
836 6 1 0 5 2 
837 2 5 6 7 0 
838 6 7 5 4 2 
839 4 0 7 5 6 2 
840 3 2 7 
841 7 1 0 2 4 5 
842 3 7 5 6 
843 5 7 6 
844 0 3 7 6 
845 6 4 7 0 5 
846 2 4 1 5 
847 3 0 1 2 
848 6 0 4 5 1 7 
849 2 1 0 5 
850 3 5 4 0 2 7 
851 1 0 3 2 
852 7 6 4 2 3 5 
853 1 3 2 
854 6 4 0 2 5 
855 7 3 0 2 1 
856 0 3 1 5 
857 6 3 4 7 5 
858 7 2 4 6 5 3 
859 7 5 6 
860 2 3 7 0 4 6 5 
861 3 4 6 7 5 
862 3 6 7 4 0 
863 2 4 6 7 5 
864 4 3 0 1 5 2 
865 3 6 5 7 2 
866 2 3 
867 3 2 7 
868 5 3 1 0 
869 6 7 3 2 0 4 5 
870 3 1 0 2 4 5 
871 7 2 6 3 5 0 
872 1 3 2 0 4 
873 3 4 5 2 
874 6 2 3 7 1 5 0 
875 7 3 2 
876 5 6 3 7 2 
877 3 1 2 0 4 
878 1 0 7 4 6 
879 4 3 5 2 
880 5 3 1 0 
881 5 1 3 2 0 
882 3 5 7 6 
883 3 2 4 6 5 7 
884 3 1 2 0 5 
885 5 0 1 4 2 
886 0 1 5 2 
887 7 0 1 3 
888 3 2 7 1 5 0 6 
889 2 1 0 5 3 
890 2 3 1 0 4 
891 3 5 4 6 7 
892 6 5 3 7 2 0 
893 0 3 1 5 2 
894 3 7 1 6 5 2 
895 0 3 7 5 2 4 
896 4 3 6 7 5 
897 0 3 7 5 2 4 
898 5 3 4 6 7 
899 6 4 1 5 2 
900 7 6 4 2 3 5 
901 1 3 0 5 2 
902 6 3 7 0 
903 4 3 2 
904 3 7 4 5 6 2 
905 7 6 4 0 3 
906 3 2 4 6 5 7 
907 4 6 7 1 0 5 
908 1 3 2 0 6 7 5 
909 6 3 5 2 
910 3 5 7 2 0 
911 3 7 0 2 1 
912 6 5 3 7 2 0 
913 2 3 7 1 5 0 6 
914 5 0 1 2 
915 0 5 1 3 2 
916 7 5 4 6 
917 1 4 5 2 
918 4 3 7 5 2 0 
919 4 5 1 0 
920 0 1 5 2 3 
921 6 0 4 3 5 2 
922 7 5 4 6 
923 7 6 1 0 5 
924 5 3 2 
925 4 3 7 0 6 5 
926 5 0 4 6 1 7 
927 4 2 0 1 5 
928 6 7 1 5 3 2 
929 5 6 7 1 0 
930 4 0 7 6 5 1 3 
931 5 3 1 0 
932 4 5 2 
933 6 3 1 2 0 5 
934 4 3 1 2 0 
935 7 3 6 0 
936 4 3 7 0 6 5 
937 5 7 4 6 3 0 
938 5 7 6 
939 7 6 0 5 3 
940 5 2 6 0 7 1 
941 4 5 0 2 7 
942 5 0 7 6 1 3 
943 4 6 7 5 2 
944 5 7 3 6 2 
945 4 5 2 
946 4 0 1 7 3 
947 4 5 1 3 2 0 
948 4 3 2 6 7 5 
949 5 7 4 6 2 
950 5 6 0 7 3 
951 7 3 0 4 6 5 
952 4 3 1 0 5 
953 4 6 7 5 2 
954 4 1 7 6 0 
955 5 4 1 2 
956 6 5 7 
957 4 0 3 1 2 
958 4 5 7 6 
959 4 0 2 5 
960 4 3 5 2 
961 5 2 3 7 
962 5 1 0 2 
963 7 0 1 3 
964 6 3 2 
965 4 3 1 2 0 5 
966 6 7 4 3 0 
967 4 0 1 7 6 
968 4 5 0 3 
969 7 0 1 2 5 
970 5 3 0 1 2 
971 5 7 6 
972 4 6 7 5 2 
973 6 7 4 5 2 
974 7 5 1 3 2 0 
975 4 3 0 1 5 2 
976 4 6 2 7 3 5 
977 4 3 7 6 0 
978 5 0 7 4 6 2 
979 4 3 1 2 0 5 
980 4 5 7 6 
981 4 1 0 5 2 
982 4 7 2 6 3 5 0 
983 4 0 3 1 2 
984 4 0 6 5 1 7 
985 4 7 2 6 3 5 0 
986 5 2 4 0 1 
987 5 7 6 
988 5 2 4 0 1 
989 4 0 2 5 
990 5 6 4 7 0 
991 4 5 1 0 
992 4 1 0 5 2 
993 5 6 0 7 3 
994 4 0 6 5 1 7 
995 5 7 3 0 2 1 
996 5 7 6 3 
997 5 3 2 
998 4 0 3 5 2 
999 4 0 1 2 5 
1000 4 6 3 5 7 
1001 5 7 6 3 
1002 4 6 7 0 3 
1003 4 6 3 5 7 
1004 4 0 1 7 6 
1005 4 7 3 0 2 1 
1006 5 0 1 4 2 
1007 4 3 7 6 0 
1008 4 0 2 5 
1009 4 1 5 2 
1010 4 6 2 7 3 5 
1011 4 5 1 0 
1012 4 6 7 5 2 
1013 4 2 6 0 7 1 5 
1014 5 3 1 0 
1015 4 1 5 2 
1016 4 3 1 2 0 
1017 4 2 3 7 6 0 5 
1018 4 6 3 5 7 
1019 5 6 7 4 2 
1020 4 0 2 5 
1021 4 1 0 5 2 3 
1022 4 6 7 5 2 
1023 4 5 0 3 
