0 2 0 1 3 
1 0 1 3 
2 7 4 2 5 3 
3 1 6 5 7 4 3 
4 2 0 1 3 
5 4 5 3 2 
6 6 5 4 1 3 
7 4 5 2 1 0 6 7 
8 0 3 1 4 5 
9 3 6 5 7 4 
10 3 6 5 1 0 7 4 
11 5 0 6 
12 2 0 1 3 
13 5 0 3 2 
14 2 6 1 3 7 5 
15 3 5 0 6 1 7 
16 7 6 4 5 0 
17 2 6 7 4 5 
18 3 0 1 6 
19 2 5 6 7 0 3 1 
20 3 4 7 6 0 
21 3 0 5 6 
22 5 0 1 3 
23 7 3 2 0 
24 3 6 5 7 4 
25 5 3 1 7 2 6 
26 3 0 1 
27 4 1 2 0 3 
28 1 4 7 6 0 
29 3 6 4 7 5 0 
30 0 1 2 5 
31 2 7 4 6 3 
32 5 4 3 0 6 7 1 
33 0 6 7 5 
34 3 2 0 
35 0 3 1 2 6 
36 5 0 4 3 1 
37 6 5 4 
38 4 3 1 6 2 7 5 
39 2 0 1 
40 0 5 6 1 7 3 
41 7 0 1 3 
42 0 5 1 4 
43 3 5 6 7 0 1 
44 2 0 6 3 
45 1 0 5 3 2 
46 1 5 6 4 
47 0 3 7 2 6 
48 6 3 1 0 2 
49 4 5 6 
50 6 0 3 5 4 
51 4 0 1 3 6 
52 7 3 0 2 5 4 
53 5 6 7 
54 0 3 2 
55 4 1 6 0 
56 7 5 6 
57 6 0 2 5 3 
58 1 0 3 
59 5 0 4 3 1 
60 6 0 2 5 3 
61 3 4 1 2 0 
62 2 0 1 3 
63 7 4 3 2 0 5 
64 0 7 6 5 
65 1 5 6 4 
66 7 5 6 4 
67 1 3 4 0 5 
68 2 0 6 3 
69 4 6 7 5 0 
70 6 5 1 0 7 4 
71 4 3 0 6 7 1 
72 0 4 1 2 3 
73 3 6 5 7 4 
74 3 7 6 5 
75 5 3 2 4 
76 1 2 0 3 
77 5 3 2 1 0 
78 1 6 2 0 7 3 
79 0 6 1 3 2 7 5 
80 6 3 2 0 
81 2 4 1 0 3 
82 1 4 3 2 0 5 
83 0 5 6 
84 1 4 7 6 0 
85 0 3 1 4 5 
86 5 3 7 6 1 
87 7 4 5 6 3 
88 1 3 0 2 5 4 
89 5 0 6 1 7 3 
90 3 5 0 4 1 
91 4 5 
92 1 5 6 7 
93 3 0 1 6 
94 0 5 1 7 4 6 
95 2 6 4 7 5 0 
96 5 0 2 3 
97 0 2 4 5 3 
98 3 2 1 0 5 
99 3 4 0 6 7 1 
100 5 0 1 3 6 
101 6 0 2 3 5 
102 4 3 2 0 5 
103 2 4 5 6 3 
104 0 4 7 6 
105 7 3 5 6 1 
106 1 6 0 4 
107 3 0 1 
108 2 0 5 3 
109 0 3 7 2 6 
110 0 7 6 4 3 
111 0 1 6 4 
112 6 5 7 
113 4 6 5 0 3 
114 6 7 4 3 
115 4 5 0 3 1 
116 7 6 5 
117 5 3 2 4 
118 0 1 2 5 
119 4 1 2 3 5 
120 7 3 1 0 2 6 
121 7 3 1 0 2 6 
122 1 5 4 7 6 
123 4 5 2 1 0 6 7 
124 6 5 2 1 0 7 
125 3 1 6 0 4 
126 2 6 5 1 0 4 
127 6 7 5 
128 0 5 6 7 3 1 
129 1 5 4 3 
130 7 5 4 1 3 
131 1 7 0 6 2 5 
132 2 5 6 4 
133 4 0 6 3 
134 6 5 4 
135 4 3 2 0 5 
136 0 5 3 6 2 7 
137 3 7 6 4 
138 3 4 0 6 7 1 
139 5 1 7 0 6 2 
140 0 5 2 1 6 7 
141 5 0 6 1 7 3 
142 1 5 6 7 
143 0 5 4 
144 6 7 4 3 
145 2 6 7 4 5 
146 1 7 6 5 
147 0 1 7 6 2 5 
148 1 3 0 2 5 4 
149 0 4 2 5 3 
150 5 0 1 3 
151 7 5 0 6 1 3 
152 0 6 7 5 
153 5 4 6 0 3 
154 3 0 1 
155 4 0 2 3 5 
156 1 3 5 7 6 
157 3 6 2 0 7 
158 0 4 6 5 3 
159 2 3 1 4 0 5 
160 5 3 1 6 2 7 
161 0 2 3 
162 2 4 5 
163 0 1 3 
164 5 0 6 
165 6 1 0 4 
166 4 5 0 1 
167 2 6 5 1 0 7 4 
168 0 5 1 4 
169 7 6 5 
170 0 3 1 6 2 7 5 
171 2 3 1 0 6 
172 2 4 5 3 
173 1 4 7 6 0 
174 1 6 7 5 
175 0 1 2 5 
176 6 5 4 7 
177 4 1 2 0 3 
178 6 3 1 0 2 
179 4 5 6 3 
180 7 1 2 4 3 5 
181 5 0 4 3 1 
182 1 3 0 2 6 
183 4 5 1 7 0 6 
184 7 5 6 4 
185 7 0 1 2 5 
186 1 3 6 2 7 5 
187 7 6 4 5 0 
188 6 5 3 2 4 
189 3 5 6 2 7 
190 2 5 1 7 4 0 6 
191 7 5 6 
192 0 6 3 
193 1 0 3 
194 6 3 1 4 0 5 
195 1 2 4 5 3 
196 2 0 1 
197 4 1 6 0 
198 6 5 1 7 4 0 
199 4 5 3 6 2 7 
200 1 5 7 4 0 6 
201 2 6 4 7 5 0 
202 3 2 0 
203 4 5 3 2 
204 1 3 2 0 5 
205 5 2 4 3 
206 1 4 2 5 3 
207 1 0 3 6 
208 6 3 5 7 1 
209 2 5 0 1 4 
210 1 7 4 6 3 
211 0 6 1 3 2 7 5 
212 1 3 0 2 6 
213 0 3 2 1 5 
214 5 4 7 6 
215 7 0 1 
216 1 4 3 0 6 7 
217 4 0 5 3 2 
218 3 0 2 5 4 
219 4 0 5 6 
220 1 3 5 7 6 
221 2 3 1 6 7 5 
222 0 6 3 
223 3 6 4 7 5 0 
224 5 0 1 3 
225 0 4 6 5 3 
226 3 6 5 1 0 4 
227 1 7 6 5 
228 5 2 4 3 6 
229 6 3 1 2 7 5 
230 4 3 1 7 2 6 5 
231 2 0 1 
232 1 2 4 3 5 
233 7 3 1 2 6 5 
234 2 3 1 0 5 
235 3 5 6 4 
236 2 1 4 3 5 
237 1 0 6 3 
238 1 6 5 7 4 3 
239 0 3 7 2 6 
240 6 7 4 5 
241 4 6 5 0 3 
242 6 0 1 2 5 
243 4 3 1 7 2 6 5 
244 7 6 4 3 
245 5 2 4 3 
246 0 5 3 6 2 7 
247 4 6 7 5 0 
248 7 3 1 6 2 5 
249 7 4 6 0 
250 1 6 0 4 
251 5 0 1 
252 6 2 3 
253 2 7 6 5 
254 3 6 5 7 4 
255 7 6 5 1 0 4 
256 0 3 7 2 6 
257 1 2 6 3 7 4 
258 7 3 2 1 0 5 
259 1 0 3 
260 2 3 
261 4 3 0 6 7 1 
262 6 2 4 3 5 
263 4 5 6 
264 0 2 4 3 5 6 
265 6 2 3 7 4 
266 3 5 6 7 
267 5 3 0 2 4 
268 2 4 5 
269 5 1 7 0 6 2 
270 1 4 5 6 3 
271 0 4 3 2 5 
272 6 4 2 5 3 
273 2 6 5 1 0 4 
274 0 6 1 
275 0 4 1 2 3 
276 1 3 4 0 5 
277 3 5 6 7 
278 5 3 1 0 2 6 
279 7 6 5 1 0 4 
280 1 4 2 0 3 
281 5 2 3 
282 3 2 4 5 
283 4 2 3 
284 1 5 4 7 6 
285 3 4 5 
286 0 3 7 2 6 
287 2 6 1 0 
288 5 4 7 6 0 
289 0 6 1 3 2 7 5 
290 5 4 1 3 
291 0 2 3 5 
292 5 3 1 7 2 6 
293 6 5 4 1 3 
294 4 0 1 3 
295 2 6 7 5 
296 0 5 6 1 7 3 
297 7 6 1 0 
298 0 3 1 7 2 6 5 
299 3 6 1 0 
300 2 3 7 0 6 
301 1 0 3 
302 1 0 3 
303 0 6 7 5 
304 6 5 0 1 7 3 
305 4 5 2 1 0 6 7 
306 6 0 1 
307 4 5 7 6 
308 7 5 3 6 2 
309 4 0 1 
310 0 2 3 5 
311 4 6 5 0 3 
312 7 5 4 6 
313 7 1 0 6 2 5 
314 1 5 7 4 0 6 
315 7 5 4 
316 6 4 2 5 3 
317 3 4 2 0 5 
318 2 3 7 0 6 
319 7 5 6 0 
320 0 1 3 
321 1 4 6 5 0 3 
322 7 0 5 6 
323 1 0 5 3 2 
324 3 4 1 2 0 
325 4 2 5 3 
326 6 5 2 1 0 7 
327 4 2 3 
328 0 6 5 1 7 4 
329 3 4 2 0 5 
330 3 6 5 1 0 7 4 
331 5 2 1 0 6 7 
332 1 3 2 0 
333 5 6 7 4 3 
334 1 5 4 3 
335 2 1 4 3 5 
336 6 5 7 0 3 1 
337 2 7 6 5 
338 1 7 4 6 3 
339 0 5 6 7 3 1 
340 1 0 2 5 3 
341 0 5 1 7 4 6 
342 5 0 3 4 
343 7 5 4 6 
344 1 5 4 
345 4 3 5 7 6 1 
346 2 5 3 6 7 
347 4 5 1 3 
348 1 0 5 3 2 
349 3 6 1 0 
350 0 1 3 
351 2 3 1 0 5 
352 5 6 1 3 2 7 
353 0 7 6 5 
354 3 0 2 5 
355 0 6 2 7 3 
356 5 6 7 
357 6 4 3 0 7 1 
358 7 6 4 3 
359 2 4 3 5 6 
360 0 5 2 1 6 7 
361 7 3 1 2 6 5 
362 1 5 4 7 6 
363 6 3 2 0 
364 2 3 
365 1 7 4 6 3 
366 3 5 6 0 
367 0 6 1 3 2 7 5 
368 6 4 3 2 0 5 
369 4 5 1 3 
370 6 4 5 3 
371 4 6 5 1 0 
372 7 0 2 5 3 
373 5 6 4 7 0 
374 0 1 2 5 
375 4 1 7 0 6 2 5 
376 7 6 5 4 3 
377 7 6 4 5 
378 1 6 5 0 4 
379 5 3 1 4 0 
380 6 2 0 7 3 
381 3 4 5 
382 2 5 6 7 0 3 1 
383 7 6 1 3 2 5 
384 0 5 1 4 
385 1 5 4 
386 7 5 4 1 3 
387 1 6 4 7 5 0 
388 2 1 4 3 5 
389 4 6 5 7 3 
390 6 7 4 3 
391 4 2 5 3 
392 0 1 3 
393 3 1 7 2 6 5 
394 3 6 2 0 7 
395 5 3 7 2 0 6 
396 1 5 6 0 
397 5 2 6 3 7 4 
398 0 4 5 6 3 
399 0 5 6 
400 6 2 3 
401 2 6 1 3 7 5 
402 1 5 0 4 
403 2 3 1 4 0 5 
404 0 2 5 3 
405 0 5 2 1 6 7 
406 5 3 2 4 
407 7 0 1 2 5 
408 1 3 2 0 5 
409 5 1 7 4 0 6 
410 3 6 5 1 0 7 4 
411 4 3 1 0 5 
412 1 6 5 0 7 4 
413 3 4 5 6 
414 0 6 7 5 
415 2 0 3 
416 5 6 2 0 7 3 
417 1 6 2 0 7 3 
418 3 4 7 6 0 
419 0 4 1 2 3 
420 5 3 1 7 2 6 
421 6 5 4 1 3 
422 4 2 6 3 7 
423 2 7 6 5 
424 0 1 7 6 2 5 
425 7 5 2 1 0 6 
426 0 5 6 
427 3 0 1 
428 2 3 1 0 6 
429 1 4 2 0 3 
430 1 7 4 6 3 
431 1 0 6 3 
432 6 4 5 
433 4 0 2 3 5 
434 6 5 4 
435 7 0 2 5 3 
436 7 3 1 0 2 6 
437 5 1 7 4 0 6 
438 0 5 4 
439 4 2 5 3 
440 7 3 1 6 2 5 
441 7 5 0 4 3 1 
442 1 6 2 0 7 3 
443 5 2 6 3 7 4 
444 6 5 4 
445 3 0 1 
446 2 1 7 0 6 5 
447 7 0 6 3 
448 0 4 5 6 3 
449 1 6 0 
450 7 2 6 3 4 
451 1 4 7 6 0 
452 2 7 6 4 3 
453 4 5 
454 6 5 4 7 
455 4 3 2 1 0 5 
456 0 5 1 7 4 6 
457 3 1 7 0 6 2 5 
458 3 5 6 4 
459 5 3 1 6 2 7 
460 1 7 0 6 2 5 
461 5 6 7 4 
462 1 3 2 0 5 
463 0 4 5 
464 6 7 4 5 
465 2 3 5 7 6 1 
466 1 4 3 0 6 7 
467 1 5 0 4 3 
468 1 5 0 4 
469 0 6 4 7 5 
470 5 0 1 3 
471 7 2 4 5 3 
472 1 6 2 0 7 3 
473 5 4 3 0 6 7 1 
474 3 2 
475 4 3 0 6 7 1 
476 1 5 0 4 3 
477 3 0 5 2 
478 0 6 5 1 7 4 
479 2 3 0 
480 5 3 1 7 2 6 
481 0 3 2 5 4 
482 3 0 1 6 
483 0 1 7 6 2 5 
484 5 4 2 3 
485 6 4 7 0 
486 4 5 6 
487 2 3 0 
488 0 5 6 7 
489 7 0 2 3 5 
490 0 4 2 5 3 
491 3 6 7 5 
492 2 5 3 4 
493 1 0 2 5 
494 1 0 3 
495 0 1 
496 6 4 5 3 
497 4 6 5 1 0 7 
498 6 0 1 3 
499 4 0 2 3 5 
500 7 4 3 2 0 5 
501 5 0 1 
502 0 6 7 4 5 
503 4 3 1 7 2 6 5 
504 7 6 5 4 3 
505 7 0 3 5 4 
506 1 5 3 2 4 
507 5 7 4 6 3 
508 6 0 5 
509 3 6 1 0 
510 2 6 3 7 4 
511 7 5 3 6 2 
512 0 4 5 
513 1 0 2 5 3 
514 7 5 0 4 3 1 
515 1 7 4 6 3 
516 2 6 1 0 
517 4 3 1 0 5 
518 6 3 2 1 0 5 
519 4 0 1 
520 0 4 3 2 5 
521 3 5 4 7 6 
522 3 4 6 5 0 
523 5 0 1 2 
524 1 5 6 0 
525 5 0 3 2 
526 1 5 6 0 
527 0 6 3 
528 6 2 4 3 5 
529 2 3 0 
530 1 5 6 7 0 3 
531 0 3 7 2 6 
532 1 5 6 7 
533 0 1 3 
534 5 2 0 3 
535 7 4 5 
536 1 5 3 2 4 
537 5 0 6 3 
538 3 5 4 7 6 
539 4 7 6 3 
540 1 3 4 0 5 
541 3 2 0 
542 0 3 2 
543 2 0 3 5 
544 5 2 4 3 
545 0 1 6 4 
546 3 0 2 5 
547 0 1 3 6 
548 5 2 4 3 
549 6 5 7 0 3 1 
550 4 6 1 3 2 7 5 
551 2 5 0 6 1 7 3 
552 0 5 2 1 6 7 
553 7 0 2 3 5 
554 0 7 6 5 
555 3 1 6 0 4 
556 2 0 1 5 
557 1 0 2 3 5 
558 1 7 6 5 
559 0 6 4 7 5 
560 6 5 4 1 3 
561 4 6 7 5 
562 6 2 3 
563 4 0 5 6 
564 7 6 4 5 
565 5 2 1 0 6 7 
566 0 5 3 6 2 7 
567 4 6 5 1 0 
568 7 0 3 5 4 
569 7 5 6 0 
570 1 5 3 6 2 7 
571 5 2 4 3 
572 6 5 3 2 7 
573 3 6 1 2 7 5 
574 2 5 0 1 4 
575 7 5 6 4 
576 0 4 2 5 3 
577 1 4 5 
578 7 0 2 5 3 
579 1 6 0 4 
580 2 0 3 5 
581 4 2 0 3 
582 6 5 0 
583 4 0 3 5 
584 0 1 
585 3 6 5 7 4 
586 3 6 5 1 0 7 4 
587 5 6 7 4 
588 1 2 6 3 7 4 
589 5 4 2 3 
590 1 0 
591 0 5 3 2 
592 6 5 4 7 
593 2 3 0 
594 1 3 6 2 7 5 
595 0 5 4 
596 1 6 0 
597 1 3 5 7 6 
598 5 3 0 2 4 
599 7 3 2 0 6 
600 1 0 5 3 2 
601 5 6 4 7 0 
602 3 6 5 1 0 4 
603 4 7 6 0 
604 1 0 2 5 3 
605 3 5 7 6 1 
606 0 6 3 
607 2 3 0 5 4 
608 5 3 2 4 
609 0 3 2 1 5 
610 3 5 0 6 1 7 
611 0 4 3 2 5 
612 5 2 0 3 
613 6 3 0 2 5 4 
614 4 5 0 3 1 
615 2 4 3 0 5 
616 0 7 6 4 3 
617 7 4 3 2 0 5 
618 0 5 6 1 7 3 
619 3 1 6 2 7 5 
620 2 3 1 0 5 
621 1 6 2 0 7 3 
622 1 7 6 5 
623 2 6 5 1 0 7 4 
624 6 5 7 0 3 1 
625 4 2 6 3 7 
626 6 0 3 
627 4 6 5 0 3 
628 7 0 1 2 5 
629 5 4 6 0 3 
630 0 2 4 5 3 
631 4 5 1 7 0 6 
632 7 3 2 0 6 
633 7 0 1 3 
634 1 0 3 
635 5 6 0 
636 6 3 0 2 5 4 
637 3 5 2 4 
638 2 3 
639 7 6 5 
640 1 6 3 2 7 5 
641 1 4 3 0 6 7 
642 7 2 4 5 3 
643 1 5 6 4 
644 2 6 1 0 
645 4 7 6 0 
646 6 0 5 
647 4 3 2 1 0 5 
648 0 6 5 7 4 3 
649 3 0 1 
650 3 2 4 5 
651 5 1 6 0 4 
652 1 4 6 5 0 3 
653 4 7 6 0 
654 1 5 2 0 6 7 
655 0 4 7 6 
656 6 0 3 
657 2 5 0 6 1 7 3 
658 1 5 0 4 
659 0 4 6 5 3 
660 1 5 3 6 2 7 
661 0 1 6 4 
662 5 2 6 3 7 4 
663 7 5 6 0 3 1 
664 1 4 2 5 3 
665 5 2 1 0 6 7 
666 3 0 1 
667 4 6 5 1 0 7 
668 1 5 6 7 0 3 
669 3 5 6 7 
670 0 5 6 7 3 1 
671 2 0 1 3 
672 5 7 6 
673 0 3 2 5 4 
674 3 5 2 4 
675 0 2 3 
676 5 6 7 
677 6 7 4 3 
678 4 7 6 5 
679 2 0 3 5 4 
680 0 3 1 6 2 7 5 
681 7 3 5 6 1 
682 2 3 1 4 0 5 
683 3 7 6 5 
684 2 0 1 3 
685 1 6 3 2 7 5 
686 3 5 4 1 
687 2 0 3 
688 6 1 2 4 3 5 
689 4 3 0 2 5 
690 6 3 1 7 2 5 
691 4 7 6 3 
692 7 4 6 3 
693 5 2 3 
694 2 0 3 
695 4 5 6 0 
696 7 5 4 
697 7 0 1 3 
698 2 0 1 5 
699 5 7 6 
700 6 0 1 3 
701 3 7 6 4 
702 2 0 3 5 4 
703 7 5 0 1 4 
704 2 4 3 5 6 
705 1 3 7 2 0 6 
706 7 5 0 1 4 
707 1 3 5 7 6 
708 2 4 3 0 5 
709 4 2 5 3 
710 6 5 4 1 3 
711 4 1 7 0 6 2 5 
712 0 6 4 7 5 
713 3 0 1 
714 3 0 5 6 
715 5 0 3 4 
716 2 0 5 3 
717 5 3 6 2 7 
718 2 0 3 5 4 
719 3 4 1 2 0 
720 6 5 0 1 4 
721 2 6 0 7 3 
722 3 5 6 0 
723 2 3 1 0 6 
724 3 2 
725 3 4 5 
726 5 7 6 
727 7 6 4 5 
728 3 5 2 4 
729 5 3 2 1 0 
730 3 4 6 5 0 
731 4 6 7 5 
732 1 4 3 0 6 7 
733 3 5 7 6 1 
734 0 6 1 
735 2 7 4 6 3 
736 5 4 
737 2 5 0 4 3 1 
738 3 2 4 5 6 
739 3 0 1 6 
740 5 6 1 0 4 
741 6 7 4 3 
742 4 5 0 3 1 
743 2 0 1 3 
744 0 7 6 4 3 
745 7 2 4 3 5 6 
746 2 4 3 5 6 
747 3 0 1 
748 3 2 6 7 4 
749 1 3 6 2 7 5 
750 3 5 2 1 0 6 7 
751 2 6 7 5 
752 6 1 0 4 
753 4 5 3 6 2 7 
754 6 5 0 4 3 1 
755 4 5 
756 7 6 4 5 0 
757 5 3 2 0 
758 2 5 4 
759 4 6 7 5 
760 7 2 0 3 
761 7 4 3 0 6 1 
762 3 1 4 0 5 
763 5 6 7 
764 6 0 1 3 
765 3 2 1 0 5 
766 2 3 1 6 7 5 
767 7 4 2 5 3 
768 2 7 6 5 
769 1 7 6 5 
770 7 3 1 6 2 5 
771 1 5 6 7 
772 2 3 1 0 6 
773 4 5 0 1 
774 6 5 0 1 7 3 
775 4 0 6 3 
776 0 3 5 4 
777 3 5 2 4 
778 3 0 2 5 
779 5 1 7 0 6 2 
780 2 6 0 7 3 
781 5 1 2 4 3 
782 2 7 6 5 
783 3 0 5 2 
784 6 0 1 
785 2 7 6 5 
786 3 6 1 0 
787 2 1 4 3 5 
788 3 6 7 5 
789 2 0 5 3 
790 5 2 4 3 6 
791 7 3 5 6 1 
792 3 0 5 4 
793 5 2 6 3 7 4 
794 3 4 5 6 
795 4 2 3 
796 1 6 5 0 7 4 
797 3 4 2 5 
798 0 6 7 4 5 
799 2 6 0 7 3 
800 5 6 7 4 3 
801 2 3 7 0 6 
802 3 6 7 4 5 
803 3 2 4 5 6 
804 5 6 7 4 3 
805 6 0 2 5 3 
806 4 3 0 6 7 1 
807 2 3 1 7 6 5 
808 0 5 6 
809 7 5 0 6 1 3 
810 2 6 3 7 4 
811 3 5 0 1 4 
812 3 4 1 2 0 
813 1 5 0 4 3 
814 3 5 6 7 
815 2 5 3 4 
816 6 3 0 2 5 4 
817 4 3 7 2 0 6 
818 6 2 4 3 5 
819 4 0 1 3 
820 7 3 1 6 2 5 
821 5 4 6 3 
822 2 4 1 0 3 
823 4 5 6 7 0 3 1 
824 7 6 5 4 3 
825 7 5 4 6 
826 2 1 4 3 5 
827 5 6 1 3 2 7 
828 6 5 0 
829 3 5 1 7 4 0 6 
830 2 3 1 4 0 5 
831 7 0 1 3 6 
832 2 0 1 3 
833 1 4 5 
834 7 4 6 0 
835 1 2 0 3 
836 2 6 1 0 
837 4 1 7 0 6 2 5 
838 6 1 0 
839 4 7 6 3 
840 0 5 1 7 4 6 
841 3 0 1 
842 3 6 1 2 7 5 
843 5 0 1 3 
844 2 0 3 
845 5 7 6 
846 2 6 7 4 5 
847 3 4 6 5 0 
848 7 6 1 0 
849 2 4 5 3 
850 3 5 4 1 
851 2 4 3 5 6 
852 3 1 6 0 4 
853 3 0 1 6 
854 5 6 4 
855 7 3 1 4 0 5 
856 0 6 5 1 4 
857 5 0 1 3 6 
858 3 5 6 7 0 1 
859 4 3 0 2 5 
860 1 6 5 0 7 4 
861 3 0 5 2 
862 0 5 4 3 1 
863 2 4 5 3 
864 5 6 1 0 4 
865 2 0 3 
866 3 4 5 6 
867 3 4 5 6 
868 5 6 0 
869 6 1 2 4 3 5 
870 4 0 1 2 5 
871 3 2 0 
872 0 3 2 5 4 
873 7 6 2 0 3 
874 2 3 5 7 6 1 
875 2 3 
876 2 0 3 
877 0 3 1 2 6 
878 6 0 2 3 5 
879 2 5 4 7 6 
880 6 3 1 0 2 
881 4 1 6 0 
882 6 5 0 1 7 3 
883 4 5 2 1 0 6 7 
884 7 0 2 3 5 
885 5 4 6 3 
886 2 6 5 1 0 4 
887 4 0 1 3 
888 7 6 1 0 
889 7 5 6 
890 2 6 3 7 4 
891 5 7 6 
892 6 0 1 3 
893 3 0 2 5 
894 2 1 7 0 6 5 
895 7 1 2 4 3 5 
896 3 0 2 5 4 
897 0 2 4 5 3 
898 7 0 1 
899 1 0 3 6 
900 2 4 1 0 3 
901 4 5 7 6 
902 6 3 1 4 0 5 
903 4 6 7 5 
904 6 3 5 7 1 
905 3 6 1 2 7 5 
906 3 0 5 4 
907 7 4 3 2 0 5 
908 7 6 4 3 
909 5 4 3 0 6 7 1 
910 2 0 1 3 6 
911 3 5 6 7 0 1 
912 6 5 0 1 4 
913 5 1 2 4 3 
914 6 5 3 2 7 
915 2 0 3 
916 4 6 5 7 3 
917 3 4 5 
918 4 0 5 6 
919 6 5 3 2 7 
920 3 2 6 7 4 
921 5 7 6 
922 4 7 6 3 
923 5 0 3 2 
924 5 6 7 
925 6 5 1 0 4 
926 0 7 6 5 
927 4 6 5 1 0 
928 5 3 1 0 2 6 
929 6 4 1 2 0 3 
930 5 1 6 0 4 
931 6 3 2 0 
932 5 6 7 
933 6 7 5 
934 4 6 7 5 
935 6 0 5 
936 4 5 6 0 
937 7 0 5 6 
938 7 5 0 4 3 1 
939 6 3 7 2 0 
940 4 7 6 3 
941 7 6 2 0 3 
942 6 4 7 0 
943 6 5 1 0 4 
944 6 5 0 
945 4 0 3 5 
946 6 2 0 7 3 
947 4 7 6 3 
948 6 5 0 1 4 
949 4 6 7 5 0 
950 7 5 1 4 0 6 
951 4 0 1 3 
952 7 4 3 0 6 1 
953 7 0 5 3 2 
954 6 4 5 
955 5 3 7 2 0 6 
956 6 0 3 5 4 
957 5 4 
958 7 4 6 3 
959 7 5 0 6 1 3 
960 6 5 7 
961 6 3 1 7 2 5 
962 7 0 1 
963 5 7 6 4 3 
964 7 5 6 4 
965 4 5 3 2 
966 6 2 4 3 5 
967 4 0 5 3 2 
968 6 1 2 4 3 5 
969 6 0 1 3 
970 6 4 5 3 
971 5 1 7 4 0 6 
972 7 6 5 
973 5 1 2 4 3 
974 6 0 1 2 5 
975 7 0 3 5 4 
976 6 2 4 3 5 
977 5 0 1 2 
978 6 2 4 3 5 
979 5 0 1 3 
980 4 3 1 7 2 6 5 
981 7 0 3 5 4 
982 5 0 2 3 
983 7 0 2 5 3 
984 4 2 3 
985 5 4 
986 4 0 5 3 2 
987 4 5 7 6 
988 5 6 0 
989 6 0 3 
990 4 1 2 0 3 
991 4 5 1 3 
992 5 0 1 2 
993 6 7 5 
994 5 7 6 
995 6 2 0 3 
996 5 0 6 3 
997 6 5 1 7 4 0 
998 4 3 2 0 
999 6 0 1 3 
1000 4 6 5 1 0 
1001 7 5 6 4 
1002 7 4 3 2 0 5 
1003 6 1 7 0 2 5 
1004 4 5 
1005 7 5 3 6 2 
1006 6 3 5 7 1 
1007 6 5 0 1 7 3 
1008 6 4 5 0 3 
1009 4 5 1 3 
1010 6 1 3 2 7 5 
1011 7 0 1 3 
1012 7 5 6 0 3 1 
1013 5 6 0 
1014 7 6 5 
1015 6 0 1 3 
1016 7 6 5 1 0 4 
1017 7 1 2 4 3 5 
1018 6 4 5 0 3 
1019 7 3 1 2 6 5 
1020 6 5 4 
1021 5 7 6 4 3 
1022 7 2 6 3 4 
1023 4 5 6 3 
