0 2 7 6 4 5 
1 2 7 6 3 1 
2 5 7 6 1 
3 2 6 4 7 1 
4 6 0 2 3 1 
5 5 7 1 4 2 
6 0 1 3 2 5 
7 6 3 0 1 2 7 
8 0 6 7 
9 1 7 5 6 4 2 
10 2 3 0 1 7 
11 6 3 7 1 2 
12 5 7 6 4 2 
13 0 6 7 1 5 
14 7 5 4 0 2 
15 6 5 7 1 
16 0 7 4 6 5 
17 7 6 3 1 2 
18 2 7 6 0 4 1 5 
19 7 1 4 6 
20 4 6 5 7 1 
21 7 3 0 1 2 
22 6 7 5 4 2 
23 3 1 2 0 
24 1 6 4 5 0 
25 4 6 7 0 1 5 
26 2 6 7 0 1 5 
27 0 3 1 2 5 
28 1 5 7 6 4 0 2 
29 2 7 1 4 5 
30 2 7 4 6 5 
31 2 1 0 
32 2 1 4 7 6 
33 2 7 4 6 5 
34 5 3 1 0 2 
35 2 3 6 7 
36 6 1 3 0 2 5 
37 5 6 3 0 2 1 7 
38 0 7 6 5 3 
39 6 1 2 0 
40 0 5 4 2 
41 1 6 2 3 5 0 
42 1 6 7 4 0 5 
43 6 5 0 2 1 
44 5 1 7 3 4 2 6 
45 0 6 1 7 
46 7 0 3 2 5 
47 6 5 0 3 2 1 
48 0 3 2 
49 7 5 6 4 0 1 2 
50 2 7 6 4 5 
51 7 5 0 3 2 1 
52 4 1 7 6 
53 7 1 3 4 2 6 
54 6 3 5 7 0 4 1 2 
55 3 6 2 5 0 1 
56 1 6 7 0 5 
57 4 2 3 6 7 
58 2 6 3 7 
59 0 5 7 6 4 1 2 
60 1 2 3 7 
61 2 7 6 0 4 1 5 
62 2 7 4 6 5 
63 2 6 7 0 
64 2 7 6 4 0 1 
65 2 3 6 7 
66 5 0 3 6 1 2 
67 2 5 4 7 6 
68 6 3 1 0 2 5 
69 5 7 6 3 1 2 
70 0 2 3 1 
71 6 5 4 0 2 
72 0 7 5 2 6 4 
73 1 2 3 6 7 
74 1 5 4 2 7 
75 6 7 2 1 5 
76 5 2 3 6 
77 0 7 6 5 
78 7 6 2 3 
79 6 3 0 1 2 7 
80 0 7 5 2 6 4 
81 7 6 2 0 
82 2 3 7 
83 7 5 4 0 6 
84 4 2 3 6 5 
85 7 5 6 4 0 1 2 
86 6 2 3 5 
87 3 7 6 5 
88 1 6 7 
89 4 5 0 2 
90 2 3 1 0 5 
91 0 6 7 2 
92 1 7 5 6 2 3 
93 2 3 0 7 6 1 
94 2 6 5 1 
95 2 1 3 0 5 
96 2 3 7 1 6 
97 2 5 0 1 
98 5 4 7 6 
99 3 0 5 6 4 2 1 
100 6 3 7 1 2 
101 5 7 6 0 4 1 
102 0 7 5 2 6 4 
103 6 5 1 
104 0 7 5 2 6 4 
105 1 0 2 3 
107 6 1 5 3 4 0 2 
108 5 3 6 7 0 4 1 2 
109 0 3 2 5 
110 7 6 3 1 2 
111 6 1 
112 1 5 6 4 2 
113 7 6 4 0 1 5 
114 2 0 3 5 
115 7 3 0 1 2 
116 4 7 5 6 2 
117 7 6 1 
118 6 7 5 
119 3 7 1 2 6 
120 1 5 6 4 7 
121 4 7 6 5 2 
122 2 3 
123 0 6 4 5 1 
124 1 3 7 2 6 
125 2 1 
126 3 0 1 2 7 
127 2 6 5 7 1 
128 2 6 7 
129 2 6 7 4 0 1 5 
130 5 7 4 6 
131 2 6 7 0 
132 6 5 7 1 
133 5 0 6 3 4 2 1 
134 0 2 3 6 5 
135 6 7 5 4 2 
136 0 6 7 1 
137 1 7 4 2 5 
138 1 3 6 5 7 0 4 2 
139 6 7 
140 5 7 6 4 2 
141 1 6 2 3 7 
142 7 6 5 3 
143 6 7 1 
144 0 1 
145 7 1 
146 2 5 7 6 4 0 1 
147 7 1 3 4 2 6 
148 4 1 2 0 
149 7 1 3 0 2 5 
150 6 7 0 4 1 5 
151 3 6 2 7 
152 1 7 6 5 3 
153 4 7 5 0 6 
154 2 6 7 0 1 5 
155 0 6 7 1 5 
156 1 6 7 0 5 4 
157 2 3 6 5 
158 2 0 3 1 
159 2 6 0 7 1 5 
160 2 6 7 4 0 1 5 
161 2 0 6 1 7 
162 5 7 6 
163 2 5 4 7 6 
164 6 7 5 2 3 
165 5 1 7 3 4 2 6 
166 0 2 3 6 5 
167 6 7 4 5 2 
168 0 1 3 2 5 
169 1 6 7 2 0 
170 1 7 4 6 5 
171 6 7 1 
172 5 7 6 4 0 1 2 
173 0 2 3 6 7 
174 7 6 3 1 2 
175 6 2 3 5 
176 0 7 5 6 4 2 
177 7 3 1 0 2 5 
178 2 1 4 7 6 
179 7 0 6 1 
180 4 5 2 7 
181 7 1 5 6 3 4 0 2 
182 6 0 3 5 1 2 
183 3 5 6 4 2 
184 1 7 5 4 0 6 
185 4 7 6 1 5 
186 2 5 4 7 6 
187 0 2 3 7 
188 1 5 6 4 7 
189 2 5 6 4 
190 2 6 3 0 1 4 5 
191 2 5 0 3 1 
192 2 7 5 6 4 0 
193 2 1 4 7 6 
194 5 0 3 6 1 2 
195 2 7 5 6 3 
196 6 1 5 3 4 0 2 
197 5 6 7 
198 0 5 4 7 6 
199 6 3 0 2 1 7 
200 0 6 7 1 5 
201 1 6 5 7 
202 1 6 3 0 4 5 2 
203 6 7 5 3 
204 5 0 3 2 
205 0 7 1 4 2 5 
206 7 4 6 5 
207 6 3 0 2 1 7 
208 0 3 1 7 2 
209 7 5 6 2 3 
210 2 5 4 7 6 
211 7 6 4 5 0 1 
212 4 6 3 0 1 5 2 
213 7 6 5 
214 6 2 3 5 0 1 
215 3 2 7 
216 1 6 7 2 0 
217 4 5 6 7 
218 2 0 6 1 7 3 5 
219 0 7 5 2 6 4 
220 1 6 7 
221 2 6 7 0 5 1 4 
222 2 3 0 1 7 
223 2 7 6 0 4 1 5 
224 2 6 3 0 1 7 
225 2 6 7 1 
226 5 6 1 
227 2 6 4 7 5 
228 6 0 1 4 
229 5 4 2 7 
230 0 3 6 5 1 2 
231 6 7 5 4 0 
232 1 6 4 5 0 
233 1 7 4 6 5 
234 1 6 5 
235 6 7 4 0 1 5 
236 5 7 6 4 2 
237 0 7 5 4 6 
238 7 6 
239 6 1 5 3 4 0 2 
240 0 1 4 7 6 
241 7 6 3 1 2 
242 2 3 0 1 7 
243 7 6 0 1 5 
244 4 3 1 0 2 5 
245 7 5 6 2 3 
246 6 2 3 5 0 1 
247 3 0 5 6 4 2 1 
248 1 6 2 3 7 
249 4 1 3 0 2 5 
250 2 0 6 1 7 3 5 
251 0 7 6 4 1 5 
252 1 7 6 4 0 
253 2 7 6 4 0 1 
254 2 5 6 4 7 
255 2 3 0 7 6 1 
256 2 3 1 0 5 
257 2 5 0 3 1 
258 4 2 3 7 
259 2 7 5 6 3 
260 6 7 
261 5 7 4 0 6 
262 0 2 3 6 5 
263 6 7 5 2 3 
264 0 6 7 5 1 4 
265 1 6 3 0 2 7 
266 1 0 5 6 3 4 2 
267 6 0 1 7 
268 5 7 1 4 2 
269 0 6 7 
270 7 2 3 
271 6 3 0 1 2 7 
272 0 5 4 7 6 
273 7 4 6 5 
274 2 7 6 4 5 
275 7 3 2 
276 4 7 6 0 1 
277 7 6 
278 6 1 4 7 
279 3 5 4 0 2 
280 1 6 0 4 
281 4 7 6 0 1 
282 2 5 4 7 
283 0 6 7 
284 1 7 4 2 5 
285 2 6 7 0 5 1 4 
286 2 6 3 0 1 4 5 
287 2 6 0 7 1 5 
288 2 6 7 
289 2 1 3 0 5 
290 5 6 7 0 1 
291 2 6 7 
292 6 0 2 3 1 
293 5 7 6 3 
294 0 1 
295 6 2 3 5 0 1 
296 0 6 7 5 1 4 
297 1 3 2 0 7 6 
298 1 7 6 5 
299 6 4 5 0 1 
300 5 1 7 3 4 2 6 
301 0 7 6 4 1 5 
302 7 6 0 1 5 
303 6 3 7 1 2 
304 0 6 5 1 
305 7 5 4 6 
306 2 1 3 0 5 
307 7 6 1 
308 4 7 6 3 1 2 
309 7 3 0 1 2 
310 4 5 0 2 1 
311 3 0 5 6 4 2 1 
312 1 7 4 6 5 
313 4 7 6 0 1 5 
314 2 6 3 7 
315 0 7 1 4 2 5 
316 1 2 0 
317 3 1 0 2 5 
318 2 3 6 5 7 0 4 1 
319 2 1 3 0 5 
320 5 7 2 6 4 0 
321 2 0 5 6 3 4 1 
322 5 1 
323 2 5 0 1 
324 7 5 4 0 2 
325 5 0 2 3 1 
326 0 6 3 2 1 7 
327 7 6 2 3 
328 0 6 1 7 
329 1 6 7 0 5 4 
330 1 7 5 6 2 3 
331 6 3 2 
332 5 2 3 6 7 
333 0 6 2 3 7 
334 7 3 6 5 0 4 1 2 
335 6 1 2 0 
336 0 1 
337 7 1 3 0 2 5 
338 2 7 6 5 
339 7 5 6 4 
340 4 2 3 7 
341 7 6 1 5 
342 6 7 2 1 5 
343 3 7 6 2 1 5 
344 1 3 0 2 5 
345 4 7 6 5 
346 2 6 4 7 5 
347 1 5 6 3 4 0 2 
348 1 7 6 5 
349 2 7 6 1 5 
350 2 6 3 7 
351 2 1 3 0 5 
352 3 6 5 1 
353 3 7 4 6 5 
354 5 7 4 0 6 
355 2 6 4 7 5 
356 6 3 2 
357 5 1 7 3 4 2 6 
358 1 5 0 2 
359 6 7 
360 0 6 4 2 7 5 
361 1 7 6 5 3 
362 2 1 3 0 5 
363 6 7 5 4 0 
364 5 7 6 4 0 1 2 
365 0 6 4 5 1 
366 7 3 2 
367 6 7 3 1 2 
368 0 3 2 
369 7 0 2 3 1 
370 2 0 5 6 3 4 1 
371 7 1 4 6 
372 4 6 2 7 1 
373 7 4 6 5 
374 7 6 5 1 
375 3 6 0 2 1 7 
376 1 6 0 7 5 
377 4 1 
378 2 7 6 4 5 
379 0 3 2 
380 1 6 0 7 5 
381 2 7 6 1 5 
382 2 7 4 6 5 
383 3 1 4 7 6 
384 2 1 
385 2 3 7 
386 5 0 6 1 7 3 2 
387 2 3 
388 6 7 5 2 4 0 
389 5 4 2 7 
390 0 6 7 5 1 4 
391 6 0 3 5 1 2 
392 0 3 2 7 6 1 
393 1 2 3 6 7 
394 1 3 6 5 7 0 4 2 
395 6 2 3 5 
396 5 7 6 
397 0 7 6 5 3 
398 7 6 1 5 
399 6 0 1 7 
400 0 6 4 2 7 5 
401 7 6 2 1 5 
402 2 6 0 7 1 5 
403 7 6 0 5 1 4 
404 4 6 7 0 5 1 
405 7 6 0 1 4 
406 6 7 4 5 
407 3 7 6 1 5 
408 1 6 0 4 
409 4 5 7 6 0 1 2 
410 2 5 0 1 
411 0 2 3 1 
412 1 7 6 5 3 
413 2 7 5 6 4 0 
414 2 6 7 
415 2 5 0 3 1 
416 2 5 0 1 
417 2 0 6 1 7 
418 5 3 0 1 2 7 
419 2 3 
420 6 2 3 7 
421 5 6 7 1 
422 0 6 7 4 1 5 
423 6 0 7 1 5 
424 0 6 7 
425 1 6 7 0 5 
426 1 7 4 6 5 
427 6 7 4 0 1 
428 5 7 6 4 2 
429 0 3 2 7 6 1 
430 7 0 3 2 5 
431 6 4 2 7 1 
432 0 6 1 7 3 2 5 
433 7 5 4 0 2 
434 2 7 5 6 4 
435 7 6 2 0 
436 4 5 7 6 0 1 2 
437 7 5 4 6 
438 6 0 3 2 5 
439 3 6 7 
440 1 7 5 6 2 3 
441 4 6 2 7 1 
442 2 0 3 5 
443 0 7 6 4 1 5 
444 1 7 5 2 6 4 0 
445 2 0 6 1 7 
446 2 6 7 
447 2 5 4 7 
448 2 3 7 
449 2 6 7 4 0 1 5 
450 5 6 7 
451 2 6 3 0 1 7 
452 6 3 1 0 2 5 
453 5 0 3 2 1 
454 0 6 7 1 5 
455 6 5 1 
456 0 7 1 4 2 5 
457 1 7 5 6 2 3 
458 1 0 3 6 5 2 
459 6 5 4 7 
460 5 7 6 3 
461 0 1 5 6 3 4 2 
462 7 0 2 3 1 
463 6 3 2 0 7 1 
464 0 6 1 4 
465 7 1 4 2 5 
466 2 3 0 7 6 1 
467 7 6 0 5 1 4 
468 4 0 3 2 5 
469 7 0 5 6 3 4 2 1 
470 6 7 2 1 5 
471 3 2 6 5 
472 1 5 4 7 6 
473 4 7 5 6 2 3 
474 3 1 7 4 2 6 
475 0 6 3 2 1 7 
476 1 7 3 4 2 6 
477 2 0 5 6 3 4 1 
478 2 0 3 6 5 1 
479 2 6 7 0 5 1 4 
480 2 5 0 1 
481 2 6 0 7 1 5 
482 5 4 2 7 
483 2 7 6 3 1 
484 6 0 5 3 4 2 1 
485 5 3 0 1 7 2 
486 0 7 4 6 5 
487 6 3 7 1 2 
488 0 6 1 7 3 2 5 
489 1 6 7 4 0 5 
490 1 6 4 2 7 
491 6 7 5 4 2 
492 5 1 4 7 6 
493 0 6 1 7 3 2 5 
494 7 4 6 5 
495 6 3 2 0 7 1 
496 0 7 5 4 6 
497 7 3 0 1 2 
498 2 6 5 1 
499 7 6 5 1 
500 4 7 6 5 
501 7 3 2 0 6 1 
502 6 0 7 1 5 
503 3 0 1 7 2 
504 1 7 4 6 5 
505 4 5 2 7 
506 2 6 0 7 1 5 
507 0 5 2 1 
508 1 4 7 6 
509 2 3 6 7 
510 2 1 
511 2 6 3 5 0 1 
512 2 5 6 4 
513 2 0 3 5 
514 5 0 3 2 1 
515 2 5 4 7 
516 6 7 0 1 5 
517 5 0 2 3 1 
518 0 6 4 5 1 
519 6 1 3 0 2 5 
520 0 3 6 5 7 4 1 2 
521 1 0 6 7 
522 1 7 6 4 0 
523 7 6 4 2 5 
524 5 1 2 0 
525 0 1 2 
526 7 0 5 6 3 4 2 1 
527 7 1 3 0 2 5 
528 0 7 4 6 5 
529 7 6 
530 3 1 0 2 5 
531 7 6 4 0 1 5 
532 4 5 6 7 
533 7 5 6 4 
534 6 1 3 0 2 5 
535 3 7 4 6 5 
536 1 7 4 2 5 
537 4 6 0 1 
538 2 7 1 4 5 
539 0 7 5 6 4 2 
540 1 7 6 5 
541 2 6 7 
542 2 6 5 1 
543 3 7 4 6 5 
544 3 2 7 
545 3 5 6 4 2 
546 5 1 
547 3 5 4 2 7 
548 6 7 5 2 3 
549 5 4 2 7 
550 0 3 1 2 7 
551 6 1 5 3 4 0 2 
552 0 6 4 2 7 1 
553 1 6 2 3 5 0 
554 1 3 2 
555 6 3 7 1 2 
556 5 6 7 2 0 
557 0 5 6 4 2 
558 7 3 2 0 6 1 
559 6 3 0 1 7 2 
560 0 1 3 2 5 
561 7 0 6 1 3 2 5 
562 3 5 6 4 7 
563 7 6 0 4 1 5 
564 4 1 3 0 2 5 
565 7 6 1 5 
566 6 0 5 3 4 2 1 
567 3 6 4 2 7 5 
568 1 5 7 6 4 0 2 
569 4 7 5 0 6 
570 3 1 7 4 2 6 
571 0 6 7 2 
572 1 3 0 7 2 
573 3 0 2 1 
574 3 7 6 4 5 2 
575 3 1 0 2 5 
576 3 5 6 4 7 
577 3 7 1 2 6 
578 5 3 0 1 2 7 
579 3 7 4 6 5 
580 6 5 0 3 2 1 
581 5 7 6 4 0 1 
582 0 6 7 
583 6 7 0 5 1 4 
584 0 7 4 6 5 
585 1 6 7 0 5 
586 1 5 6 4 7 
587 6 3 0 1 7 2 
588 5 1 6 3 4 0 2 
589 0 6 7 4 1 5 
590 7 6 1 
591 6 4 2 7 1 
592 0 5 4 7 6 
593 7 1 4 2 5 
594 3 6 0 1 4 
595 7 5 4 2 
596 4 1 3 0 2 5 
597 7 5 6 4 2 
598 6 4 5 0 1 
599 3 7 4 6 5 
600 1 6 2 3 5 0 
601 4 7 6 0 1 5 
602 3 0 6 1 7 
603 0 5 3 2 1 
604 1 5 7 6 4 0 2 
605 3 2 6 7 
606 3 0 6 5 1 2 
607 3 2 0 7 6 1 
608 3 7 5 6 2 
609 3 7 6 2 1 5 
610 5 3 2 
611 3 6 7 2 0 
612 6 3 2 
613 5 6 3 0 1 4 2 
614 0 3 1 2 5 
615 6 2 3 5 0 1 
616 0 3 6 5 1 2 
617 1 5 4 0 2 
618 1 6 2 3 5 0 
619 6 3 7 1 2 
620 5 6 7 0 1 4 
621 0 6 7 1 5 
622 7 6 4 2 1 
623 6 7 
624 0 5 6 4 2 
625 7 3 0 1 2 
626 3 0 2 5 
627 7 1 3 0 2 5 
628 4 7 5 0 6 
629 7 3 6 5 0 4 1 2 
630 6 1 2 0 
631 3 5 4 0 2 
632 1 7 6 4 0 
633 4 7 5 2 6 0 
634 3 7 6 4 5 2 
635 0 7 5 6 2 3 
636 1 7 6 5 3 
637 3 0 6 5 1 2 
638 3 0 6 5 1 2 
639 3 7 5 6 4 2 
640 3 1 0 2 5 
641 3 7 6 1 5 
642 5 7 6 4 0 1 2 
643 3 5 0 2 1 
644 6 5 7 4 0 1 2 
645 5 3 1 0 2 
646 0 5 6 3 4 2 1 
647 6 4 5 0 1 
648 0 7 5 2 6 4 
649 1 6 4 2 7 
650 1 6 4 2 7 
651 6 2 3 7 
652 5 7 6 3 
653 0 7 6 2 1 5 
654 7 3 1 2 6 
655 6 0 5 3 4 2 1 
656 0 7 6 4 1 5 
657 7 6 4 2 1 
658 3 2 7 
659 7 6 3 0 2 1 
660 4 0 2 3 1 
661 7 0 2 3 1 
662 6 7 3 1 2 
663 3 6 7 1 
664 1 6 0 7 5 
665 4 6 0 1 
666 3 2 6 7 
667 0 1 5 6 3 4 2 
668 1 0 6 7 
669 3 6 5 1 
670 3 6 7 4 0 1 5 
671 3 2 7 
672 3 7 6 4 5 2 
673 3 5 6 4 7 
674 5 6 4 2 7 
675 3 6 4 2 7 5 
676 6 3 7 1 2 
677 5 6 4 2 7 1 
678 0 3 2 
679 6 7 1 5 
680 0 5 4 7 6 
681 1 7 6 2 5 
682 1 0 3 6 5 2 
683 6 2 3 5 
684 5 0 3 2 
685 0 6 3 1 4 5 2 
686 7 6 5 1 
687 6 0 1 7 
688 0 3 1 2 5 
689 7 0 6 1 3 2 5 
690 3 1 7 4 2 6 
691 7 6 3 1 2 
692 4 3 2 
693 7 1 5 6 3 4 0 2 
694 6 2 3 7 
695 3 6 7 0 5 1 4 
696 1 3 7 2 6 
697 4 7 6 5 
698 3 6 0 1 4 5 2 
699 0 1 7 3 4 2 6 
700 1 6 4 5 0 
701 3 0 6 5 1 2 
702 3 2 7 
703 3 1 0 2 5 
704 3 5 0 2 1 
705 3 6 0 1 4 5 2 
706 5 7 6 
707 3 6 0 1 4 5 2 
708 6 3 0 1 4 5 2 
709 5 6 7 0 1 
710 0 5 6 4 7 
711 6 0 5 3 4 2 1 
712 0 6 2 3 5 1 
713 1 7 6 4 0 
714 1 5 6 4 2 
715 6 7 4 0 1 5 
716 5 0 3 2 1 
717 0 2 3 6 5 
718 7 3 0 1 2 
719 6 1 3 0 2 5 
720 0 3 6 5 7 4 1 2 
721 7 3 0 1 2 
722 3 1 5 6 4 0 2 
723 7 5 2 6 4 0 
724 4 6 0 1 
725 7 6 2 0 
726 6 0 1 7 
727 3 5 6 4 2 
728 1 5 6 4 2 
729 4 1 5 6 3 0 2 
730 3 6 7 
731 0 7 6 3 1 2 
732 1 7 6 5 3 
733 3 0 1 7 2 
734 3 6 5 7 1 
735 3 5 4 2 7 
736 3 1 2 0 
737 3 7 6 2 1 5 
738 5 0 3 2 
739 3 5 4 2 7 
740 6 7 4 5 
741 5 7 4 0 6 
742 0 3 2 5 
743 6 0 2 3 1 
744 0 6 5 7 1 
745 1 7 4 6 5 
746 1 0 2 3 
747 6 7 4 0 1 5 
748 5 4 7 6 
749 0 6 4 2 7 1 
750 7 1 2 0 
751 6 7 5 3 
752 0 1 5 6 3 4 2 
753 7 6 
754 3 6 2 5 0 1 
755 7 0 6 1 
756 4 5 6 2 
757 7 5 6 2 3 
758 6 7 
759 3 7 6 4 0 1 
760 1 5 6 4 2 
761 4 7 6 3 1 2 
762 3 1 4 7 6 
763 0 6 5 1 
764 1 3 2 0 7 6 
765 3 6 7 2 0 
766 3 1 2 0 
767 3 7 6 5 
768 3 2 6 7 
769 3 1 0 2 5 
770 5 6 7 0 1 
771 3 7 1 2 6 
772 6 3 0 1 4 5 2 
773 5 6 4 2 
774 0 6 1 7 3 2 5 
775 6 7 5 
776 0 1 4 7 6 
777 1 6 7 
778 1 6 4 5 0 
779 6 7 
780 5 6 7 4 0 1 
781 0 3 1 2 5 
782 7 2 3 6 
783 6 7 4 5 
784 0 5 3 2 1 
785 7 6 0 1 4 
786 3 6 7 
787 7 6 4 0 1 
788 4 7 6 2 1 5 
789 7 6 2 3 5 0 1 
790 6 1 7 3 4 2 
791 3 6 4 2 7 5 
792 1 6 4 2 7 
793 4 7 6 5 
794 3 1 7 4 2 6 
795 0 6 3 2 1 7 
796 1 6 7 2 0 
797 3 0 6 1 7 
798 3 7 5 2 6 4 0 
799 3 6 7 2 0 
800 3 2 0 7 6 1 
801 3 6 4 5 0 1 
802 5 6 0 1 4 
803 3 6 7 2 0 
804 6 7 5 4 0 
805 5 3 1 0 2 
806 0 7 6 4 1 5 
807 6 7 4 0 1 
808 0 6 7 1 5 
809 1 3 0 7 2 
810 1 6 3 0 2 7 
811 6 5 4 0 2 
812 5 7 2 6 4 0 
813 0 6 1 7 3 2 5 
814 7 5 6 4 
815 6 2 3 7 
816 0 3 2 5 
817 7 1 2 0 
818 3 5 4 2 7 
819 7 1 4 6 
820 4 3 6 5 7 0 1 2 
821 7 6 4 0 1 5 
822 6 7 5 4 0 
823 3 6 4 2 7 5 
824 1 6 7 
825 4 6 0 7 1 5 
826 3 6 5 7 0 4 1 2 
827 0 5 6 3 4 2 1 
829 3 5 6 4 2 
830 3 0 6 1 7 2 5 
831 3 0 1 2 7 
832 3 1 0 2 5 
833 3 7 4 6 5 
834 5 7 6 3 
835 3 6 5 7 0 4 1 2 
836 6 0 1 4 
837 5 6 3 0 1 4 2 
838 0 7 4 6 5 
839 6 2 3 7 
840 0 7 6 2 1 5 
841 1 6 0 7 5 
842 1 6 5 
843 6 0 1 7 3 2 5 
844 5 7 6 4 0 1 
845 0 5 2 1 
846 7 6 5 
847 6 3 0 2 1 7 
848 1 2 3 6 5 
849 7 1 3 0 2 5 
850 3 7 6 1 2 
851 7 6 5 1 
852 4 2 3 6 7 
853 7 0 6 1 3 2 5 
854 7 6 0 5 1 4 
855 3 6 7 
856 1 5 4 2 7 
857 4 6 5 7 1 
858 3 6 0 2 1 7 
859 1 5 0 2 
860 1 6 0 4 
861 3 7 1 2 6 
862 3 7 6 0 4 1 5 
863 3 6 2 5 0 1 
864 3 6 5 7 0 4 1 2 
865 3 1 5 6 4 0 2 
866 5 2 3 6 7 
867 3 7 5 6 4 2 
868 7 3 1 2 6 
869 5 6 0 1 4 
870 1 5 6 4 2 
871 7 6 1 5 
872 1 5 6 4 2 
873 1 6 4 2 7 5 
874 1 6 4 5 0 
875 7 6 1 5 
876 5 0 6 1 7 3 2 
877 1 6 0 4 
878 7 6 1 
879 7 1 4 2 5 
880 1 6 2 3 7 
881 4 1 7 3 2 6 
882 3 6 7 
883 5 3 2 0 7 6 1 
884 4 7 6 5 
885 4 5 7 6 
886 4 3 0 1 7 2 
887 3 7 6 0 4 1 5 
888 1 6 4 2 7 5 
889 4 6 2 7 5 
890 3 6 5 7 1 
891 1 6 3 0 4 5 2 
892 1 7 6 3 2 
893 3 2 7 
894 3 5 4 0 2 
895 3 6 7 1 
896 3 1 
897 3 6 5 7 1 
898 5 6 0 1 4 
899 3 2 7 
900 4 7 6 5 2 
901 5 1 
902 1 7 5 4 0 6 
903 4 0 6 1 7 3 2 5 
904 1 7 6 5 3 
905 1 3 6 5 7 0 4 2 
906 1 3 0 2 5 
907 4 6 2 3 5 0 1 
908 5 6 7 1 
909 1 7 3 4 2 6 
910 4 0 2 3 1 
911 5 0 2 1 
912 1 5 0 3 2 
913 4 5 0 3 2 1 
914 5 7 6 1 
915 4 7 6 5 2 
916 4 6 7 1 
917 4 0 6 1 7 3 2 5 
918 4 5 0 2 1 
919 5 6 7 1 
920 4 5 7 6 0 1 2 
921 4 7 5 6 2 
922 4 6 7 
923 5 7 6 0 4 1 
924 5 1 3 0 2 
925 4 7 1 2 5 
926 5 6 3 0 2 1 7 
927 5 3 2 
928 5 3 0 1 7 2 
929 5 6 3 0 1 4 2 
930 5 4 0 2 
931 7 6 2 3 
932 4 1 2 0 
933 4 5 0 2 
934 4 6 7 0 1 5 
935 4 3 6 5 7 0 1 2 
936 4 0 6 1 7 
937 7 1 3 0 2 5 
938 7 5 6 4 2 
939 4 5 6 7 
940 5 6 7 
941 5 6 2 3 7 
942 4 7 6 2 1 5 
943 5 1 6 3 4 0 2 
944 4 6 7 
945 4 7 6 2 1 5 
946 5 6 1 
947 5 6 2 3 0 1 
948 4 7 1 2 5 
949 4 6 7 0 5 1 
950 4 7 5 6 2 
951 5 0 3 2 
952 4 7 6 0 1 
953 4 1 5 6 3 0 2 
954 4 1 7 6 
955 5 6 4 2 7 
956 5 0 3 6 1 2 
957 4 0 3 6 5 1 2 
958 5 6 1 
959 5 0 3 2 1 
960 5 6 4 0 1 
961 4 5 0 2 1 
962 5 2 3 6 
963 7 5 4 0 2 
964 4 6 7 1 
965 5 6 3 0 1 4 2 
966 5 6 0 7 1 
967 4 6 5 0 1 
968 4 5 7 6 0 1 2 
969 7 6 0 1 5 
970 7 6 5 1 
971 4 1 
972 4 6 3 0 2 1 7 
973 4 5 7 6 
974 4 7 6 5 
975 4 5 7 6 0 1 2 
976 4 1 2 0 
977 4 6 5 0 1 
978 4 3 1 0 2 5 
979 5 0 2 1 
980 4 7 6 5 2 
981 4 3 0 1 2 7 
982 4 2 3 6 5 
983 5 7 6 1 
984 4 3 6 5 7 0 1 2 
985 4 7 5 2 6 0 
986 4 7 6 2 1 5 
987 4 0 3 6 5 1 2 
988 4 3 0 1 2 7 
989 4 1 3 0 2 5 
990 4 5 0 2 1 
991 5 7 4 0 6 
992 5 6 2 3 7 
993 5 6 4 2 7 1 
994 5 7 6 2 3 
995 7 5 6 4 
996 4 1 3 0 2 5 
997 5 1 2 0 
998 5 0 3 2 
999 4 2 3 6 7 
1000 4 7 6 5 
1001 7 6 1 5 
1002 7 6 3 1 2 
1003 4 6 7 
1004 5 3 2 0 7 6 1 
1005 5 3 0 1 2 7 
1006 4 6 2 7 5 
1007 5 7 6 4 0 1 
1008 4 2 3 6 5 
1009 4 6 3 0 1 5 2 
1010 5 7 6 4 2 
1011 5 7 6 2 1 
1012 4 5 0 2 
1013 4 7 1 2 5 
1014 4 7 6 5 
1015 5 4 0 2 
1016 4 6 7 2 0 
1017 4 1 7 3 2 6 
1018 4 7 5 6 2 
1019 5 1 4 7 6 
1020 5 4 7 6 
1021 4 3 2 0 7 6 1 
1022 4 6 2 7 1 
1023 4 3 0 1 7 2 
