0 1 6 3 7 
1 5 2 3 1 
2 6 2 5 1 0 7 4 3 
3 3 1 6 4 0 7 
4 6 1 2 3 
5 5 7 4 1 6 
6 6 5 3 7 2 
7 0 3 1 2 
8 5 3 2 1 
9 3 6 7 0 1 
10 7 0 3 1 2 
11 4 3 1 6 5 7 2 
12 1 6 3 7 
13 0 4 2 5 3 
14 1 5 7 6 
15 6 1 3 2 0 
16 2 6 3 5 7 0 
17 5 2 3 1 
18 4 2 3 6 5 
19 1 3 4 5 
20 3 1 2 0 6 
21 6 0 3 1 2 
22 5 6 7 0 1 
23 2 7 4 5 3 1 
24 6 7 1 3 0 
25 6 4 2 5 3 0 
26 4 2 5 3 0 
27 3 0 2 
28 4 6 7 5 
29 4 7 5 1 6 
30 0 3 1 2 
31 1 7 4 2 5 3 
32 2 1 3 4 5 
33 1 3 0 2 
34 6 0 3 2 
35 6 3 4 1 5 
36 2 5 6 3 7 
37 0 5 1 4 7 
38 2 1 4 0 6 
39 2 7 4 5 3 1 
40 6 5 7 
41 7 5 0 1 4 
42 1 3 2 
43 4 3 7 1 5 0 2 
44 4 6 7 5 1 
45 2 6 4 5 1 
46 4 6 5 
47 3 1 2 5 
48 0 3 6 1 2 
49 4 6 7 5 
50 5 6 1 3 7 
51 3 1 2 5 
52 2 1 3 4 5 
53 5 4 6 7 1 
54 5 6 2 7 
55 2 5 0 1 4 7 
56 4 2 5 3 0 
57 2 3 4 6 1 5 
58 0 7 1 5 3 6 2 
59 1 6 7 4 5 
60 6 5 0 3 4 2 
61 0 2 3 6 5 
62 3 0 1 2 
63 3 4 5 1 
64 3 4 7 5 6 
65 5 3 4 6 1 
66 6 0 1 4 5 
67 3 2 0 7 6 
68 6 0 3 2 
69 5 2 3 1 
70 6 1 2 3 
71 0 5 7 6 
72 5 0 3 1 2 
73 2 3 4 6 1 5 
74 7 5 6 
75 4 0 7 1 5 
76 1 0 2 3 4 5 
77 0 6 3 1 
78 1 7 0 5 3 6 2 
79 6 0 3 1 2 
80 2 0 3 1 
81 7 4 5 1 
82 4 6 5 0 3 2 
83 1 4 0 6 
84 3 0 2 4 5 
85 6 7 4 5 
86 5 0 2 3 4 
87 2 6 3 1 
88 6 0 1 7 
89 6 5 7 
90 4 0 3 2 
91 2 4 5 1 
92 4 6 3 5 2 7 
93 4 5 6 
94 0 4 1 5 
95 1 6 0 7 5 
96 2 3 1 6 5 7 
97 1 3 4 7 5 0 2 
98 7 3 2 0 6 
99 6 1 0 
100 3 1 6 5 7 2 
101 0 2 3 6 5 
102 2 0 3 1 
103 2 4 0 1 5 
104 6 0 3 1 2 
105 7 1 6 2 3 
106 1 2 3 
107 4 5 6 0 1 
108 4 6 2 7 5 
109 2 4 6 5 
110 4 2 3 1 
111 3 2 
112 0 3 5 2 6 
113 4 3 2 
114 5 4 6 
115 3 7 1 
116 2 6 7 0 1 
117 5 0 1 7 6 
118 5 6 3 1 
119 2 3 1 6 5 7 
120 4 7 5 6 
121 2 6 1 3 7 
122 0 3 6 1 2 
123 1 7 3 0 6 
124 6 3 1 5 7 2 
125 0 2 3 
126 3 0 1 2 
127 3 1 2 0 6 
128 3 7 6 5 1 
129 5 3 2 
130 6 3 0 1 2 
131 3 4 5 1 
132 6 1 3 2 0 
133 5 1 0 6 
134 6 0 2 3 4 5 
135 0 6 7 1 
136 5 0 1 7 6 
137 2 7 5 4 1 6 
138 7 6 2 5 
139 4 7 6 5 1 
140 1 6 3 7 
141 0 7 1 5 3 6 2 
142 1 4 0 6 
143 6 0 1 7 
144 2 3 
145 5 2 3 
146 4 6 7 5 
147 1 4 6 7 5 
148 3 7 4 2 5 1 
149 6 5 3 7 2 
150 5 2 3 6 
151 2 7 1 0 5 3 6 
152 6 1 4 0 
153 6 1 4 0 
154 4 2 5 3 0 
155 3 4 2 5 0 
156 4 3 2 1 
157 4 0 2 3 5 
158 0 1 6 2 3 
159 1 6 3 7 
160 2 3 
161 1 6 4 5 
162 6 3 1 
163 6 3 2 0 7 
164 2 6 3 5 7 
165 0 4 6 7 5 1 
166 2 0 3 4 5 
167 2 6 1 3 7 
168 6 5 3 7 2 
169 7 4 5 1 
170 1 3 0 2 
171 4 0 1 7 6 
172 4 6 7 5 
173 2 3 4 6 1 5 
174 4 2 3 1 
175 3 0 2 4 5 
176 0 6 7 1 
177 4 0 3 2 
178 5 1 3 4 
179 3 6 4 5 1 
180 2 7 5 6 
181 5 4 6 0 1 
182 5 0 1 4 
183 2 3 5 6 
184 4 1 0 6 
185 3 2 5 1 0 7 4 
186 0 3 2 7 6 
187 1 6 5 0 3 4 2 
188 6 7 5 4 
189 0 3 5 2 6 
190 3 1 0 5 
191 3 1 2 5 
192 3 0 1 2 
193 5 1 3 4 
194 6 0 1 4 5 
195 0 6 3 5 2 7 
196 6 5 4 0 1 
197 5 7 6 1 
198 7 3 2 0 6 
199 1 5 4 7 
200 5 6 3 7 1 
201 2 1 3 0 6 
202 7 1 0 5 
203 5 1 4 0 6 
204 1 4 6 5 
205 0 7 5 4 1 6 
206 1 3 0 2 
207 6 5 1 4 7 
208 2 7 1 3 
209 4 6 3 5 2 7 
210 4 3 2 0 7 6 
211 1 7 3 0 6 
212 3 1 0 5 
213 6 3 1 
214 5 0 1 4 7 
215 2 6 5 0 3 4 
216 6 4 5 1 
217 6 7 5 4 
218 4 0 1 
219 3 0 1 2 
220 4 0 1 7 6 
221 4 3 2 1 
222 0 7 1 3 
223 1 2 3 6 5 
224 3 5 1 4 7 
225 1 0 7 6 
226 6 4 0 1 5 
227 6 7 5 
228 2 7 5 6 0 
229 0 7 5 6 
230 3 0 1 4 5 
231 2 1 4 0 6 
232 6 7 1 3 0 
233 7 6 3 2 5 0 
234 1 4 0 5 
235 4 3 2 
236 4 6 1 3 7 
237 2 1 4 0 6 
238 4 7 6 5 1 
239 3 5 4 6 0 1 
240 0 1 3 4 5 
241 4 2 3 1 
242 5 7 1 3 
243 3 6 7 1 
244 2 0 3 
245 5 6 3 2 7 
246 5 0 1 4 7 
247 2 1 0 6 
248 4 7 1 0 5 3 6 2 
249 2 1 6 0 7 5 
250 0 1 4 
251 1 2 3 6 5 
252 6 4 7 5 
253 0 4 7 5 6 
254 2 7 5 4 6 
255 3 5 4 6 
256 3 0 2 
257 5 1 2 3 
258 7 6 5 0 3 4 2 
259 3 6 5 2 7 
260 6 3 5 2 1 
261 5 1 4 0 6 
262 6 0 2 3 4 5 
263 0 6 3 5 2 7 
264 5 3 2 1 
265 2 5 1 4 7 
266 7 1 0 6 
267 4 6 5 1 
268 1 7 5 4 6 
269 0 7 6 5 1 
270 1 6 5 0 3 4 2 
271 6 0 3 1 2 
272 3 2 0 7 6 
273 5 3 0 1 2 
274 4 6 1 3 7 
275 1 3 6 0 2 
276 3 4 7 5 6 
277 6 3 5 2 1 
278 5 1 3 4 
279 3 5 7 6 
280 6 7 5 0 
281 6 4 7 5 
282 5 7 6 
283 3 5 2 1 
284 4 7 5 1 6 
285 4 3 2 1 
286 0 1 5 
287 1 6 3 7 
288 0 3 5 2 1 
289 1 5 6 3 7 2 
290 6 4 2 5 3 0 
291 6 3 5 2 1 
292 1 6 2 3 
293 0 1 4 6 
294 2 3 
295 1 5 0 4 7 
296 6 3 2 1 
297 7 5 4 6 
298 1 2 5 0 7 4 3 
299 4 7 1 3 0 6 
300 4 6 7 5 1 
301 2 3 6 5 
302 5 4 2 3 0 
303 3 1 6 5 7 2 
304 0 4 1 5 
305 4 3 2 0 7 6 
306 5 1 6 0 7 
307 3 0 1 7 6 
308 2 3 1 
309 5 0 3 1 2 
310 5 3 4 7 1 0 2 
311 2 1 0 6 
312 4 6 3 2 5 7 0 
313 3 2 6 5 
314 0 7 1 5 3 6 2 
315 1 7 5 4 6 
316 6 7 4 2 5 3 1 
317 0 5 6 3 7 2 
318 2 6 7 5 
319 3 1 6 0 7 5 
320 3 0 1 2 
321 5 1 0 6 
322 6 2 3 
323 3 4 7 1 5 0 2 
324 6 5 7 
325 5 1 6 2 3 
326 6 5 1 4 7 
327 0 7 1 5 3 6 2 
328 5 6 4 1 
329 2 3 1 
330 7 6 3 5 2 
331 4 3 6 0 1 2 
332 1 3 4 6 5 
333 0 7 1 5 3 6 2 
334 1 6 2 7 5 
335 6 7 4 2 5 3 1 
336 2 3 
337 4 5 6 3 7 2 
338 4 6 3 1 
339 0 7 5 4 6 
340 3 6 5 0 4 2 
341 6 2 5 1 0 7 4 3 
342 5 0 4 7 1 
343 3 0 4 7 1 5 
344 6 1 0 7 5 
345 6 3 1 
346 4 7 5 6 
347 3 5 4 6 0 1 
348 4 2 5 1 0 7 3 
349 4 2 5 1 0 7 3 
350 0 7 1 5 3 6 2 
351 1 5 6 3 7 2 
352 2 4 0 1 5 
353 1 6 3 2 5 7 0 
354 6 1 4 0 
355 6 7 5 
356 2 3 6 0 1 
357 0 4 6 7 5 1 
358 2 3 4 7 1 5 0 
359 3 5 2 1 
360 6 7 5 
361 7 1 4 0 6 
362 1 6 0 7 5 
363 4 1 0 6 
364 5 6 7 4 
365 3 7 1 0 6 
366 4 3 6 0 1 2 
367 3 2 1 
368 0 3 6 1 2 
369 5 1 6 2 3 
370 5 1 0 6 
371 0 1 3 4 5 
372 3 1 6 4 0 7 
373 5 6 3 2 7 0 
374 5 4 0 1 
375 2 5 1 4 7 
376 4 6 3 7 1 
377 2 3 
378 1 6 3 7 
379 1 3 6 0 2 
380 6 3 7 1 
381 0 4 7 1 5 
382 3 0 1 2 
383 3 1 4 5 
384 3 2 
385 5 6 0 3 4 2 
386 6 0 1 4 
387 0 3 6 1 2 
388 7 0 3 1 2 
389 5 7 6 
390 6 3 2 1 
391 0 1 4 5 
392 5 4 6 
393 2 3 4 6 1 5 
394 7 6 2 5 
395 4 0 2 3 5 
396 1 6 3 
397 0 1 4 6 
398 1 2 5 0 7 4 3 
399 6 4 5 1 
400 2 7 5 6 
401 5 0 4 7 1 
402 4 6 3 7 1 
403 1 3 2 
404 3 2 1 
405 6 7 5 0 
406 5 3 0 1 2 
407 2 5 1 0 7 4 3 
408 6 7 5 0 
409 6 7 4 5 
410 4 3 7 1 5 0 2 
411 2 1 6 3 
412 4 1 0 6 
413 4 0 3 1 2 
414 0 3 5 2 1 
415 1 2 3 5 
416 2 3 4 7 1 5 0 
417 1 6 4 5 
418 7 0 3 1 2 
419 6 3 0 1 2 
420 2 3 4 6 1 5 
421 0 1 3 2 6 
422 2 3 
423 2 6 3 7 1 
424 6 3 5 2 1 
425 7 4 2 5 3 0 
426 0 6 3 2 5 7 
427 4 7 5 6 
428 4 6 1 3 7 
429 3 5 4 6 
430 4 6 5 
431 3 1 6 4 0 7 
432 0 1 4 
433 4 5 7 6 
434 5 6 7 0 1 
435 3 4 5 1 
436 2 6 7 4 5 
437 5 3 2 0 7 6 
438 5 4 6 
439 2 7 6 5 1 
440 4 6 3 5 2 7 
441 2 1 6 4 0 7 
442 0 4 6 5 
443 1 2 3 6 5 
444 6 0 3 1 2 
445 0 6 4 5 1 
446 3 5 2 1 
447 3 7 5 6 
448 0 6 5 3 4 2 
449 5 3 2 
450 6 7 5 1 
451 3 5 1 4 7 
452 6 0 3 2 
453 5 1 2 3 
454 6 3 7 1 
455 0 4 1 5 
456 5 7 4 1 6 
457 2 6 3 5 7 
458 7 0 1 4 5 
459 4 7 5 6 
460 1 4 0 6 
461 0 5 4 6 1 
462 1 6 2 3 
463 6 5 4 
464 2 7 5 6 0 
465 5 7 4 1 6 
466 4 5 6 
467 1 3 2 
468 3 4 6 5 
469 7 1 0 6 
470 5 0 4 7 1 
471 2 0 3 4 5 
472 6 3 2 0 7 
473 6 3 5 2 7 
474 4 6 7 5 1 
475 3 5 1 4 7 
476 4 6 7 5 1 
477 4 1 0 6 
478 0 1 4 5 
479 0 3 2 1 
480 2 3 4 7 1 5 0 
481 1 6 3 7 
482 6 7 5 
483 6 2 3 1 
484 2 1 0 6 
485 0 7 1 3 
486 2 6 3 5 7 0 
487 2 3 1 6 5 7 
488 6 0 1 4 
489 7 3 2 
490 1 6 4 0 7 
491 4 6 7 0 1 
492 4 1 3 5 
493 2 0 1 4 
494 4 6 3 2 5 7 0 
495 3 5 4 6 
496 0 1 4 6 
497 4 7 1 3 
498 5 4 0 1 
499 3 1 2 0 6 
500 2 3 0 1 
501 5 4 6 
502 5 6 3 7 1 
503 2 7 1 3 
504 4 6 3 2 5 7 0 
505 2 7 5 6 
506 0 6 3 7 1 
507 1 3 4 7 5 0 2 
508 6 1 3 4 5 
509 0 3 4 6 1 5 
510 3 2 
511 3 5 0 1 4 7 
512 3 5 2 6 
513 5 4 6 
514 6 1 2 3 5 
515 3 7 5 6 
516 6 4 2 5 3 0 
517 4 1 6 2 3 
518 6 7 1 3 0 
519 0 5 6 3 7 2 
520 5 6 2 7 
521 2 6 4 5 1 
522 7 4 5 6 
523 4 7 5 6 
524 1 7 4 2 5 3 
525 0 7 4 2 5 3 1 
526 1 0 6 
527 6 1 0 7 5 
528 2 3 0 1 
529 5 3 2 1 
530 4 5 6 3 7 2 
531 1 3 2 
532 3 7 5 4 6 
533 6 7 5 4 
534 5 6 3 7 2 
535 2 3 0 1 
536 6 7 5 4 1 
537 6 7 5 0 
538 4 7 5 1 6 
539 3 6 7 0 1 
540 4 6 3 1 
541 5 7 6 1 
542 0 4 1 5 
543 1 3 0 2 
544 2 6 5 0 3 4 
545 1 3 5 2 6 
546 6 2 3 
547 6 7 5 
548 2 6 3 5 7 
549 0 7 5 6 
550 2 0 3 1 
551 2 5 4 6 0 1 
552 6 1 4 0 7 
553 7 5 0 1 4 
554 1 3 6 0 2 
555 4 3 1 6 5 7 2 
556 4 5 1 
557 2 3 5 6 
558 4 5 6 
559 3 7 1 
560 0 1 6 7 5 
561 4 0 1 
562 5 7 4 6 
563 3 2 6 5 
564 0 1 6 7 5 
565 5 2 1 0 7 4 3 
566 5 1 0 6 
567 2 7 5 6 
568 4 6 7 5 
569 2 1 4 0 6 
570 0 4 6 7 5 1 
571 1 4 5 
572 6 7 1 3 
573 0 1 6 2 3 
574 3 6 1 7 
575 3 5 6 7 2 
576 3 7 5 4 6 
577 5 3 1 6 7 2 
578 6 0 3 1 2 
579 3 0 1 2 
580 6 1 2 3 5 
581 5 4 7 6 
582 6 7 5 1 
583 0 3 2 1 
584 5 6 3 2 7 0 
585 2 4 5 3 0 
586 7 5 4 6 
587 4 7 1 3 
588 1 5 4 6 0 
589 0 3 2 
590 1 0 7 6 
591 6 1 4 0 7 
592 2 3 0 7 6 
593 5 7 4 1 6 
594 4 7 5 6 0 
595 1 7 5 6 
596 3 1 6 0 7 5 
597 6 7 0 1 
598 5 7 1 3 0 6 
599 2 6 3 5 7 0 
600 6 5 0 1 4 7 
601 6 2 3 5 
602 4 6 5 1 
603 3 1 2 5 
604 4 6 7 5 
605 4 3 6 1 5 
606 0 1 4 5 
607 1 5 4 6 
608 2 6 3 5 7 
609 1 0 4 7 5 
610 6 3 0 1 2 
611 6 4 5 1 
612 2 3 6 0 1 
613 0 1 5 
614 2 0 3 
615 2 5 0 1 4 7 
616 6 0 1 4 5 
617 7 5 6 
618 1 5 0 4 7 
619 4 3 1 6 5 7 2 
620 4 3 2 1 
621 2 4 5 3 0 
622 4 1 6 0 7 
623 3 7 6 5 1 
624 0 3 5 2 6 
625 4 0 3 1 2 
626 5 4 6 
627 3 1 6 0 7 5 
628 2 1 4 0 6 
629 5 6 2 7 
630 5 7 4 2 3 1 
631 2 5 7 6 
632 4 7 5 6 
633 2 0 3 1 
634 0 6 1 3 7 
635 1 6 3 5 2 7 
636 6 1 4 0 
637 0 1 4 5 
638 3 0 1 4 5 
639 3 6 7 0 1 
640 3 1 6 0 7 5 
641 5 2 1 0 7 4 3 
642 6 7 4 5 
643 3 1 2 5 
644 6 7 4 5 
645 5 0 3 2 
646 6 1 0 
647 0 7 1 3 6 
648 5 0 3 1 2 
649 2 1 6 4 0 7 
650 7 1 6 4 0 
651 4 6 5 0 3 2 
652 1 4 0 6 
653 0 4 7 1 5 
654 1 3 6 5 7 2 
655 6 1 0 
656 2 3 6 5 
657 5 1 6 4 0 7 
658 4 6 5 0 3 2 
659 1 5 4 7 
660 3 1 6 2 
661 6 1 2 3 
662 5 2 3 1 
663 2 0 1 7 6 
664 6 3 7 1 
665 6 7 5 0 
666 4 3 6 1 5 
667 3 5 4 6 0 1 
668 4 6 5 1 
669 4 0 1 5 
670 0 3 2 
671 1 6 5 0 3 4 2 
672 2 6 1 3 7 
673 1 7 5 4 6 
674 6 7 5 
675 6 7 5 
676 2 3 1 6 5 7 
677 0 1 6 4 7 
678 2 3 6 0 1 
679 2 5 1 0 7 4 3 
680 6 3 2 0 7 
681 7 0 4 1 5 
682 1 0 4 5 
683 4 0 2 3 5 
684 4 6 5 
685 2 1 0 5 
686 4 1 3 2 0 6 
687 3 6 4 5 1 
688 0 3 2 
689 4 0 1 
690 7 4 6 5 1 
691 3 2 1 
692 2 3 6 0 1 
693 7 5 4 6 0 1 
694 5 7 1 0 3 6 2 
695 2 3 1 
696 4 3 1 6 5 7 2 
697 2 6 3 1 
698 0 1 5 
699 1 4 6 7 5 
700 6 7 1 3 0 
701 0 1 4 5 
702 3 6 5 0 4 2 
703 3 0 2 
704 3 1 2 5 
705 5 1 0 
706 6 3 1 
707 3 1 0 5 
708 6 1 0 5 
709 4 2 5 3 0 
710 6 7 5 4 
711 0 1 6 
712 7 5 0 1 4 
713 2 4 7 5 6 
714 7 3 5 2 6 
715 7 3 2 
716 1 2 3 5 
717 0 2 3 4 5 
718 1 0 3 2 
719 6 1 0 7 5 
720 2 6 7 5 
721 7 1 3 
722 4 5 6 0 1 
723 1 0 3 2 
724 3 7 5 6 0 
725 6 4 5 1 
726 5 6 4 1 
727 2 3 5 6 
728 6 3 5 2 
729 6 5 4 0 1 
730 4 7 6 5 1 
731 3 2 1 
732 4 1 0 6 
733 7 1 3 
734 0 1 3 2 6 
735 1 7 5 6 
736 2 7 4 5 3 1 
737 1 0 4 7 5 
738 6 4 5 
739 6 7 5 
740 2 6 3 5 7 0 
741 0 1 4 6 
742 2 4 6 5 
743 2 1 6 3 
744 7 1 3 2 0 6 
745 7 6 3 2 5 0 
746 1 6 2 3 
747 4 3 2 
748 7 3 2 0 6 
749 2 1 6 4 0 7 
750 4 7 2 5 3 1 
751 3 1 4 0 6 
752 0 5 4 6 1 
753 4 7 6 5 1 
754 7 5 0 1 4 
755 3 6 4 5 1 
756 2 3 5 6 
757 7 6 3 5 2 
758 5 3 2 1 
759 2 4 7 5 6 
760 4 3 5 2 6 
761 2 3 1 
762 0 1 3 4 5 
763 1 4 0 5 
764 7 5 4 6 
765 0 4 5 1 
766 3 7 4 2 5 1 
767 3 1 4 0 6 
768 3 4 6 1 5 
769 5 1 6 0 7 
770 7 4 2 5 3 0 
771 3 1 6 5 7 2 
772 7 1 0 5 
773 5 3 2 6 
774 7 0 1 4 
775 0 6 3 1 
776 7 1 3 4 5 
777 2 0 1 7 6 
778 7 1 3 0 6 
779 7 6 5 1 
780 1 3 2 
781 0 3 2 
782 1 3 4 6 5 
783 7 3 0 1 2 
784 2 1 3 5 
785 7 5 6 0 
786 4 3 5 2 1 
787 1 4 7 5 6 
788 3 0 4 7 1 5 
789 7 5 0 1 4 
790 5 4 6 7 1 
791 2 7 5 6 
792 7 1 6 4 0 
793 6 3 1 
794 4 6 7 5 1 
795 3 5 1 4 7 
796 4 5 1 
797 7 6 4 5 1 
798 0 3 1 2 
799 1 4 5 
800 2 5 4 6 
801 1 7 3 0 6 
802 7 5 6 0 
803 7 4 5 1 
804 2 1 4 0 6 
805 0 3 2 
806 2 3 6 5 
807 2 4 7 5 6 
808 7 4 2 5 3 0 
809 7 1 3 
810 1 5 4 7 
811 4 5 7 6 
812 7 0 3 1 2 
813 2 0 1 4 
814 4 7 5 6 
815 3 7 1 0 5 6 2 
816 0 4 6 5 
817 4 7 2 5 3 1 
818 7 5 6 
819 3 1 4 5 
820 3 6 2 7 5 
821 7 3 2 
822 5 1 4 0 6 
823 2 7 5 6 
824 4 0 1 7 6 
825 3 6 7 1 
826 1 6 2 7 5 
827 1 0 6 
828 7 2 3 
829 0 3 5 2 6 
830 1 0 4 
831 1 0 3 2 
832 1 5 6 3 7 2 
833 5 6 3 2 7 0 
834 7 1 4 0 6 
835 0 6 2 7 5 
836 7 5 6 0 
837 5 1 0 
838 7 6 3 2 5 0 
839 0 7 1 5 3 6 2 
840 7 0 4 1 5 
841 1 6 3 7 
842 7 4 0 1 5 
843 7 0 1 4 
844 1 4 7 5 6 
845 0 3 4 7 1 5 2 
846 1 6 3 
847 7 5 1 4 
848 0 2 3 4 5 
849 7 5 6 3 2 
850 4 2 3 1 
851 1 4 0 5 
852 1 3 4 6 5 
853 7 0 1 4 
854 5 3 2 1 
855 1 3 5 2 
856 7 5 6 
857 6 1 3 2 0 
858 4 5 1 7 
859 0 3 4 7 1 5 2 
860 4 7 5 6 0 
861 7 3 1 6 5 2 
862 0 2 3 6 5 
863 1 5 0 4 7 
864 0 6 2 7 5 
865 1 5 4 6 0 
866 7 3 4 6 1 5 
867 7 6 0 1 
868 1 3 6 5 7 2 
869 0 7 5 6 
870 1 3 5 2 6 
871 1 2 5 0 7 4 3 
872 7 3 5 2 6 
873 7 5 6 
874 1 7 3 0 6 
875 4 2 5 1 0 7 3 
876 7 0 1 4 
877 0 7 5 6 
878 4 0 1 7 6 
879 0 7 5 4 1 6 
880 0 7 1 5 3 6 2 
881 5 4 6 7 1 
882 7 6 5 1 
883 0 5 4 6 
884 0 6 3 1 
885 7 3 2 0 6 
886 5 7 1 3 
887 7 2 3 6 5 
888 5 7 6 
889 5 7 6 
890 5 1 3 2 0 6 
891 1 0 5 
892 7 2 3 1 
893 0 6 5 3 4 2 
894 0 5 7 6 
895 0 1 7 6 
896 1 2 3 
897 5 1 3 2 0 6 
898 7 5 6 0 
899 0 6 5 3 4 2 
900 7 6 1 3 
901 5 2 3 
902 7 1 4 0 6 
903 0 1 4 
904 7 1 4 0 6 
905 1 6 2 7 5 
906 7 0 3 2 
907 7 5 0 1 4 
908 0 1 3 2 6 
909 0 4 6 7 5 1 
910 0 1 6 2 3 
911 7 3 4 1 5 0 2 
912 0 1 2 3 5 
913 7 1 2 3 5 
914 5 2 1 0 7 4 3 
915 1 6 3 7 
916 1 0 7 6 
917 7 0 1 4 
918 5 3 4 7 1 0 2 
919 1 3 2 0 6 
920 7 6 4 5 
921 6 7 0 1 
922 5 7 6 1 
923 0 2 3 6 5 
924 5 6 3 7 2 
925 7 5 4 1 6 
926 1 5 4 7 
927 1 3 6 0 2 
928 1 7 3 
929 0 1 5 
930 7 5 6 
931 7 1 0 5 3 6 2 
932 1 7 4 2 5 3 
933 0 5 7 6 
934 4 3 2 
935 7 6 2 5 
936 7 6 4 5 1 
937 7 1 6 0 5 
938 1 6 7 0 
939 5 7 4 6 
940 7 3 5 2 1 
941 7 1 0 5 3 6 2 
942 5 0 4 7 1 
943 7 5 4 6 0 1 
944 1 7 6 5 
945 5 0 4 7 1 
946 7 4 0 1 5 
947 3 5 0 1 4 7 
948 3 7 5 4 1 6 
949 7 3 2 1 
950 5 6 7 0 1 
951 7 4 6 5 
952 5 4 7 6 
953 3 5 4 6 0 1 
954 0 1 3 4 5 
955 7 5 6 
956 7 0 1 4 5 
957 1 0 4 5 
958 3 4 0 1 5 
959 3 1 2 5 
960 3 7 1 0 6 
961 5 3 4 7 1 0 2 
962 7 0 2 3 4 5 
963 3 5 7 6 
964 7 0 1 6 
965 5 1 0 
966 7 6 3 1 
967 0 7 1 3 6 
968 7 6 4 5 
969 3 4 2 5 0 
970 7 1 3 2 0 6 
971 7 2 3 
972 1 5 4 7 
973 0 3 2 7 6 
974 1 3 0 2 
975 7 6 4 5 
976 3 7 4 2 5 1 
977 7 1 3 0 6 
978 5 0 3 2 
979 1 3 4 7 5 0 2 
980 3 6 1 7 
981 7 0 3 1 2 
982 5 0 2 3 4 
983 3 2 5 1 0 7 4 
984 7 6 2 5 
985 6 0 3 1 2 
986 5 0 4 7 1 
987 3 0 1 4 5 
988 5 0 3 1 2 
989 7 5 6 3 2 
990 0 3 4 7 1 5 2 
991 1 4 0 6 
992 3 7 1 0 5 6 2 
993 1 6 4 0 7 
994 7 6 3 5 2 
995 7 5 4 6 
996 3 1 6 0 7 5 
997 0 7 4 2 5 3 1 
998 3 4 6 5 
999 3 4 6 1 5 
1000 7 6 3 1 
1001 7 2 5 1 0 4 3 
1002 1 2 3 
1003 5 3 2 1 
1004 7 5 4 6 
1005 3 0 1 2 
1006 5 7 6 
1007 3 4 7 5 6 
1008 5 0 2 3 4 
1009 5 1 0 
1010 7 6 0 1 
1011 5 0 4 7 1 
1012 7 5 6 
1013 7 5 4 1 6 
1014 5 6 3 2 7 0 
1015 7 5 6 
1016 5 4 1 
1017 5 4 6 7 1 
1018 7 6 0 1 
1019 7 1 3 4 5 
1020 7 3 2 0 6 
1021 0 5 4 6 
1022 3 1 6 4 0 7 
1023 3 7 1 
