0 7 0 1 
1 2 1 
2 7 4 5 2 6 1 
3 4 7 5 0 1 
4 2 1 7 
5 2 7 4 3 6 5 0 1 
6 6 7 4 2 3 5 1 
7 2 7 1 
8 7 4 5 2 6 1 
9 5 0 4 7 1 6 
10 4 5 2 7 3 0 1 
11 3 7 4 6 0 
12 7 1 0 
13 3 4 5 6 1 
14 5 4 7 0 1 
15 6 7 4 2 3 5 1 
16 5 2 3 0 1 
17 3 7 6 2 1 
18 5 4 7 0 1 
19 7 5 0 4 1 6 
20 2 7 6 3 0 1 
21 4 5 7 6 
22 7 4 6 5 1 0 
23 7 4 5 0 1 
24 2 1 0 
25 2 7 1 
26 0 7 4 6 
27 0 2 7 1 6 
28 5 2 3 0 1 
29 7 5 3 2 4 1 
30 5 7 6 2 
31 4 7 6 3 2 1 
32 1 7 2 3 6 
33 2 4 1 
34 6 2 3 0 1 
35 4 2 1 
36 4 5 2 7 3 0 1 
37 1 4 7 5 6 
38 1 7 6 2 
39 4 2 5 3 1 
40 0 6 4 2 3 5 7 1 
41 5 3 2 4 1 7 
42 1 5 4 7 6 
43 6 4 5 7 
44 0 5 4 1 7 
45 4 7 0 1 
46 4 7 3 2 1 
47 5 2 7 6 3 0 1 
48 0 5 4 2 7 
49 1 7 
50 7 6 0 
51 6 4 5 2 1 
52 1 7 4 
53 6 7 3 2 1 
54 0 5 4 7 1 6 
55 1 2 3 
56 6 7 4 0 
57 2 3 1 0 
58 7 2 6 3 0 1 
59 0 7 2 3 6 1 
60 6 4 5 2 1 
61 5 7 6 2 
62 6 7 2 1 0 
63 0 5 4 6 7 
64 6 1 0 
65 2 3 6 0 1 
66 7 2 3 1 
67 4 2 0 
68 1 2 3 0 
69 2 7 4 1 
70 6 2 0 
71 1 4 5 2 7 3 0 
72 7 6 3 2 1 
73 5 2 3 1 0 
74 5 7 6 0 1 
75 1 2 3 6 0 
76 7 6 3 2 1 
77 3 1 7 
78 5 2 1 
79 4 7 1 
80 5 3 2 4 1 7 
81 3 1 6 7 0 
82 5 4 2 3 6 1 
83 7 2 1 
84 1 7 5 4 6 
85 4 2 0 
86 6 7 4 2 3 5 0 1 
87 6 2 7 3 0 1 
88 2 7 5 4 1 6 
89 0 7 1 
90 0 4 5 2 6 1 
91 1 7 
92 5 2 7 1 6 
93 7 2 0 
94 5 7 3 2 4 1 
95 4 2 7 6 3 0 1 
96 1 7 4 2 3 6 5 0 
97 2 5 4 7 0 
98 6 5 0 4 7 1 
99 4 2 1 
100 4 5 2 3 1 6 
101 1 4 7 5 0 
102 1 4 6 7 5 0 
103 4 2 0 
104 1 4 5 6 7 
105 5 2 3 4 1 6 
106 1 2 3 
107 6 5 4 7 
108 0 2 7 6 3 1 
109 4 2 3 1 7 
110 5 2 0 3 1 
111 5 2 3 6 0 1 
112 0 5 4 1 7 
113 0 7 6 
114 7 4 5 1 0 
115 6 2 3 1 0 
116 1 2 0 3 
117 7 4 6 0 1 
118 0 2 1 
119 1 4 5 0 
120 6 7 1 
121 2 7 3 6 1 
122 7 5 4 6 
123 0 4 5 1 
124 6 2 3 1 0 
125 5 4 2 7 1 0 
126 6 7 0 
127 0 5 2 3 4 1 6 
128 7 6 0 1 
129 2 7 4 6 0 1 
130 7 1 0 
131 4 7 6 0 
132 1 2 3 7 
133 2 4 7 5 1 0 
134 6 4 5 7 1 0 
135 1 7 4 2 3 0 6 
136 7 2 3 6 1 
137 5 4 2 7 0 
138 4 7 5 1 6 
139 1 2 7 6 3 0 
140 7 2 1 
141 3 7 6 
142 5 7 4 6 
143 4 7 6 0 1 
144 5 2 3 0 1 
145 3 4 5 1 0 
146 5 4 7 1 0 
147 7 6 2 3 0 1 
148 1 7 6 3 2 
149 4 2 3 0 1 
150 7 4 5 6 
151 4 6 2 7 3 0 1 
152 2 1 6 7 0 
153 0 4 7 5 6 1 
154 0 2 3 1 
155 1 4 5 7 0 
156 5 7 4 6 
157 7 2 3 1 0 
158 5 4 7 1 0 
159 4 2 3 5 1 
160 0 7 1 
161 2 7 0 1 
162 6 2 7 3 1 
163 3 6 2 7 0 1 
164 6 2 3 5 4 1 
165 0 7 6 
166 1 4 5 2 6 
167 5 2 3 4 1 
168 1 7 3 2 4 
169 5 7 0 1 
170 1 7 4 2 3 6 5 0 
171 6 1 7 0 
172 0 5 4 7 1 6 
173 4 5 0 7 1 6 
174 4 5 6 7 
175 5 2 3 4 1 6 
176 0 7 6 1 
177 1 2 7 6 
178 6 4 5 1 
179 6 7 3 2 4 1 
180 1 4 5 7 0 
181 6 2 3 5 4 1 
182 0 4 6 7 5 1 
183 1 4 2 7 5 0 
184 6 4 2 1 
185 2 6 7 3 0 1 
186 7 5 4 1 6 
187 0 2 3 1 
188 6 4 7 5 0 1 
189 5 7 4 6 0 1 
190 6 4 5 7 1 0 
191 0 2 3 1 
192 7 5 4 6 
193 2 7 6 
194 7 4 6 0 
195 4 2 7 1 6 
196 1 2 3 0 
197 3 6 7 2 1 
198 6 2 3 0 1 
199 1 2 3 5 4 
200 7 6 2 
201 5 4 2 7 1 0 
202 4 2 0 
203 1 7 6 
204 3 7 0 1 
205 3 2 1 7 
206 5 7 6 
207 5 4 7 1 0 
208 5 1 6 7 0 
209 3 4 2 6 1 
210 3 2 1 0 
211 7 0 1 
212 1 4 5 6 7 
213 4 2 7 1 6 
214 7 1 
215 6 4 2 0 3 5 7 1 
216 2 3 1 7 
217 0 7 6 2 
218 0 3 6 7 2 1 
219 1 7 6 2 
220 5 3 2 4 1 7 
221 7 2 3 1 0 
222 5 4 2 7 1 0 
223 4 7 6 3 2 1 
224 1 4 5 7 0 
225 2 4 6 7 5 1 0 
226 3 2 1 0 
227 4 7 2 3 5 6 1 
228 4 7 6 
229 1 2 3 0 
230 1 5 4 7 
231 4 7 2 3 5 6 1 
232 1 7 4 2 3 6 5 0 
233 5 2 1 
234 1 2 3 7 
235 6 4 2 0 3 5 7 1 
236 0 2 4 7 6 5 3 1 
237 4 7 2 3 5 6 1 
238 4 5 0 1 
239 7 4 6 0 1 
240 0 4 5 7 1 
241 1 5 4 2 7 0 
242 7 4 2 5 1 0 
243 6 2 3 0 1 
244 6 1 0 
245 6 2 3 1 7 
246 0 5 3 2 4 1 7 
247 0 2 3 6 1 
248 6 2 0 3 1 
249 2 7 3 6 1 
250 7 2 3 1 0 
251 0 7 6 2 1 
252 6 2 3 1 0 
253 5 4 2 3 6 1 
254 6 4 2 1 
255 0 4 5 1 
256 7 5 4 6 
257 2 7 4 3 0 6 1 
258 2 7 4 6 0 1 
259 4 6 7 0 
260 1 7 4 
261 2 5 3 4 1 7 
262 6 4 7 5 1 0 
263 4 3 6 7 2 1 
264 7 2 0 
265 5 1 6 7 0 
266 4 5 2 7 3 0 1 
267 1 2 
268 7 2 3 1 
269 3 2 0 1 
270 5 7 4 6 0 1 
271 4 2 3 1 0 
272 5 2 3 1 0 
273 3 1 6 7 0 
274 4 2 5 3 1 
275 7 3 6 2 1 
276 1 2 4 7 6 5 3 
277 4 3 6 7 2 1 
278 4 6 2 7 3 0 1 
279 6 4 2 5 1 
280 3 4 5 2 7 0 1 
281 0 7 4 6 
282 0 4 7 5 1 
283 0 2 3 1 
284 5 7 3 2 4 1 
285 7 2 3 1 0 
286 5 2 7 6 3 0 1 
287 4 5 0 7 1 6 
288 1 4 5 7 0 
289 2 3 1 0 
290 6 2 3 1 0 
291 4 5 7 6 
292 4 7 5 6 1 
293 0 3 6 7 2 1 
294 0 4 5 1 
295 4 5 2 7 0 
296 1 7 5 4 6 
297 5 2 4 3 1 
298 1 7 6 2 0 
299 6 4 5 7 
300 0 6 4 2 3 5 7 1 
301 4 6 7 0 
302 4 7 3 2 1 
303 5 7 6 2 
304 0 7 1 
305 1 5 3 2 4 7 
306 6 5 4 1 7 
307 6 5 2 3 4 1 
308 0 5 4 1 7 
309 6 7 4 
310 0 5 4 7 6 
311 1 2 7 6 
312 6 7 4 0 
313 2 7 6 1 0 
314 7 4 2 1 
315 0 2 7 3 6 1 
316 6 5 4 1 7 
317 5 4 6 7 1 0 
318 6 7 4 1 
319 0 6 4 2 3 5 7 1 
320 3 4 2 1 
321 2 6 7 0 
322 7 5 4 6 
323 4 7 2 3 5 6 1 
324 1 2 4 7 6 5 3 
325 2 3 5 4 1 
326 2 1 
327 1 5 4 2 7 0 
328 7 0 1 
329 5 7 4 2 3 0 6 1 
330 4 2 5 1 
331 4 7 1 
332 3 7 4 2 5 6 1 
333 3 7 6 2 1 
334 4 5 0 7 1 6 
335 3 7 1 
336 5 7 4 6 
337 3 7 6 0 1 
338 5 4 7 6 1 
339 6 4 7 5 1 0 
340 1 6 7 0 
341 4 5 7 6 
342 7 4 5 0 1 
343 4 5 6 1 
344 2 4 3 6 1 
345 0 2 3 1 
346 0 4 5 7 1 
347 1 2 3 6 0 
348 5 7 4 6 
349 6 2 1 
350 5 7 6 2 
351 7 6 2 1 0 
352 1 4 5 0 
353 2 0 
354 6 2 3 0 1 
355 3 4 5 2 7 0 1 
356 5 2 4 3 1 
357 1 7 4 6 
358 1 4 5 2 6 
359 4 7 2 3 5 6 1 
360 1 4 5 0 
361 5 2 4 7 6 3 1 
362 1 4 2 5 
363 2 3 1 0 
364 0 2 7 6 3 1 
365 4 2 5 3 1 
366 4 7 6 2 1 0 
367 5 4 2 6 1 
368 0 4 2 3 6 1 
369 1 2 3 6 0 
370 7 1 
371 6 7 0 1 
372 1 4 7 5 6 
373 7 4 5 6 1 
374 0 2 3 1 
375 1 5 3 2 4 7 
376 6 2 4 7 5 3 1 
377 3 2 4 5 1 
378 7 2 3 6 1 
379 0 1 
380 6 2 3 0 1 
381 5 7 4 6 0 
382 6 4 5 7 
383 0 4 7 5 1 
384 7 4 5 0 1 
385 2 7 6 3 1 
386 7 4 2 5 1 
387 0 1 6 7 
388 7 4 6 0 1 
389 2 4 5 7 3 0 1 
390 6 4 2 3 1 
391 2 7 4 3 6 5 0 1 
392 7 4 2 3 6 1 
393 5 2 3 6 0 1 
394 3 7 6 0 1 
395 1 2 0 3 
396 7 4 2 3 0 6 1 
397 3 7 2 6 1 
398 5 1 7 
399 4 2 0 
400 7 6 4 2 0 3 5 1 
401 3 7 1 
402 7 2 4 6 5 3 1 
403 3 7 4 6 0 
404 7 4 5 0 1 
405 4 5 2 3 1 6 
406 2 7 0 1 
407 2 4 1 
408 5 7 4 2 3 6 0 1 
409 0 7 3 2 4 1 
410 1 2 0 3 
411 7 5 4 6 
412 2 4 7 6 5 3 1 
413 3 7 4 2 5 6 1 
414 5 4 0 1 
415 4 7 6 0 1 
416 0 7 4 2 3 5 6 1 
417 2 5 4 7 6 
418 6 2 0 3 1 
419 4 7 6 
420 0 7 6 
421 1 2 
422 1 6 4 2 0 3 5 7 
423 3 7 4 2 0 6 1 
424 0 1 7 
425 3 5 4 1 7 
426 1 2 4 5 3 
427 7 2 3 1 0 
428 1 2 3 0 
429 5 1 0 
430 3 4 5 0 1 
431 1 2 
432 1 7 4 6 0 
433 6 2 7 3 1 
434 3 4 2 5 1 
435 1 4 2 3 6 
436 6 4 2 5 1 
437 3 2 4 5 1 
438 7 2 0 
439 0 4 7 5 6 1 
440 1 4 5 6 7 
441 5 2 1 
442 3 4 5 2 7 0 1 
443 0 2 3 1 
444 6 2 4 5 3 1 
445 5 6 2 7 3 0 1 
446 6 7 5 4 1 
447 0 4 2 1 
448 7 2 3 6 1 
449 2 7 6 1 0 
450 7 2 3 5 4 1 
451 5 7 2 3 6 1 
452 1 2 3 0 
453 2 5 4 7 6 
454 6 1 0 
455 1 5 4 7 6 
456 7 5 4 2 0 
457 5 1 0 
458 4 7 6 
459 1 6 4 2 0 3 5 7 
460 7 5 4 1 6 
461 3 7 4 2 6 5 0 1 
462 5 4 2 6 1 
463 4 5 0 7 1 6 
464 5 6 2 7 3 0 1 
465 3 7 6 2 
466 5 7 2 3 6 1 
467 7 2 3 1 
468 1 2 3 0 
469 5 7 0 1 
470 7 2 3 0 1 
471 6 2 4 7 5 3 1 
472 2 7 3 6 1 
473 0 4 5 1 
474 0 2 3 1 
475 1 4 7 5 0 
476 5 2 3 1 7 
477 7 6 2 
478 5 2 3 0 1 
479 4 5 0 1 
480 1 5 2 3 4 6 
481 2 7 4 6 0 
482 6 2 1 
483 4 7 6 
484 4 7 6 0 1 
485 1 7 6 3 2 
486 1 7 4 6 
487 4 6 2 0 3 5 7 1 
488 1 0 
489 5 4 6 7 
490 1 7 2 3 6 
491 6 7 0 
492 0 7 2 3 6 1 
493 4 2 7 5 1 0 
494 4 5 6 7 
495 5 4 6 1 
496 0 1 6 7 
497 1 6 2 7 3 0 
498 7 5 4 6 
499 6 7 4 1 
500 1 6 7 0 
501 6 3 7 2 1 
502 0 7 6 3 2 1 
503 1 4 5 0 
504 6 7 4 1 
505 2 1 7 
506 7 2 1 
507 0 7 6 3 2 1 
508 6 2 3 0 1 
509 5 4 1 0 
510 6 7 
511 0 2 3 1 
512 7 2 3 6 1 
513 2 7 3 6 1 
514 7 2 3 1 
515 4 5 2 7 3 0 1 
516 1 4 5 0 
517 2 7 0 1 
518 6 2 4 5 3 1 
519 1 2 7 6 
520 7 2 3 6 1 
521 5 1 7 
522 4 2 3 6 1 
523 0 5 2 3 4 1 6 
524 7 2 3 6 1 
525 3 5 4 1 7 
526 5 4 1 7 
527 4 5 7 6 
528 5 7 4 6 0 1 
529 3 7 4 2 6 5 0 1 
530 5 2 4 3 1 
531 7 2 6 3 0 1 
532 1 2 7 3 6 
533 4 5 6 7 
534 7 4 6 5 1 0 
535 6 2 7 3 0 1 
536 2 1 0 
537 0 2 3 1 
538 0 7 4 6 1 
539 1 4 6 7 5 0 
540 5 7 4 2 3 6 0 1 
541 7 4 5 6 
542 5 4 2 7 3 0 1 
543 4 2 3 0 1 
544 1 4 5 6 7 
545 2 3 0 1 
546 6 4 5 2 7 3 0 1 
547 4 5 7 6 
548 4 7 2 3 6 5 0 1 
549 1 2 7 3 6 
550 1 7 6 2 
551 4 7 2 3 0 6 1 
552 1 4 2 7 5 0 
553 5 0 4 7 1 6 
554 1 2 3 0 
555 6 5 4 7 
556 0 5 4 7 6 
557 4 7 2 3 5 6 1 
558 4 5 7 6 
559 5 4 2 6 1 
560 0 4 5 1 
561 1 4 7 5 0 
562 7 4 5 6 1 
563 6 5 4 2 7 0 
564 1 7 6 2 
565 6 7 5 4 1 
566 0 4 2 7 5 1 
567 1 2 
568 6 7 4 1 
569 2 7 3 6 1 
570 7 6 2 3 0 1 
571 0 2 1 
572 6 7 1 
573 5 2 3 6 0 1 
574 6 2 3 0 1 
575 0 4 2 5 1 
576 7 6 2 1 0 
577 2 7 4 3 6 5 0 1 
578 7 4 5 1 0 
579 4 1 0 
580 1 4 7 5 6 
581 2 3 1 
582 6 7 3 2 4 1 
583 0 4 5 6 1 
584 7 2 1 6 
585 5 1 6 7 0 
586 4 3 6 7 2 1 
587 0 5 4 1 7 
588 7 4 2 1 
589 3 4 5 6 1 
590 5 4 2 7 0 
591 4 7 6 0 
592 5 2 0 
593 3 4 6 7 5 1 0 
594 5 2 1 
595 7 2 1 
596 1 2 3 
597 4 2 3 6 1 
598 7 4 5 2 6 1 
599 6 7 2 1 0 
600 2 7 0 1 
601 0 2 
602 0 2 3 1 
603 1 7 
604 5 7 4 1 
605 7 6 4 2 0 3 5 1 
606 5 2 3 0 1 
607 4 1 6 7 0 
608 1 2 3 0 
609 2 4 7 5 6 1 
610 6 2 3 5 4 1 
611 4 5 7 6 
612 4 5 6 1 
613 1 7 5 4 6 
614 1 2 3 0 
615 4 2 7 6 5 3 1 
616 1 4 2 
617 5 7 6 3 2 1 
618 1 5 4 7 6 
619 6 2 7 1 
620 0 7 4 2 3 6 1 
621 4 2 1 
622 4 5 3 2 1 7 
623 5 4 6 7 
624 0 4 5 6 1 
625 1 2 3 5 4 
626 7 4 6 0 1 
627 6 1 7 0 
628 1 2 
629 6 5 4 7 
630 0 1 7 
631 1 2 0 3 
632 6 1 0 
633 2 4 5 7 3 0 1 
634 7 4 6 0 
635 0 1 
636 6 2 3 0 1 
637 5 1 7 
638 6 3 7 2 1 
639 0 4 6 7 5 1 
640 7 6 2 3 0 1 
641 2 5 4 6 7 
642 7 2 4 6 5 3 1 
643 4 1 7 
644 1 4 5 0 
645 2 5 0 4 7 1 6 
646 6 1 0 
647 1 7 4 
648 7 4 5 1 0 
649 5 2 3 1 7 
650 4 2 7 6 5 3 1 
651 1 5 4 7 6 
652 7 2 6 3 0 1 
653 3 2 4 5 1 
654 5 2 1 
655 4 6 2 0 3 5 7 1 
656 5 4 2 7 0 
657 3 5 2 4 1 6 
658 7 2 3 1 
659 7 4 2 5 1 
660 1 4 7 5 0 
661 4 3 6 7 2 1 
662 7 2 0 
663 6 5 2 3 4 1 
664 2 1 
665 0 7 4 6 
666 1 2 3 0 
667 1 4 5 6 
668 5 4 6 7 1 0 
669 7 4 5 1 0 
670 5 2 3 6 0 1 
671 4 7 6 2 1 0 
672 1 2 3 7 
673 2 7 3 4 1 
674 6 2 7 3 1 
675 4 6 2 7 3 0 1 
676 4 5 3 2 1 7 
677 1 7 6 3 2 
678 1 5 4 6 7 
679 4 2 7 1 6 
680 1 7 4 
681 5 7 6 0 1 
682 1 7 2 3 6 
683 6 2 3 5 4 1 
684 0 7 6 1 
685 4 6 7 5 1 0 
686 4 7 2 3 0 6 1 
687 5 2 4 7 6 3 1 
688 0 1 
689 1 7 3 2 4 
690 7 4 2 1 
691 6 7 5 4 1 
692 1 7 
693 6 2 3 0 1 
694 0 4 2 7 5 1 
695 0 4 2 5 1 
696 6 5 4 2 7 0 
697 2 0 
698 7 6 
699 0 4 5 1 
700 6 4 2 0 3 5 7 1 
701 5 4 2 6 1 
702 7 5 4 1 
703 0 7 6 1 
704 7 0 1 
705 2 1 
706 7 2 3 1 0 
707 4 6 2 0 3 5 7 1 
708 1 4 5 2 7 3 0 
709 2 3 6 7 1 
710 6 2 7 3 1 
711 2 7 3 4 1 
712 7 4 1 
713 5 2 1 
714 4 7 2 3 6 5 0 1 
715 3 6 7 2 1 
716 7 2 3 0 1 
717 3 2 7 6 1 
718 5 3 2 4 1 7 
719 4 7 6 2 1 0 
720 5 6 2 7 3 0 1 
721 3 2 4 7 6 5 1 
722 5 4 2 7 0 
723 7 2 0 3 1 
724 2 1 
725 4 5 7 6 
726 7 4 5 2 3 0 1 
727 6 4 5 7 
728 2 5 3 4 1 6 
729 2 5 4 7 6 
730 2 3 1 
731 2 4 3 6 1 
732 5 2 7 1 6 
733 7 2 1 
734 5 7 4 1 
735 4 7 6 0 1 
736 0 7 5 4 1 6 
737 2 7 6 3 0 1 
738 6 4 2 5 1 
739 4 7 6 
740 4 1 7 
741 2 3 0 1 
742 3 4 2 5 1 
743 4 5 6 7 
744 0 5 3 2 4 1 7 
745 5 2 3 4 1 
746 2 7 4 3 0 6 1 
747 6 4 2 1 
748 0 7 4 2 3 6 1 
749 4 5 6 7 
750 4 7 2 3 0 6 1 
751 5 7 4 6 
752 0 2 3 5 4 1 
753 3 2 5 4 1 
754 7 2 3 1 
755 6 4 5 1 0 
756 0 2 3 1 
757 6 2 7 3 0 1 
758 3 5 4 1 7 
759 2 7 6 1 0 
760 6 7 2 1 0 
761 2 3 1 0 
762 7 5 4 2 0 
763 0 7 4 2 3 6 1 
764 6 7 0 1 
765 5 2 3 0 1 
766 6 2 7 1 
767 3 5 2 4 1 6 
768 7 2 3 1 0 
769 2 7 4 1 
770 7 2 3 1 
771 4 5 0 7 1 6 
772 2 3 1 0 
773 2 0 
774 6 7 0 
775 3 7 4 6 
776 7 4 5 6 1 
777 5 4 2 7 3 0 1 
778 4 5 0 7 1 6 
779 3 7 5 4 1 6 
780 7 1 
781 3 5 0 4 7 1 6 
782 5 4 0 1 
783 4 7 2 3 6 1 
784 5 4 2 1 
785 3 6 4 2 0 5 7 1 
786 5 4 7 0 1 
787 7 6 
788 2 4 5 1 
789 5 4 2 7 0 
790 7 2 1 
791 6 5 4 7 
792 2 3 1 0 
793 2 3 1 
794 2 3 6 0 1 
795 2 4 7 5 6 1 
796 5 4 7 6 
797 7 2 3 1 
798 5 4 7 6 1 
799 4 6 7 5 1 0 
800 0 7 4 6 1 
801 2 5 3 4 1 7 
802 6 7 4 2 3 5 1 
803 4 2 7 3 6 1 
804 4 7 1 
805 2 1 7 
806 3 4 5 7 1 0 
807 4 1 6 7 0 
808 0 2 3 1 
809 5 6 4 2 0 3 7 1 
810 2 3 6 7 1 
811 7 6 2 
812 0 4 5 1 
813 4 7 6 0 
814 4 2 3 6 0 1 
815 5 1 7 
816 0 5 4 7 6 
817 3 7 4 6 
818 7 4 5 1 0 
819 6 2 7 3 0 1 
820 0 7 4 2 3 5 6 1 
821 6 7 4 0 1 
822 3 4 5 0 1 
823 2 7 4 3 5 6 1 
824 6 7 0 1 
825 2 7 6 
826 7 2 3 0 1 
827 0 4 7 5 1 
828 6 7 4 0 1 
829 5 4 6 1 
830 6 2 3 1 0 
831 2 6 7 0 
832 7 1 6 0 
833 2 4 5 6 1 
834 7 4 5 2 3 0 1 
835 4 2 7 6 3 0 1 
836 2 4 6 7 5 1 0 
837 2 4 5 6 7 
838 6 7 2 
839 2 5 4 7 6 
840 6 4 2 7 5 1 0 
841 5 7 1 
842 4 3 6 7 2 1 
843 3 4 5 2 6 1 
844 7 4 2 5 1 0 
845 3 5 4 6 7 
846 5 4 7 1 0 
847 4 5 1 0 
848 6 7 0 
849 3 4 2 7 5 1 0 
850 7 4 5 6 1 
851 6 2 3 5 4 1 
852 2 7 4 3 5 6 1 
853 4 2 3 1 
854 4 7 2 3 6 1 
855 4 2 3 5 1 
856 2 3 1 0 
857 2 7 4 6 0 
858 3 7 4 2 6 5 0 1 
859 2 5 3 4 1 6 
860 5 4 6 1 
861 6 2 0 3 1 
862 5 2 4 3 1 
863 7 5 4 6 
864 0 5 4 1 7 
865 2 3 1 0 
866 6 4 2 3 1 
867 4 7 6 0 1 
868 6 7 4 2 3 0 1 
869 2 5 4 1 7 
870 3 4 5 2 6 1 
871 4 7 5 0 1 
872 0 5 4 2 7 
873 5 6 7 0 
874 2 7 1 6 
875 5 1 7 
876 0 6 2 7 3 1 
877 4 5 1 7 
878 5 4 6 7 
879 7 2 3 1 0 
880 0 5 4 7 1 6 
881 3 2 1 
882 7 6 0 
883 6 7 4 
884 0 2 7 6 3 1 
885 6 7 4 1 
886 3 2 5 4 1 
887 2 1 
888 6 7 4 2 3 5 1 
889 2 4 5 6 1 
890 7 6 
891 0 2 3 1 
892 6 7 0 1 
893 5 4 6 7 
894 6 7 2 1 0 
895 2 7 3 6 1 
896 7 5 4 6 
897 2 1 
898 7 4 5 6 1 
899 4 5 6 7 
900 2 5 3 4 1 6 
901 2 4 5 3 1 
902 6 7 0 
903 2 7 4 1 
904 7 5 4 1 
905 5 6 4 2 0 3 7 1 
906 4 5 3 2 1 7 
907 3 2 1 0 
908 6 4 7 5 1 
909 3 6 7 0 
910 5 4 6 7 
911 6 7 5 4 1 
912 7 5 4 6 
913 3 7 6 2 
914 3 5 2 4 1 7 
915 3 2 4 5 1 
916 2 3 0 1 
917 2 5 4 7 0 
918 3 2 1 0 
919 2 7 4 3 0 6 1 
920 3 7 4 2 0 6 1 
921 2 7 6 
922 3 4 5 0 1 
923 2 7 3 4 1 
924 2 4 1 
925 3 2 7 1 6 
926 3 2 0 1 
927 3 7 4 2 0 6 1 
928 0 7 4 2 3 6 5 1 
929 2 3 1 
930 3 7 6 
931 3 7 6 
932 0 2 3 1 
933 2 7 3 4 1 
934 3 7 6 2 1 0 
935 3 5 4 7 6 
936 0 4 5 1 
937 3 2 1 
938 3 7 6 2 1 
939 2 4 7 5 0 1 
940 0 4 2 5 1 
941 3 7 4 6 0 
942 3 7 6 2 1 
943 1 4 5 6 
944 0 5 4 6 7 
945 3 7 5 4 1 6 
946 3 5 2 4 1 7 
947 1 7 3 2 4 
948 0 7 4 6 1 
949 3 4 2 7 5 1 0 
950 0 2 3 1 
951 2 3 0 1 
952 1 4 2 7 5 0 
953 3 5 0 4 7 1 6 
954 3 1 7 
955 0 7 6 2 1 
956 3 7 4 2 6 5 0 1 
957 3 2 1 0 
958 3 6 7 0 
959 0 4 2 3 6 1 
960 3 4 2 7 5 1 0 
961 3 2 1 
962 2 4 5 6 1 
963 3 4 2 5 1 
964 2 7 6 3 0 1 
965 3 2 4 7 6 5 1 
966 2 4 6 7 5 1 0 
967 3 4 7 5 6 1 
968 2 4 5 3 1 
969 3 4 2 1 
970 3 2 1 0 
971 3 6 7 2 1 
972 3 2 4 7 6 5 1 
973 3 2 1 
974 3 2 1 0 
975 3 7 5 4 1 6 
976 3 7 2 4 1 
977 3 2 0 1 
978 3 2 0 1 
979 3 7 4 6 0 1 
980 3 2 1 0 
981 2 4 3 6 1 
982 3 4 5 2 6 1 
983 2 7 4 6 
984 3 6 7 0 
985 2 3 1 0 
986 3 2 7 1 6 
987 2 4 1 
988 2 3 1 7 
989 3 2 1 7 
990 3 4 2 5 1 
991 3 2 4 7 6 5 1 
992 0 1 6 7 
993 2 7 1 6 
994 3 4 5 6 1 
995 3 5 2 4 1 6 
996 0 2 1 
997 2 7 3 4 1 
998 3 6 7 2 1 
999 3 5 4 7 6 
1000 0 4 5 1 
1001 3 7 2 6 1 
1002 1 2 0 3 
1003 2 3 6 0 1 
1004 0 5 2 3 4 1 6 
1005 3 5 4 7 6 
1006 3 6 2 7 0 1 
1007 1 7 
1008 0 4 5 1 
1009 0 4 2 3 6 1 
1010 3 7 5 4 1 6 
1011 1 2 3 0 
1012 0 2 3 1 
1013 3 4 5 7 1 0 
1014 0 2 3 1 
1015 0 7 1 
1016 1 4 2 3 6 
1017 3 2 1 0 
1018 3 6 7 0 
1019 0 7 6 1 
1020 3 2 1 0 
1021 3 5 4 7 6 
1022 3 4 2 1 
1023 0 2 
