0 2 0 1 3 
1 7 4 1 
2 4 2 1 3 0 5 
3 3 1 0 5 
4 0 3 1 4 2 5 
5 5 7 6 1 
6 5 7 6 4 
7 1 7 5 3 4 
8 4 2 0 1 3 
9 0 4 6 7 1 
10 0 1 3 2 5 
11 4 7 6 5 
12 5 1 7 0 6 4 
13 7 0 2 1 3 4 5 
14 6 2 7 3 4 1 
15 7 3 1 5 0 6 2 4 
16 0 7 5 4 6 
17 4 1 3 
18 3 7 2 0 6 4 
19 3 2 6 0 7 5 
20 3 2 0 1 5 
21 7 2 5 0 6 1 3 
22 3 7 5 4 1 
23 6 2 1 3 0 5 4 
24 1 7 2 3 0 6 4 
25 7 4 0 6 3 
26 0 7 6 5 
27 6 3 0 1 
28 0 1 2 3 
29 1 0 2 3 4 5 
30 7 0 3 2 1 
31 5 3 0 1 
32 7 1 2 3 0 
33 7 1 6 0 5 
34 1 7 0 6 5 4 
35 1 0 3 2 5 
36 7 1 0 6 5 4 
37 5 7 6 
38 2 3 0 1 
39 0 4 2 3 1 5 
40 1 3 5 6 7 2 
41 2 3 5 6 7 1 
42 3 0 2 1 
43 5 3 6 7 2 1 
44 0 3 1 4 2 5 
45 4 0 5 1 2 
46 4 3 7 1 5 0 6 2 
47 7 6 5 4 
48 2 7 6 5 4 
49 4 2 0 1 3 
50 1 0 2 3 
51 3 7 6 1 2 5 
52 7 0 2 3 1 
53 4 0 2 3 1 
54 5 7 0 4 6 1 3 
55 0 7 3 6 1 2 5 
56 0 4 7 6 3 
57 0 3 2 1 
58 7 1 6 0 5 
59 4 7 5 6 0 
60 2 7 5 0 6 1 3 
61 0 4 5 
62 2 5 7 6 4 
63 6 1 3 5 4 
64 2 0 1 3 
65 7 6 5 4 
66 5 2 1 3 4 
67 3 4 5 
68 0 2 3 1 
69 5 1 0 4 
70 5 6 7 4 0 1 
71 1 2 7 3 4 
72 4 1 7 0 6 5 
73 0 5 4 1 7 
74 0 2 1 3 4 5 
75 4 3 5 2 0 
76 5 7 6 1 
77 7 6 5 
78 6 4 7 1 5 0 
79 7 2 0 1 3 5 
80 0 6 5 7 4 1 
81 4 3 5 2 0 
82 3 4 7 1 0 
83 3 5 2 0 1 4 
84 3 6 7 5 4 
85 7 1 0 5 
86 3 2 6 0 7 5 
87 6 5 7 1 
88 1 6 7 3 4 5 
89 7 6 5 
90 0 4 6 7 5 
91 6 4 7 1 
92 0 1 3 2 5 
93 1 7 0 4 6 3 
94 7 0 1 5 
95 5 3 1 0 2 4 
96 7 5 6 4 
97 7 4 1 
98 1 2 3 0 5 4 
99 1 4 6 7 0 
100 7 4 1 
101 5 3 1 0 2 4 
102 2 7 3 6 1 5 
103 0 7 6 5 4 
104 1 4 3 5 2 0 
105 2 7 6 5 4 
106 3 4 7 0 6 
107 5 4 0 1 
108 0 4 5 7 2 3 
109 4 3 7 1 5 0 6 2 
110 4 1 7 0 6 5 
111 7 5 3 1 0 2 4 
112 2 4 3 1 7 5 
113 4 2 0 1 3 5 
114 0 4 7 1 
115 3 7 6 5 4 
116 7 1 0 5 
117 5 4 3 2 1 7 
118 5 0 1 4 2 
119 0 2 1 
120 1 4 5 0 
121 0 4 7 1 
122 7 5 2 0 3 1 4 
123 4 6 5 7 0 1 
124 2 6 0 7 3 5 
125 0 5 4 1 7 
126 2 6 7 3 4 5 
127 6 2 0 7 3 5 
128 2 1 7 0 6 5 4 
129 7 5 6 4 
130 4 3 
131 3 1 2 0 
132 0 1 5 
133 5 4 7 1 0 
134 5 1 7 0 6 4 
135 1 5 7 6 4 
136 4 7 1 5 0 
137 0 7 2 5 6 1 3 
138 0 5 1 4 2 
139 4 7 2 5 0 6 1 3 
140 5 3 6 2 7 1 
141 7 0 5 1 4 2 
142 6 1 4 3 
143 7 3 0 1 
144 0 4 7 6 3 
145 4 3 6 2 7 1 5 
146 3 4 
147 3 6 2 7 1 5 
148 2 6 7 3 4 5 
149 7 2 1 3 0 5 4 
150 3 7 6 5 4 
151 6 7 4 5 
152 1 7 6 5 4 
153 7 5 6 4 
154 0 2 1 3 5 4 
155 6 4 0 7 5 
156 0 7 6 4 5 
157 1 3 5 4 
158 7 0 5 1 4 2 
159 7 1 4 3 
160 7 5 3 4 1 
161 7 5 6 4 
162 1 5 3 0 2 4 
163 1 3 5 4 
164 7 4 2 3 0 1 5 
165 5 7 3 6 1 2 
166 2 5 4 1 7 0 
167 0 4 2 3 1 5 
168 1 3 0 
169 2 1 0 5 
170 3 2 1 4 5 
171 5 6 7 4 
172 0 7 6 4 5 
173 4 7 2 3 0 6 
174 4 7 0 6 3 
175 7 0 1 6 5 
176 2 4 6 7 1 0 
177 4 3 6 2 7 1 5 
178 1 4 7 0 
179 3 5 7 6 1 
180 7 4 1 5 0 
181 4 2 1 3 5 
182 5 2 0 1 
183 0 2 7 3 4 1 
184 0 3 7 1 5 6 2 4 
185 0 5 3 1 2 4 
186 7 4 0 6 5 
187 4 0 1 5 
188 2 4 3 1 7 5 
189 0 5 1 4 3 
190 2 4 0 6 7 5 
191 6 7 5 4 
192 2 4 3 1 7 5 
193 7 6 3 4 5 
194 7 4 5 0 2 3 
195 3 7 2 0 6 4 
196 0 2 1 
197 5 4 
198 5 4 7 1 0 
199 1 7 3 6 2 5 
200 4 1 7 0 6 5 
201 1 5 3 0 2 4 
202 0 7 2 5 6 1 3 
203 4 1 2 3 0 
204 5 1 0 
205 7 6 3 4 5 
206 6 2 0 1 
207 7 3 4 
208 1 3 4 
209 4 7 6 5 
210 3 7 6 5 4 
211 3 5 0 1 4 
212 3 0 2 1 
213 7 5 3 4 1 
214 3 1 2 5 
215 6 7 2 5 0 1 3 
216 2 6 7 5 4 
217 7 1 2 3 5 
218 0 4 7 6 5 2 
219 6 5 3 1 0 2 4 
220 0 6 7 3 4 5 
221 1 7 0 4 6 3 
222 7 0 5 1 4 2 
223 5 4 7 1 0 
224 7 0 1 3 2 5 
225 7 4 1 
226 1 5 4 7 0 
227 1 7 5 4 6 0 
228 7 2 5 0 6 1 3 
229 5 0 1 3 2 
230 2 0 3 1 
231 0 7 6 5 4 
232 1 2 0 3 5 
233 2 4 3 5 0 
234 3 2 0 1 5 
235 5 7 0 1 6 
236 0 4 6 7 5 
237 4 3 7 1 5 0 6 2 
238 4 1 2 3 5 
239 7 2 3 4 1 
240 2 7 3 6 1 5 
241 4 2 6 0 7 3 5 
242 1 4 5 
243 3 2 7 4 1 
244 7 4 1 5 0 
245 4 0 6 7 5 
246 5 4 7 1 0 
247 0 4 2 3 1 5 
248 0 5 2 3 1 4 
249 0 1 3 5 4 
250 7 1 6 0 5 
251 4 3 2 1 7 5 
252 3 5 7 6 1 
253 3 4 7 1 5 0 
254 2 1 3 4 5 
255 6 2 1 3 0 5 4 
256 2 6 7 3 4 5 
257 6 4 5 0 7 2 3 
258 4 7 1 5 0 
259 3 6 5 7 4 0 1 
260 1 2 0 3 
261 5 4 0 7 2 3 
262 5 4 3 2 0 
263 2 5 4 1 7 0 
264 4 7 6 5 
265 0 2 1 3 
266 3 7 1 6 0 5 
267 4 3 5 6 7 2 1 
268 6 2 0 1 
269 7 6 5 4 
270 6 4 7 1 
271 7 0 1 3 2 5 
272 0 1 5 
273 4 1 2 3 5 
274 3 1 0 5 
275 3 7 6 4 5 
276 3 2 0 1 
277 5 4 7 0 6 3 
278 3 7 1 6 0 5 
279 6 7 5 4 
280 1 2 0 
281 7 2 3 4 1 
282 3 5 4 1 7 0 
283 6 5 7 4 0 1 
284 0 3 5 4 7 2 
285 1 2 3 5 
286 5 4 0 6 7 
287 5 0 1 4 3 
288 5 1 0 4 
289 5 1 0 4 
290 1 7 2 3 0 6 4 
291 1 5 0 4 3 
292 6 4 2 3 0 1 5 
293 5 7 6 4 
294 2 3 4 
295 3 6 5 7 4 0 1 
296 1 4 5 0 
297 3 2 0 1 5 
298 3 4 7 1 5 0 
299 5 7 6 4 
300 1 2 0 3 5 
301 2 3 1 4 5 
302 4 7 6 5 
303 7 4 3 2 1 5 
304 2 0 1 3 
305 5 7 2 0 6 1 3 
306 2 1 3 5 4 
307 3 4 7 0 6 
308 5 4 7 6 2 
309 4 7 6 5 
310 5 7 4 6 0 
311 0 7 2 5 6 1 3 
312 0 3 2 1 
313 0 1 3 5 4 
314 7 2 0 1 
315 4 7 6 5 
316 3 2 1 0 5 4 
317 0 4 7 1 
318 2 0 1 5 
319 6 5 4 1 7 0 
320 2 4 3 1 7 5 
321 7 2 0 1 
322 4 2 0 1 3 5 
323 3 7 1 5 0 6 2 4 
324 0 1 4 3 
325 7 6 5 4 
326 5 7 1 6 0 
327 1 0 2 3 
328 4 1 0 5 
329 1 6 7 3 4 5 
330 1 7 0 4 6 3 
331 5 0 1 4 3 
332 5 3 1 0 2 4 
333 7 1 0 5 
334 6 7 5 4 0 
335 7 0 3 2 1 
336 3 5 0 1 4 
337 5 2 6 0 7 3 
338 3 5 2 0 1 4 
339 3 0 1 2 5 
340 3 1 5 0 4 
341 7 4 6 5 2 
342 3 0 2 1 
343 6 7 2 3 0 4 
344 1 0 3 2 5 
345 7 6 5 4 0 1 
346 0 4 6 7 5 
347 6 4 7 1 5 0 
348 0 4 3 5 2 
349 1 2 0 3 5 
350 5 0 1 
351 5 7 6 4 
352 5 1 2 3 
353 6 1 4 3 
354 1 4 7 0 
355 1 0 2 3 4 5 
356 7 3 4 
357 5 7 2 3 0 6 4 
358 2 4 7 1 5 0 
359 0 7 4 6 1 3 
360 1 5 0 4 
361 2 5 4 1 7 0 
362 2 3 7 1 5 0 6 4 
363 5 4 7 1 0 
364 0 3 1 
365 4 3 6 2 7 1 5 
366 4 6 7 1 0 
367 7 0 2 3 1 
368 2 3 5 4 7 
369 4 0 5 1 2 
370 1 2 0 3 
371 3 0 1 5 
372 5 3 7 1 0 6 2 4 
373 5 2 1 3 4 
374 5 6 7 4 
375 1 4 7 5 0 
376 0 3 5 4 7 2 
377 0 7 1 6 5 
378 7 5 4 1 0 
379 4 7 6 5 
380 2 5 7 6 4 
381 0 4 7 6 5 2 
382 2 1 3 4 5 
383 6 1 3 5 4 
384 2 4 5 0 1 
385 5 7 6 4 
386 4 2 1 3 5 
387 3 4 7 1 
388 1 4 7 0 6 3 
389 5 0 2 3 1 
390 5 0 2 3 1 
391 2 3 0 1 
392 4 7 1 6 0 5 
393 0 5 7 6 1 
394 1 0 3 2 5 
395 4 5 1 7 0 
396 5 7 3 4 1 
397 7 3 5 6 2 1 
398 6 4 5 0 1 
399 7 5 0 1 4 3 
400 0 6 7 5 4 
401 4 5 0 7 2 3 
402 3 1 2 0 
403 3 1 2 0 
404 3 2 0 1 
405 6 4 7 1 0 
406 3 4 5 
407 6 4 5 0 7 2 3 
408 1 0 2 3 4 5 
409 7 1 5 0 4 
410 0 3 2 1 
411 6 4 7 1 
412 0 3 5 4 7 2 
413 1 7 6 5 4 
414 7 1 4 3 
415 5 7 6 4 
416 7 0 2 3 1 
417 6 4 2 3 0 1 5 
418 1 7 6 5 4 
419 1 7 0 4 6 3 
420 7 4 6 5 2 
421 5 4 7 6 2 
422 2 7 3 4 1 
423 1 7 6 4 5 
424 1 4 6 7 0 
425 2 4 3 5 0 
426 3 1 4 2 5 
427 5 1 3 4 
428 0 4 7 6 3 
429 4 2 7 3 1 
430 4 2 3 0 1 5 
431 6 7 5 
432 2 0 1 
433 4 2 0 3 1 
434 0 7 2 3 6 4 
435 3 2 1 0 5 4 
436 7 6 5 4 
437 4 5 2 0 3 1 
438 5 7 6 1 
439 0 7 4 6 1 3 
440 0 2 1 
441 1 4 3 
442 7 4 3 2 1 5 
443 4 7 0 6 1 3 
444 2 0 3 1 
445 0 4 7 1 5 
446 3 4 
447 6 0 5 1 4 2 
448 2 4 3 5 0 
449 7 4 1 5 0 
450 4 6 5 7 0 1 
451 3 6 2 7 1 5 
452 0 7 6 4 5 
453 5 4 3 2 1 7 
454 5 7 6 4 
455 1 4 3 5 2 0 
456 4 5 0 7 2 3 
457 0 5 2 3 1 4 
458 0 4 3 5 2 
459 4 1 7 0 6 5 
460 5 2 1 3 4 
461 7 0 1 6 5 
462 6 1 0 5 
463 7 1 6 0 5 
464 0 4 5 1 
465 4 6 7 5 
466 3 1 5 0 4 
467 3 5 1 0 2 4 
468 3 5 6 7 2 1 
469 7 0 1 6 5 
470 3 5 4 7 2 
471 6 0 1 3 2 5 
472 1 5 7 6 4 
473 7 5 4 6 0 
474 0 2 1 
475 6 3 7 1 5 0 2 4 
476 0 7 6 5 
477 1 0 2 3 4 5 
478 7 4 1 5 0 
479 5 7 6 1 
480 6 4 7 0 3 
481 7 5 3 1 0 2 4 
482 1 2 7 3 4 
483 1 2 7 3 4 
484 7 3 5 4 2 
485 5 1 2 3 0 
486 2 3 6 7 1 5 
487 0 4 3 2 1 7 5 
488 1 6 5 7 4 0 
489 2 7 5 0 6 1 3 
490 3 7 1 6 0 5 
491 5 6 7 4 0 1 
492 0 2 1 3 5 
493 4 2 0 1 3 5 
494 4 6 7 5 
495 7 4 1 
496 2 7 0 1 6 5 
497 4 7 5 6 0 
498 1 3 7 5 0 6 2 4 
499 3 4 2 1 7 5 
500 7 2 0 1 3 
501 4 6 7 5 
502 5 3 1 4 2 
503 0 7 1 6 5 
504 0 4 5 
505 0 2 1 3 4 5 
506 7 3 5 6 2 1 
507 4 2 0 3 1 
508 2 7 5 4 6 0 
509 0 3 1 
510 2 1 3 5 
511 6 2 0 7 3 5 
512 2 4 7 6 5 
513 7 6 5 4 0 1 
514 4 7 6 5 
515 3 7 0 4 6 1 
516 0 4 3 5 2 
517 5 3 4 7 2 
518 5 4 3 2 0 
519 1 4 7 6 5 2 
520 4 6 7 1 0 
521 0 4 2 3 1 5 
522 0 4 3 2 1 7 5 
523 4 7 6 5 
524 5 3 1 0 2 4 
525 7 5 4 6 0 
526 6 3 4 
527 7 0 1 3 2 5 
528 0 4 5 7 2 3 
529 4 3 0 1 
530 3 7 6 5 4 
531 1 5 0 4 
532 3 4 7 0 6 
533 7 6 4 5 
534 3 0 1 5 
535 6 1 2 3 5 
536 1 3 7 5 0 6 2 4 
537 7 3 6 2 1 5 
538 0 4 7 1 5 
539 6 1 7 0 5 4 
540 0 1 2 3 
541 1 2 6 0 7 3 5 
542 7 4 6 1 0 
543 5 2 0 3 1 
544 7 4 1 0 
545 7 2 0 3 1 
546 1 7 3 6 2 5 
547 1 2 7 3 4 
548 7 1 5 0 4 
549 5 4 7 6 2 
550 2 1 3 0 5 4 
551 0 1 5 4 
552 1 5 7 6 4 
553 2 0 1 3 5 
554 3 5 7 6 4 
555 5 7 3 6 1 2 
556 0 2 3 1 
557 4 7 0 6 1 3 
558 4 0 3 2 1 
559 7 2 0 3 1 
560 2 3 5 4 7 
561 4 5 2 0 3 1 
562 1 7 2 5 0 6 3 
563 3 4 5 
564 6 7 5 4 
565 4 1 7 0 6 5 
566 5 4 0 7 2 3 
567 0 7 6 5 4 
568 0 7 2 3 6 4 
569 0 1 2 3 
570 7 0 1 5 
571 4 5 
572 2 1 7 0 6 5 4 
573 0 4 6 7 5 
574 2 7 3 6 1 5 
575 6 1 4 3 
576 2 4 7 1 
577 7 1 4 3 
578 4 7 2 3 0 6 
579 3 4 7 6 5 2 
580 0 1 5 4 
581 5 1 0 4 
582 5 7 6 4 
583 1 7 6 4 5 
584 4 7 0 6 3 
585 0 7 6 4 5 
586 0 4 5 7 2 3 
587 4 0 2 3 1 
588 5 2 1 3 0 4 
589 7 3 0 1 
590 6 4 3 5 2 0 
591 7 5 6 4 
592 0 6 5 7 4 1 
593 4 2 7 3 1 
594 3 0 1 5 
595 3 5 1 0 2 4 
596 3 4 5 
597 7 2 3 0 6 4 
598 3 2 0 1 
599 6 1 2 3 0 
600 1 4 7 5 0 
601 7 3 5 6 2 1 
602 1 3 6 2 7 5 
603 6 4 7 0 3 
604 0 2 3 1 
605 1 2 0 3 
606 7 4 5 
607 5 7 0 1 6 
608 7 4 0 6 5 
609 7 6 3 4 5 
610 1 0 2 3 4 5 
611 1 2 3 5 
612 7 4 6 1 0 
613 5 1 4 3 
614 2 3 0 1 
615 0 1 2 3 5 
616 1 6 7 3 4 5 
617 2 4 6 7 1 0 
618 3 4 5 
619 5 4 3 2 1 7 
620 0 6 7 3 4 5 
621 4 1 3 5 
622 4 7 1 5 0 
623 7 0 4 6 1 3 
624 2 7 3 0 6 4 
625 4 7 2 3 0 6 
626 1 4 3 
627 3 4 7 1 5 0 
628 7 5 6 1 
629 4 1 2 3 0 
630 5 1 2 3 0 
631 0 5 7 6 1 
632 0 7 5 3 4 1 
633 0 1 7 6 5 4 
634 7 6 3 4 5 
635 4 2 1 3 5 
636 2 5 3 1 0 4 
637 1 7 0 6 5 
638 2 0 1 3 4 5 
639 6 0 3 2 1 
640 2 1 3 0 5 4 
641 7 3 6 1 2 5 
642 4 3 7 1 5 0 6 2 
643 3 7 5 4 1 
644 0 2 1 3 4 5 
645 5 7 6 4 
646 5 3 6 2 7 1 
647 1 4 2 3 0 5 
648 4 0 6 7 5 
649 0 4 7 1 
650 0 5 7 6 1 
651 4 2 0 1 
652 5 2 6 0 7 3 
653 7 6 5 
654 6 2 0 1 3 5 
655 7 5 4 6 0 
656 0 2 1 3 
657 4 3 5 6 7 2 1 
658 3 2 0 1 5 
659 3 0 1 
660 3 5 2 0 1 4 
661 7 5 0 1 4 3 
662 3 4 0 6 7 5 
663 6 5 7 4 
664 1 4 5 0 
665 7 6 4 5 
666 0 3 1 4 2 5 
667 6 1 5 0 4 
668 0 1 2 3 
669 1 3 5 4 
670 7 2 0 1 
671 7 2 1 3 0 5 4 
672 7 6 4 5 
673 7 4 5 0 2 3 
674 1 0 5 
675 1 5 2 0 3 4 
676 7 2 0 1 
677 5 0 1 3 2 
678 2 5 0 3 1 4 
679 0 4 3 2 1 7 5 
680 1 0 5 
681 2 7 0 1 6 5 
682 3 2 1 0 5 4 
683 5 7 2 3 0 6 4 
684 0 7 5 4 6 
685 4 3 
686 4 0 5 1 2 
687 7 3 1 5 0 6 2 4 
688 2 5 0 3 1 4 
689 4 2 0 1 3 
690 1 4 7 5 0 
691 3 4 5 
692 7 3 6 1 2 5 
693 4 2 1 3 0 5 
694 5 4 7 1 0 
695 0 2 6 7 3 5 
696 0 3 2 1 
697 0 7 1 6 5 
698 7 6 5 
699 4 7 6 5 2 
700 2 7 3 6 1 5 
701 0 5 2 3 1 4 
702 2 7 6 5 4 
703 6 1 5 0 4 
704 2 0 3 1 
705 7 3 6 2 1 5 
706 4 7 0 1 6 5 
707 3 2 0 1 
708 0 7 1 6 5 
709 5 1 2 3 
710 5 6 7 4 
711 1 6 5 7 4 0 
712 4 7 1 
713 0 2 1 3 4 5 
714 0 1 4 3 
715 4 0 3 2 1 
716 5 0 1 3 2 
717 7 3 5 4 2 
718 6 4 7 1 0 
719 7 2 6 0 3 5 
720 0 5 1 4 2 
721 4 7 0 6 1 3 
722 3 7 6 5 4 
723 3 2 0 1 
724 3 1 5 4 
725 7 4 1 5 0 
726 3 0 1 2 5 
727 6 4 5 0 1 
728 1 5 0 4 3 
729 7 4 5 0 1 
730 0 7 6 5 4 
731 6 7 1 0 5 
732 0 4 5 
733 1 5 0 4 3 
734 7 4 1 5 0 
735 5 3 6 7 2 1 
736 7 4 5 0 1 
737 7 3 4 
738 1 3 4 2 5 
739 1 0 2 3 
740 7 4 0 6 3 
741 5 7 3 4 1 
742 2 6 7 3 4 5 
743 0 4 5 1 
744 1 7 6 5 
745 2 0 1 5 
746 3 4 7 1 0 
747 5 2 0 1 3 
748 0 3 7 1 5 6 2 4 
749 4 5 3 1 0 2 
750 4 2 6 0 7 3 5 
751 6 4 7 1 0 
752 2 0 1 3 4 5 
753 4 7 6 5 
754 1 3 6 2 7 5 
755 3 6 7 5 4 
756 6 5 2 0 3 1 4 
757 4 1 3 5 
758 5 3 1 4 2 
759 0 4 6 7 1 
760 0 3 5 6 7 2 1 
761 0 7 6 5 
762 6 3 4 
763 4 7 0 1 6 5 
764 2 0 3 1 
765 0 7 6 5 4 
766 2 7 6 5 4 
767 6 1 2 3 0 
768 2 3 5 4 7 
769 6 0 2 1 3 4 5 
770 4 3 0 1 
771 3 5 0 1 4 
772 1 4 6 7 0 
773 5 7 3 4 1 
774 5 1 0 
775 1 4 7 0 
776 4 7 5 3 1 
777 1 0 2 3 
778 1 2 3 4 5 
779 4 6 5 7 0 1 
780 5 4 2 3 0 1 
781 6 7 2 3 0 4 
782 6 7 2 5 0 1 3 
783 6 5 7 4 0 1 
784 1 0 2 3 4 5 
785 4 7 6 5 
786 3 7 0 1 6 5 
787 1 5 4 7 0 
788 3 1 5 4 
789 6 0 1 5 
790 2 3 6 7 1 5 
791 6 7 0 4 1 3 
792 1 7 0 6 5 4 
793 6 7 5 
794 1 0 5 4 2 
795 6 3 5 4 7 2 
796 0 4 7 1 5 
797 1 3 4 2 5 
798 6 3 1 4 2 5 
799 5 3 1 4 2 
800 6 2 7 3 4 1 
801 6 3 5 7 2 1 
802 1 2 3 5 
803 1 0 5 
804 6 4 7 5 2 
805 5 4 0 7 2 3 
806 2 5 7 6 1 
807 1 0 3 2 
808 1 4 2 3 0 5 
809 2 6 0 7 3 5 
810 3 7 6 1 2 5 
811 5 4 0 6 7 
812 1 3 4 
813 4 3 5 7 2 
814 4 3 5 6 7 2 1 
815 6 3 5 7 2 1 
816 2 7 5 3 4 1 
817 4 5 2 0 3 1 
818 1 4 5 
819 3 0 2 1 
820 6 5 0 1 4 3 
821 4 2 1 3 5 
822 5 4 6 7 1 0 
823 1 5 4 7 0 
824 1 0 5 
825 1 7 6 0 5 
826 6 7 5 
827 4 5 0 1 3 
828 2 0 1 3 4 5 
829 1 4 2 3 0 5 
830 2 4 7 6 5 
831 6 4 7 0 3 
832 2 4 0 6 7 5 
833 6 4 7 0 3 
834 4 3 2 1 7 5 
835 3 0 5 1 4 2 
836 1 4 5 0 
837 5 4 
838 5 7 6 4 
839 2 4 6 7 1 0 
840 4 6 7 5 
841 1 3 6 2 7 5 
842 3 1 2 5 
843 4 7 5 6 0 
844 5 1 3 4 
845 6 0 1 5 
846 6 7 2 5 0 1 3 
847 6 4 7 1 0 
848 3 7 2 0 6 4 
849 4 7 6 5 
850 3 2 0 1 5 
851 3 5 0 1 4 
852 3 7 6 5 
853 6 7 5 4 
854 3 4 7 1 5 0 
855 6 7 5 3 4 1 
856 2 0 3 1 
857 6 4 2 3 0 1 5 
858 3 4 7 1 
859 6 2 0 1 3 
860 2 0 5 1 4 
861 3 6 2 7 1 5 
862 6 2 0 1 3 
863 5 4 7 6 2 
864 6 4 3 5 2 0 
865 6 4 7 1 5 0 
866 3 1 4 
867 2 6 0 7 3 5 
868 6 3 4 
869 5 6 7 3 4 
870 2 3 0 1 
871 3 4 
872 2 7 0 1 6 5 
873 2 4 3 5 0 
874 3 7 0 4 6 1 
875 5 4 7 1 
876 2 1 3 0 
877 4 7 1 5 0 
878 4 5 0 1 3 
879 6 7 5 
880 2 0 3 1 
881 4 1 5 0 
882 2 6 7 5 4 
883 3 1 7 0 6 5 4 
884 6 2 7 3 4 1 
885 4 3 1 2 5 
886 5 7 6 4 
887 2 3 1 4 5 
888 3 7 6 5 4 
889 2 3 5 4 7 
890 6 0 1 5 
891 4 5 1 7 0 
892 2 4 5 0 1 
893 3 5 2 0 1 4 
894 3 7 5 4 6 0 
895 6 4 5 0 1 
896 2 5 3 1 0 4 
897 5 4 1 7 0 
898 5 2 0 1 3 
899 2 5 0 1 4 3 
900 1 4 3 
901 5 4 7 6 2 
902 5 4 2 3 0 1 
903 1 5 7 6 
904 5 2 1 3 4 
905 1 2 0 
906 1 7 6 0 5 
907 6 4 3 5 2 0 
908 6 4 7 1 0 
909 6 3 2 7 1 5 
910 6 7 5 4 
911 6 7 3 1 2 5 
912 1 0 3 2 
913 6 7 1 0 5 
914 2 7 6 5 
915 2 7 5 4 6 0 
916 3 0 1 
917 5 7 3 4 1 
918 3 5 4 7 2 
919 6 1 0 5 
920 1 4 7 
921 6 4 7 1 0 
922 1 0 5 4 2 
923 6 2 0 3 1 
924 2 1 4 3 
925 2 1 3 5 
926 6 7 3 4 5 
927 5 3 1 4 2 
928 6 0 2 1 3 4 5 
929 5 4 0 6 7 
930 1 0 5 4 2 
931 2 4 7 1 5 0 
932 6 7 0 1 5 
933 5 2 0 1 
934 2 7 6 4 5 
935 3 7 2 5 0 6 1 
936 2 5 3 1 0 4 
937 3 4 7 1 0 
938 3 0 1 5 
939 6 7 4 5 
940 2 1 3 5 4 
941 2 3 5 6 7 1 
942 5 7 6 4 
943 6 0 1 3 2 5 
944 2 4 7 1 5 0 
945 6 3 5 4 7 2 
946 1 4 7 
947 2 0 1 3 
948 6 0 3 2 1 
949 4 7 5 3 1 
950 6 7 5 4 
951 2 4 7 6 5 
952 1 2 6 0 7 3 5 
953 2 4 5 0 7 3 
954 6 7 4 5 
955 5 1 3 4 
956 2 4 5 0 7 3 
957 1 7 0 6 5 
958 2 5 4 1 7 0 
959 6 5 7 1 
960 2 4 3 0 1 5 
961 6 1 5 0 4 
962 4 7 5 3 1 
963 3 2 6 0 7 5 
964 1 7 2 5 0 6 3 
965 5 7 0 4 6 1 3 
966 5 2 0 3 1 
967 1 4 5 0 
968 4 2 1 3 0 5 
969 1 3 0 
970 3 5 6 7 2 1 
971 4 0 2 1 3 5 
972 5 3 4 7 2 
973 6 0 5 1 4 2 
974 6 1 2 3 0 
975 6 1 2 3 5 
976 3 6 7 4 5 
977 4 5 0 7 2 3 
978 3 4 7 1 5 0 
979 3 4 5 0 7 2 
980 3 1 7 0 6 5 4 
981 6 7 0 4 1 3 
982 3 1 2 5 
983 6 4 5 0 1 
984 2 1 3 4 5 
985 6 7 5 4 0 
986 3 7 2 5 0 6 1 
987 6 2 0 1 3 5 
988 2 7 3 4 1 
989 3 7 6 5 4 
990 6 5 7 4 
991 5 7 6 1 
992 6 3 4 
993 6 2 1 3 4 5 
994 3 7 6 5 
995 2 5 7 6 4 
996 6 3 7 1 5 0 2 4 
997 5 4 
998 2 7 5 4 6 0 
999 2 7 3 6 1 5 
1000 2 5 4 1 7 0 
1001 2 7 0 1 6 5 
1002 3 7 5 4 1 
1003 5 6 7 4 0 1 
1004 2 7 6 5 4 
1005 4 1 3 
1006 4 3 1 2 5 
1007 6 4 2 3 0 1 5 
1008 2 3 1 4 5 
1009 4 1 0 5 
1010 2 7 3 6 1 5 
1011 3 0 2 1 4 5 
1012 6 3 4 
1013 4 6 7 5 
1014 6 5 2 0 3 1 4 
1015 2 7 3 4 1 
1016 2 4 0 6 7 5 
1017 2 5 7 6 1 
1018 6 4 7 1 0 
1019 4 3 2 1 7 5 
1020 2 1 0 5 
1021 5 2 1 3 0 4 
1022 5 4 7 1 0 
1023 6 3 7 1 5 0 2 4 
