0 2 1 5 
1 2 1 5 
2 7 1 0 2 3 4 
3 0 6 4 7 
4 6 1 5 
5 1 2 0 7 6 
6 5 1 2 0 6 7 
7 1 3 0 2 7 
8 0 2 3 1 6 7 
9 6 4 7 
10 6 3 0 1 
11 5 6 7 4 
12 7 2 4 5 
13 3 7 6 
14 1 3 2 5 4 
15 3 0 2 1 6 
16 2 1 0 4 6 
17 2 3 1 7 6 
18 0 1 4 7 5 
19 0 3 2 6 4 7 
20 0 3 1 4 5 
21 4 6 7 
22 3 1 5 
23 7 6 3 2 4 
24 4 6 7 
25 1 0 6 7 
26 7 3 2 6 5 
27 4 2 3 5 
28 1 0 3 4 5 
29 7 1 0 4 6 
30 6 1 0 3 2 4 
31 5 7 4 
32 3 0 1 6 7 
33 2 7 0 1 3 6 4 
34 2 6 3 7 4 
35 7 4 5 
36 7 1 3 0 2 
37 4 1 2 0 5 
38 2 7 6 
39 3 0 2 1 7 4 
40 6 0 2 1 3 
41 5 2 4 
42 1 0 2 6 
43 5 3 2 6 4 7 
44 3 1 2 0 6 
45 4 3 7 6 
46 7 1 2 0 5 4 
47 0 7 1 6 
48 6 4 5 7 
49 6 1 2 0 5 4 
50 3 1 0 5 4 
51 1 0 4 7 5 
52 4 1 7 0 2 5 
53 4 2 1 3 0 6 7 
54 4 6 3 2 7 
55 6 4 1 7 5 
56 6 2 1 3 0 7 
57 5 3 1 2 0 6 7 
58 3 2 6 5 
59 7 1 3 0 2 
60 0 3 1 2 6 7 
61 3 2 4 5 
62 5 1 
63 4 6 7 
64 2 3 4 6 
65 2 1 0 5 4 
66 7 1 2 0 5 4 
67 3 2 1 0 6 7 
68 6 1 3 2 0 
69 0 1 4 6 
70 5 3 0 1 6 
71 1 0 6 7 
72 1 2 3 4 5 
73 7 6 4 
74 6 3 2 4 
75 5 1 2 0 7 6 
76 7 2 4 1 0 3 5 
77 3 2 0 1 5 7 
78 1 4 5 7 
79 2 3 5 4 
80 2 6 3 7 4 
81 2 3 4 5 
82 0 6 7 
83 0 6 7 4 
84 0 3 1 4 5 
85 4 2 3 1 0 6 7 
86 0 3 2 7 6 
87 7 6 4 
88 5 1 4 7 0 2 
89 1 0 2 3 6 
90 7 1 3 0 2 
91 4 3 5 1 0 6 
92 1 2 3 0 6 7 
93 7 0 1 4 5 
94 6 2 3 7 
95 5 1 0 4 6 
96 3 2 1 6 
97 2 0 7 4 
98 2 3 0 1 5 7 
99 7 0 1 6 
100 7 0 1 4 5 
101 4 3 2 1 6 
102 2 6 7 
103 2 7 6 4 
104 6 0 3 1 4 5 
105 5 3 2 7 6 
106 1 4 7 5 
107 4 2 5 
108 3 1 2 0 6 7 
109 4 7 1 0 6 
110 7 2 1 4 0 5 6 
111 0 4 1 7 5 
112 6 2 1 3 0 7 
113 5 7 0 1 3 4 6 
114 3 7 4 
115 1 3 0 2 7 
116 4 2 3 5 
117 4 1 2 0 7 6 
118 4 1 0 3 2 6 
119 6 1 0 2 3 7 
120 5 4 7 
121 5 4 7 
122 3 2 4 6 7 
123 7 3 0 2 1 
124 0 3 2 1 7 
125 3 4 1 7 5 
126 5 0 4 
127 5 2 4 3 
128 2 3 6 4 7 
129 2 1 0 6 7 
130 7 1 2 0 6 
131 1 0 3 4 5 
132 6 1 2 0 5 4 
133 0 1 3 2 6 
134 5 3 1 0 4 6 
135 1 6 7 
136 1 2 3 0 6 
137 7 2 1 4 0 5 6 
138 6 0 1 7 
139 5 0 3 1 4 
140 7 3 0 2 1 
141 3 0 2 1 6 
142 1 2 3 0 6 7 
143 3 5 1 0 4 6 
144 2 1 4 0 5 6 
145 2 3 1 7 6 
146 0 3 2 4 6 
147 0 3 1 4 5 
148 0 1 4 7 2 5 
149 4 1 0 2 3 7 
150 0 2 4 5 
151 7 0 2 1 3 6 
152 4 7 0 1 3 6 
153 3 7 0 1 4 6 
154 7 1 5 
155 4 3 2 1 6 
156 1 3 2 7 6 
157 7 4 1 5 
158 5 7 0 1 3 4 6 
159 5 2 3 1 0 6 7 
160 3 7 6 
161 2 3 6 
162 2 4 5 
163 1 2 4 5 
164 7 6 4 
165 4 1 7 5 
166 2 0 1 6 
167 3 0 1 6 
168 6 0 1 2 
169 5 2 4 3 
170 1 7 6 
171 5 4 7 
172 3 0 7 4 
173 4 0 3 1 5 
174 5 7 0 1 3 6 4 
175 0 1 3 2 6 4 
176 6 2 3 4 7 
177 6 2 3 4 5 
178 3 4 5 7 
179 0 7 6 4 
180 4 1 0 2 3 7 6 
181 4 1 3 0 2 7 
182 4 5 7 
183 6 2 3 7 
184 4 1 2 0 5 
185 5 1 0 3 2 6 4 
186 2 7 6 
187 7 1 0 4 6 
188 0 1 2 7 6 
189 3 2 1 0 6 
190 5 2 3 6 7 
191 4 2 1 3 0 6 7 
192 2 1 3 0 6 
193 2 1 5 
194 6 2 3 1 0 7 
195 0 7 4 
196 6 3 0 2 1 7 4 
197 0 4 1 7 5 
198 4 2 3 6 7 
199 1 2 3 0 6 
200 2 3 6 7 
201 7 1 0 4 6 
202 6 3 2 7 4 
203 5 1 2 0 7 6 
204 7 3 2 0 1 5 
205 3 0 7 4 
206 0 1 2 3 4 7 
207 3 0 1 4 7 5 
208 2 3 7 6 
209 2 0 1 6 
210 0 7 4 
211 0 3 2 5 4 
212 0 4 5 7 
213 4 3 2 0 1 5 7 
214 0 2 3 4 6 7 
215 6 3 0 2 1 7 4 
216 4 0 1 6 7 
217 1 3 7 6 
218 7 1 4 0 2 5 
219 5 6 7 4 
220 1 3 2 7 6 
221 7 6 
222 6 1 3 2 0 
223 5 1 0 4 6 
224 3 2 6 5 
225 2 7 0 1 3 4 6 
226 2 0 5 4 
227 7 3 2 4 6 
228 6 2 1 0 3 
229 4 7 6 
230 2 0 1 6 7 
231 3 0 2 1 7 4 
232 6 1 0 2 3 7 
233 5 0 1 6 7 
234 1 3 2 0 5 7 
235 6 1 2 0 5 4 
236 3 1 0 2 7 6 
237 1 3 2 0 6 
238 6 4 7 
239 0 7 1 6 
240 6 3 2 1 7 
241 6 7 0 1 3 4 
242 3 1 0 2 6 4 
243 1 0 6 7 
244 4 2 1 0 5 6 
245 4 0 7 
246 4 2 3 1 0 6 
247 4 1 0 6 
248 5 7 6 
249 5 0 3 1 4 
250 3 4 1 7 5 
251 7 3 0 2 1 4 
252 0 2 3 6 
253 2 3 4 6 
254 5 6 4 7 
255 4 3 0 1 6 
256 2 7 1 0 6 
257 2 0 1 4 6 5 
258 7 3 2 0 1 5 
259 0 2 4 5 
260 6 2 3 
261 0 1 6 7 
262 5 2 1 0 3 6 
263 1 2 0 5 4 
264 1 2 0 3 6 
265 7 0 2 1 4 6 5 
266 7 2 1 3 0 6 
267 6 1 4 7 0 2 5 
268 7 4 5 
269 3 0 1 4 5 
270 1 7 6 4 
271 3 6 7 
272 2 1 0 3 4 7 
273 2 0 5 4 
274 0 3 2 4 5 
275 0 2 3 4 5 
276 2 3 1 0 6 7 
277 4 2 1 3 0 6 7 
278 0 4 5 7 
279 7 0 5 4 
280 4 2 3 5 
281 1 2 3 6 
282 7 0 4 
283 7 2 3 6 
284 1 2 3 4 6 7 
285 7 4 5 
286 5 7 1 0 6 
287 5 3 2 4 
288 1 0 3 4 5 
289 2 3 5 4 
290 2 1 0 6 7 
291 7 3 2 1 6 
292 7 0 1 6 
293 4 1 2 0 6 7 
294 2 1 5 
295 3 7 0 1 6 4 
296 6 0 2 1 3 
297 5 3 2 4 
298 1 0 6 7 
299 5 3 2 4 
300 3 7 1 0 6 
301 4 1 5 
302 7 2 4 5 
303 0 7 1 3 6 4 
304 6 0 2 1 3 
305 6 3 0 2 1 7 
306 3 0 2 1 7 4 
307 1 2 3 4 6 7 
308 6 2 3 1 0 
309 4 3 0 2 1 7 
310 4 3 2 1 6 
311 1 7 0 3 4 6 
312 4 2 3 6 7 
313 5 0 3 1 4 
314 3 2 6 7 
315 7 3 5 1 0 4 6 
316 0 1 2 3 4 7 
317 3 6 7 
318 5 7 1 0 6 
319 4 1 2 0 6 
320 2 1 5 
321 2 7 0 1 3 4 6 
322 7 6 4 
323 3 7 6 
324 6 2 3 4 5 
325 2 1 0 3 4 7 
326 3 0 2 1 7 
327 1 2 3 6 
328 2 3 0 1 6 
329 7 6 
330 6 3 0 1 
331 5 3 0 2 1 7 
332 7 6 3 2 4 
333 3 6 4 7 
334 1 2 0 6 7 
335 6 1 0 2 3 7 
336 0 3 2 6 4 7 
337 0 3 2 4 6 
338 3 7 4 
339 0 3 2 6 4 7 
340 1 3 2 0 6 7 
341 4 2 3 6 7 
342 0 1 5 4 
343 7 2 3 4 6 
344 4 3 5 1 0 6 
345 0 3 2 7 6 
346 7 2 3 1 0 6 
347 4 1 2 0 6 7 
348 1 3 7 6 
349 7 3 2 4 5 
350 6 3 2 5 
351 5 3 2 0 1 7 
352 3 2 5 4 
353 2 4 3 5 
354 3 1 2 0 6 7 
355 1 4 5 7 
356 7 0 1 3 6 4 
357 4 0 1 6 7 
358 2 1 4 0 5 6 
359 3 2 1 0 6 
360 6 3 0 2 1 7 
361 5 0 1 6 7 
362 1 2 3 4 6 7 
363 3 6 2 7 4 
364 6 2 3 
365 4 7 
366 7 1 2 0 4 6 
367 5 3 2 4 
368 5 6 7 
369 6 1 2 0 7 
370 1 7 6 4 
371 2 0 5 4 
372 4 3 1 2 0 6 7 
373 4 1 0 6 
374 4 1 0 3 2 6 
375 6 0 3 1 4 5 
376 5 6 4 7 
377 6 3 2 1 7 
378 3 0 5 4 
379 6 2 3 1 0 7 
380 0 4 1 5 7 
381 3 4 5 
382 5 3 2 6 4 7 
383 4 3 2 5 
384 2 0 1 6 
385 2 3 5 1 0 4 6 
386 7 1 2 0 6 
387 1 0 4 6 
388 1 0 2 3 7 6 
389 0 6 4 7 
390 5 2 1 4 0 6 
391 3 0 7 4 
392 1 3 2 6 5 
393 7 0 1 6 
394 3 4 1 5 7 
395 3 7 1 0 6 
396 2 1 0 4 6 
397 1 0 2 4 6 5 
398 3 7 6 4 
399 2 6 7 4 
400 2 3 6 
401 2 3 5 4 
402 1 0 2 6 
403 6 2 3 1 0 7 
404 0 3 1 2 6 7 
405 4 3 0 2 1 7 
406 1 2 0 7 6 
407 0 1 3 2 6 4 
408 2 3 0 1 5 7 
409 3 2 6 7 
410 3 0 1 6 
411 4 2 3 1 0 6 7 
412 6 3 0 1 
413 1 7 6 4 
414 6 7 0 1 3 4 
415 7 2 4 1 0 3 5 
416 6 4 1 5 7 
417 2 4 1 5 7 
418 3 0 1 4 5 
419 7 2 3 4 5 
420 1 0 6 7 
421 4 1 2 0 6 7 
422 2 0 1 4 6 5 
423 6 2 4 3 5 
424 0 3 1 4 5 
425 5 3 0 2 1 7 
426 2 6 7 4 
427 5 2 4 
428 2 4 5 7 
429 1 2 3 4 5 
430 5 7 4 
431 2 1 3 0 6 
432 5 4 
433 5 3 2 1 6 
434 5 3 1 0 4 6 
435 5 3 1 2 0 6 7 
436 4 5 7 
437 4 2 3 6 7 
438 4 3 5 1 0 6 
439 4 1 0 2 3 7 
440 5 7 6 
441 4 1 3 0 2 7 
442 3 4 1 5 7 
443 4 0 2 1 6 5 
444 0 3 5 1 4 6 
445 3 2 4 5 
446 5 0 3 1 4 
447 4 1 3 2 0 6 
448 2 7 6 4 
449 2 3 4 5 
450 7 0 2 1 4 6 5 
451 0 3 1 4 5 
452 6 2 1 4 0 5 
453 0 4 5 
454 5 2 3 4 6 7 
455 1 3 2 0 5 7 
456 1 2 3 6 7 
457 7 0 3 1 4 5 
458 6 1 2 0 5 4 
459 5 7 6 
460 7 0 3 1 4 5 
461 3 2 1 7 6 
462 1 3 2 0 5 7 
463 3 4 5 
464 2 3 1 7 6 
465 2 3 7 6 
466 0 1 6 7 
467 0 1 3 2 7 
468 0 1 2 6 
469 4 1 0 6 
470 0 2 4 5 
471 7 0 4 
472 4 1 5 7 
473 1 0 6 7 
474 7 2 3 6 
475 4 0 1 6 7 
476 1 3 0 2 7 
477 6 3 7 
478 6 3 0 1 
479 5 6 3 2 7 4 
480 3 0 1 6 7 
481 2 1 4 7 0 5 
482 2 0 1 4 7 5 
483 7 0 3 1 4 5 
484 7 1 0 2 3 4 
485 4 0 3 1 5 
486 2 1 0 5 4 
487 3 6 2 7 4 
488 6 2 1 3 0 7 
489 5 3 2 1 6 
490 1 0 2 3 4 7 
491 5 7 0 1 3 6 4 
492 3 1 2 0 7 6 
493 4 1 0 3 2 6 
494 7 2 4 5 
495 0 3 2 1 7 4 
496 6 7 4 
497 6 3 0 1 
498 2 0 1 4 7 5 
499 1 3 2 6 
500 4 6 7 
501 4 3 0 2 1 7 
502 4 3 2 1 7 6 
503 6 0 1 7 
504 5 6 4 7 
505 5 1 0 4 
506 3 1 2 0 7 6 
507 7 4 
508 0 6 7 4 
509 3 2 4 5 
510 5 0 2 1 4 6 
511 4 2 3 1 0 6 
512 2 4 5 
513 2 3 1 0 6 7 
514 7 1 3 0 2 
515 0 7 4 
516 6 3 2 4 5 
517 0 2 3 1 6 7 
518 5 3 2 0 1 7 
519 0 3 2 1 7 4 
520 1 6 7 
521 7 2 3 4 6 
522 6 7 0 1 3 4 
523 5 1 0 3 2 6 4 
524 7 1 2 0 4 6 
525 3 7 6 
526 1 2 0 4 6 
527 3 1 2 0 6 
528 0 2 1 3 6 
529 2 6 3 7 4 
530 0 3 2 6 4 7 
531 0 7 1 6 
532 0 2 1 3 6 7 
533 4 3 2 6 5 
534 0 2 4 1 3 5 7 
535 7 4 5 
536 4 1 2 0 7 6 
537 1 3 2 0 6 
538 7 2 3 4 6 
539 4 7 
540 1 2 3 0 6 7 
541 7 6 3 2 4 
542 6 3 2 7 4 
543 4 3 2 1 6 
544 3 0 7 4 
545 2 4 1 7 5 
546 2 3 1 0 6 7 
547 7 0 1 4 5 
548 7 0 4 
549 4 3 2 6 7 
550 2 3 5 4 
551 3 0 2 1 6 
552 6 3 0 2 1 7 
553 5 3 2 1 6 
554 1 2 4 3 5 
555 5 4 1 7 
556 3 1 0 2 6 4 
557 4 3 2 1 6 
558 7 2 4 3 5 
559 0 1 4 6 
560 6 1 2 0 7 
561 6 7 0 1 3 4 
562 3 2 6 
563 1 6 7 4 
564 4 3 2 1 7 6 
565 4 3 0 2 1 7 
566 4 2 3 1 0 6 
567 6 0 5 4 
568 5 1 0 4 
569 5 1 2 0 4 6 
570 3 2 1 0 6 
571 7 0 4 
572 0 2 3 1 6 
573 3 2 5 4 
574 5 0 1 2 6 
575 4 1 2 0 5 
576 2 1 0 3 4 7 
577 2 4 5 
578 7 3 1 2 0 6 
579 0 4 1 7 5 
580 6 3 2 1 
581 0 2 4 1 3 5 7 
582 5 1 2 0 4 6 
583 1 0 5 4 
584 1 3 0 2 7 4 
585 7 6 4 
586 6 3 0 1 
587 5 3 2 1 7 6 
588 7 0 2 1 4 6 5 
589 3 1 0 2 4 7 
590 1 3 0 2 7 4 
591 3 7 6 
592 2 3 4 6 7 
593 2 6 3 7 4 
594 0 7 6 
595 0 3 5 1 4 6 
596 0 3 2 4 5 
597 6 3 2 7 
598 0 1 4 7 2 5 
599 7 1 0 6 
600 4 3 7 6 
601 1 0 4 6 
602 7 0 5 4 
603 4 0 3 1 5 
604 1 3 2 0 6 7 
605 7 3 2 6 
606 6 1 3 2 0 
607 5 1 4 7 0 2 
608 2 1 0 7 6 
609 2 3 0 1 5 7 
610 2 0 1 3 6 
611 7 6 
612 7 2 4 1 0 3 5 
613 4 1 7 0 2 5 
614 2 1 3 0 7 
615 3 6 7 
616 6 2 1 4 0 5 
617 5 6 7 
618 1 0 2 3 6 
619 5 7 6 
620 3 2 0 1 5 7 
621 4 1 5 7 
622 7 2 4 3 5 
623 0 3 1 6 
624 6 3 2 4 7 
625 6 0 2 1 4 5 
626 3 1 2 0 6 
627 1 7 0 3 4 6 
628 4 1 0 3 2 6 
629 4 7 0 1 3 6 
630 4 0 7 
631 6 2 3 7 
632 5 7 1 0 6 
633 5 1 
634 3 1 5 
635 7 1 2 0 4 6 
636 0 1 4 7 2 5 
637 3 1 2 0 7 6 
638 5 2 3 6 
639 4 3 2 6 
640 2 3 5 4 
641 2 0 1 6 7 
642 7 0 4 
643 0 1 2 5 4 
644 6 3 2 4 5 
645 0 3 1 4 5 
646 5 6 7 4 
647 1 3 2 0 5 7 
648 1 6 4 7 
649 7 1 5 
650 7 0 4 
651 5 4 1 7 
652 7 0 1 3 4 6 
653 3 0 1 4 5 
654 1 3 0 2 7 
655 3 0 1 4 5 
656 2 1 3 0 6 
657 2 0 1 3 6 
658 0 1 2 6 
659 0 7 1 3 4 6 
660 0 2 3 1 6 
661 4 1 7 5 
662 0 2 1 4 6 5 
663 7 3 2 6 4 
664 4 1 0 2 3 7 
665 1 3 0 2 7 
666 7 3 2 6 5 
667 4 3 0 1 6 
668 1 3 2 6 4 7 
669 7 2 1 3 0 6 
670 6 3 2 4 7 
671 5 2 4 
672 3 2 4 5 
673 2 1 4 7 0 5 
674 2 1 0 7 6 
675 7 2 4 1 0 3 5 
676 7 2 1 3 0 6 
677 4 7 
678 2 4 3 5 
679 3 1 0 5 4 
680 6 7 
681 5 3 2 7 6 
682 1 2 3 0 6 7 
683 5 2 4 3 
684 3 2 6 5 
685 4 3 2 5 
686 7 1 2 0 6 
687 0 2 4 1 3 5 7 
688 6 1 0 2 3 7 
689 6 1 4 7 0 2 5 
690 3 0 1 6 7 
691 1 7 4 
692 4 7 
693 4 2 3 6 
694 4 2 1 0 3 5 7 
695 6 1 2 0 4 
696 5 3 1 0 4 6 
697 5 3 2 6 
698 3 1 0 2 6 4 
699 7 2 4 3 5 
700 0 1 4 7 5 
701 3 2 1 4 0 5 6 
702 5 1 0 4 
703 4 0 1 2 6 
704 2 1 0 3 6 
705 2 7 1 0 6 
706 7 0 1 2 6 
707 0 3 2 7 6 
708 6 7 
709 0 1 2 3 4 7 
710 5 1 2 0 6 7 
711 1 0 3 4 5 
712 1 0 4 6 
713 7 1 5 
714 6 7 4 
715 5 1 0 4 
716 6 3 7 
717 3 2 1 0 6 
718 1 0 5 4 
719 3 2 4 5 
720 2 0 1 6 
721 2 4 1 5 7 
722 0 1 2 4 6 
723 0 4 5 7 
724 0 2 3 6 
725 4 5 
726 0 3 2 4 6 
727 7 3 2 1 6 
728 4 1 2 0 7 6 
729 1 3 2 0 5 7 
730 7 0 1 3 4 6 
731 4 3 2 1 7 6 
732 1 0 6 7 
733 7 3 2 6 
734 6 3 2 4 5 
735 5 7 4 
736 3 5 1 0 4 6 
737 2 1 3 0 7 
738 2 1 0 3 6 
739 7 0 1 4 5 
740 7 0 5 4 
741 4 7 
742 2 1 3 0 7 
743 3 2 6 5 
744 6 2 1 4 0 5 
745 5 2 1 0 3 6 
746 1 2 0 3 6 
747 5 3 0 2 1 7 4 
748 3 0 2 1 4 6 5 
749 4 7 6 
750 7 3 0 2 1 
751 1 7 0 3 6 4 
752 6 4 1 7 5 
753 6 2 3 1 0 
754 3 1 0 2 7 
755 1 4 5 
756 4 1 0 6 
757 4 6 3 2 7 
758 4 3 5 1 0 6 
759 6 7 0 1 3 4 
760 5 2 4 1 0 3 7 
761 5 0 1 6 7 
762 3 2 1 0 6 7 
763 7 0 1 3 6 4 
764 0 3 2 6 5 
765 3 2 0 1 5 7 
766 5 7 6 
767 7 1 0 2 3 4 
768 2 3 4 6 
769 2 3 4 6 
770 7 6 
771 0 2 1 3 6 7 
772 6 4 5 7 
773 0 1 2 6 
774 5 0 2 1 3 6 
775 1 3 2 0 6 
776 1 0 5 4 
777 7 1 2 0 6 
778 6 3 1 2 0 7 
779 5 0 3 1 4 
780 7 4 1 5 
781 3 1 0 2 7 6 
782 1 3 2 4 6 
783 3 7 6 
784 2 3 0 1 7 4 
785 2 3 4 6 
786 0 3 2 4 5 
787 0 1 2 3 7 6 
788 0 7 1 3 6 4 
789 5 3 1 2 0 6 7 
790 0 2 1 3 6 
791 7 3 2 6 
792 4 1 0 5 
793 1 0 2 4 6 5 
794 7 6 4 
795 4 2 3 6 
796 1 3 0 6 
797 6 1 0 2 3 4 7 
798 6 3 2 1 7 
799 5 4 1 7 
800 2 6 4 7 
801 2 7 1 0 6 
802 2 3 1 7 6 
803 7 2 1 0 3 6 
804 7 6 4 
805 4 3 1 2 0 6 7 
806 2 0 1 6 7 
807 3 0 1 6 7 
808 6 7 4 
809 5 0 2 1 3 6 
810 1 0 2 4 6 5 
811 5 0 1 2 6 
812 3 2 4 5 
813 4 1 3 0 2 7 
814 7 2 1 3 0 6 
815 0 1 2 7 6 
816 6 1 4 7 0 2 5 
817 6 7 1 0 
818 3 2 1 0 6 
819 1 3 2 6 5 
820 4 7 6 
821 4 7 6 
822 4 2 3 5 
823 6 3 2 4 7 
824 5 6 4 7 
825 5 2 3 4 6 7 
826 3 1 0 2 7 6 
827 7 3 2 5 4 
828 0 1 2 4 6 
829 3 2 6 7 
830 5 2 3 1 0 6 7 
831 4 0 1 7 5 
832 2 4 5 
833 2 4 5 
834 5 0 3 1 4 
835 0 2 4 1 3 5 7 
836 6 3 2 4 5 
837 0 3 1 4 5 
838 5 3 2 4 
839 1 2 4 0 5 6 
840 1 2 3 6 7 
841 7 1 5 
842 6 3 2 5 4 
843 6 3 2 5 
844 7 2 4 1 0 3 5 
845 3 2 4 6 
846 1 3 2 7 6 
847 3 7 0 1 4 6 
848 2 3 4 5 
849 2 1 0 3 4 7 
850 0 1 2 6 7 
851 0 2 1 3 6 
852 1 4 7 5 
853 6 0 1 4 7 5 
854 0 1 2 5 4 
855 7 2 3 1 0 6 
856 4 0 5 
857 1 0 4 7 5 
858 7 3 2 6 4 
859 7 1 4 0 2 5 
860 1 3 0 6 
861 7 3 6 
862 4 1 3 0 2 7 
863 7 0 4 
864 3 0 5 4 
865 2 4 1 0 3 5 7 
866 2 7 6 4 
867 7 6 4 
868 7 1 2 0 4 6 
869 4 1 0 2 3 7 6 
870 2 1 0 3 6 4 
871 3 2 4 1 0 5 7 
872 6 1 4 7 0 2 5 
873 5 4 1 7 
874 1 3 2 7 6 
875 6 2 3 
876 3 2 4 1 0 5 7 
877 7 4 5 
878 4 3 2 1 6 
879 0 2 3 4 6 7 
880 5 4 7 
881 5 4 1 7 
882 3 0 2 1 6 
883 1 3 0 2 7 
884 6 3 2 1 
885 6 7 4 
886 4 0 5 
887 4 3 2 6 5 
888 6 3 2 4 5 
889 5 2 1 3 0 6 7 
890 3 0 2 1 4 6 5 
891 4 2 3 5 
892 0 3 2 6 5 
893 3 2 1 6 
894 5 0 3 1 4 
895 1 0 2 3 7 6 
896 2 1 4 7 0 5 
897 2 0 7 4 
898 5 3 0 2 1 7 4 
899 0 1 4 7 5 
900 1 2 3 4 5 
901 1 2 3 4 6 7 
902 2 3 1 0 6 7 
903 1 3 2 7 6 
904 1 3 2 7 6 
905 0 3 2 5 4 
906 3 1 0 5 4 
907 2 6 7 
908 0 2 1 4 5 6 
909 3 0 1 6 7 
910 1 0 4 7 5 
911 3 2 6 4 7 
912 2 0 1 6 
913 2 1 0 3 7 6 
914 0 2 3 1 6 
915 1 2 4 0 3 5 7 
916 0 6 4 7 
917 0 4 5 
918 0 6 7 4 
919 0 2 3 1 6 
920 1 0 2 4 6 5 
921 1 2 4 3 5 
922 2 7 4 
923 3 7 6 
924 1 7 0 3 6 4 
925 0 5 4 
926 3 2 4 6 
927 2 0 5 4 
928 3 4 5 7 
929 2 3 4 5 
930 2 4 1 7 5 
931 1 6 3 2 7 4 
932 1 7 0 3 6 4 
933 4 2 3 5 
934 2 3 1 7 6 
935 3 6 7 4 
936 0 1 2 4 6 
937 5 6 7 4 
938 1 3 0 2 7 
939 3 7 1 0 6 
940 3 2 1 4 0 5 6 
941 1 4 5 7 
942 2 0 3 1 4 5 
943 0 5 4 
944 5 1 2 0 4 6 
945 5 1 0 4 
946 1 4 5 7 
947 1 2 4 0 5 6 
948 6 0 1 2 
949 6 1 0 4 
950 3 2 6 7 
951 1 5 
952 6 0 1 7 
953 6 3 7 
954 5 4 
955 1 7 0 6 
956 1 0 5 4 
957 3 5 1 0 4 6 
958 4 7 
959 0 2 1 3 6 
960 0 2 1 3 6 7 
961 2 0 1 6 7 
962 5 3 0 2 1 7 4 
963 0 2 1 4 5 6 
964 1 2 0 5 4 
965 0 1 2 7 6 
966 3 2 1 0 6 
967 1 3 7 6 
968 6 1 0 2 3 7 
969 0 2 4 5 
970 3 7 6 4 
971 3 2 6 7 
972 1 3 2 4 6 
973 3 1 0 2 7 6 
974 1 0 3 2 6 4 
975 6 1 0 5 4 
976 2 1 0 3 6 
977 0 1 3 2 6 4 
978 0 2 1 3 6 
979 6 2 4 5 
980 0 1 6 7 
981 0 1 5 4 
982 0 3 2 1 6 
983 0 3 1 2 6 7 
984 1 2 3 6 
985 6 4 5 
986 3 7 6 
987 3 2 4 6 7 
988 6 1 2 0 4 
989 1 3 2 0 6 
990 3 2 4 5 
991 6 1 2 0 7 
992 6 1 0 3 2 4 
993 5 2 4 3 
994 2 3 4 6 
995 6 2 4 1 0 3 5 7 
996 6 1 3 2 0 
997 4 2 3 6 7 
998 2 6 3 7 4 
999 6 3 2 5 
1000 6 0 5 4 
1001 5 1 2 0 4 
1002 1 6 7 
1003 6 0 3 1 4 5 
1004 6 3 5 1 0 4 
1005 7 2 3 1 0 6 
1006 4 3 2 7 6 
1007 5 0 2 1 3 6 
1008 5 7 0 1 3 4 6 
1009 5 1 2 0 6 7 
1010 5 3 2 4 
1011 5 2 4 
1012 6 3 2 4 7 
1013 6 1 2 0 4 
1014 4 7 0 1 3 6 
1015 4 0 1 7 5 
1016 6 3 0 1 
1017 6 1 0 2 3 7 
1018 5 7 0 1 3 4 6 
1019 5 0 1 6 7 
1020 0 3 5 1 4 6 
1021 2 1 4 0 5 6 
1022 5 0 2 1 4 6 
1023 7 6 4 
