0 2 5 4 6 3 
1 6 5 4 3 
2 7 3 2 
3 0 1 3 
4 1 5 4 6 3 2 
5 7 0 2 3 
6 4 5 6 7 3 2 
7 2 5 4 6 3 
8 2 4 5 3 
9 4 5 6 3 2 
10 2 0 1 3 
11 7 5 4 6 3 2 
12 7 0 3 
13 5 3 2 
14 5 6 7 3 
15 4 0 1 3 
16 5 0 1 3 
17 0 1 3 
18 1 0 3 
19 4 5 6 7 3 
20 6 0 3 
21 5 0 3 
22 3 0 1 2 
23 7 5 4 6 3 
24 5 4 6 3 2 
25 1 0 3 
26 7 5 3 
27 0 5 6 7 3 
28 6 3 2 
29 1 5 3 
30 0 1 2 3 
31 3 0 2 
32 3 0 
33 7 5 4 3 
34 2 5 6 3 
35 1 4 5 3 
36 6 0 1 3 
37 3 5 6 7 
38 5 4 3 
39 2 0 1 
40 6 5 3 
41 0 4 5 3 
42 4 3 2 
43 3 5 4 
44 1 0 3 
45 2 5 4 6 3 
46 0 3 2 
47 5 0 3 2 
48 5 0 3 2 
49 1 5 6 7 0 
50 4 0 2 3 
51 5 3 2 
52 6 0 1 2 3 
53 2 0 3 
54 3 0 2 
55 7 0 1 3 
56 7 0 1 3 
57 3 0 
58 4 0 2 3 
59 5 4 6 1 
60 0 2 3 
61 2 0 1 3 
62 3 2 
63 2 0 1 3 
64 2 4 6 5 7 
65 6 0 3 
66 4 5 3 
67 0 5 4 6 7 3 
68 1 0 2 3 
69 7 6 4 2 3 
70 4 6 7 2 3 
71 2 5 6 4 7 3 
72 2 3 
73 4 5 3 
74 2 5 4 6 7 3 
75 7 4 5 3 
76 7 6 4 2 3 
77 5 4 6 2 
78 5 6 7 3 
79 4 5 3 
80 5 4 6 3 2 
81 0 5 3 
82 1 0 3 
83 7 5 6 4 3 2 
84 6 0 3 
85 5 4 3 
86 3 0 2 
87 7 0 1 3 
88 5 6 4 7 3 2 
89 1 0 3 
90 7 6 5 3 
91 0 1 3 
92 6 4 7 2 3 
93 1 0 2 3 
94 0 5 3 
95 3 0 1 
96 3 5 6 2 
97 7 0 1 2 3 
98 2 4 5 3 
99 1 5 6 7 3 
100 6 0 1 3 
101 3 5 4 
102 4 0 1 3 
103 3 0 1 2 
104 6 0 3 
105 0 5 4 3 
106 4 5 6 2 3 
107 3 5 4 6 7 
108 1 5 3 
109 3 0 1 
110 0 1 2 
111 5 4 6 7 2 3 
112 5 0 1 2 
113 1 4 6 5 7 2 
114 4 6 5 7 2 
115 5 0 1 3 
116 6 4 5 2 
117 2 0 1 3 
118 2 0 3 
119 6 5 4 3 
120 7 5 4 3 
121 3 2 
122 4 5 6 3 2 
123 5 4 6 2 
124 0 3 
125 0 5 4 3 
126 3 0 1 
127 1 0 2 
128 3 0 2 
129 6 0 3 
130 5 4 6 1 
131 0 1 2 3 
132 1 5 4 6 7 2 3 
133 7 5 4 3 
134 4 6 7 2 3 
135 2 5 4 6 3 
136 2 5 6 3 
137 4 5 6 7 3 2 
138 2 4 6 5 7 
139 7 5 3 
140 7 0 1 3 
141 5 6 4 7 3 2 
142 7 0 3 
143 4 6 7 2 3 
144 5 0 3 
145 0 4 5 3 
146 1 6 4 7 2 3 
147 7 5 3 
148 6 4 5 1 
149 5 3 
150 3 0 1 2 
151 7 0 3 2 
152 5 6 2 3 
153 1 0 2 3 
154 7 4 5 6 2 
155 0 1 2 3 
156 6 0 3 
157 1 5 4 3 
158 0 3 2 
159 3 6 5 7 
160 3 2 
161 7 0 1 3 
162 2 4 5 3 
163 1 5 4 6 3 2 
164 6 0 3 
165 3 0 1 
166 5 0 3 2 
167 3 5 6 4 7 2 
168 6 0 2 3 
169 0 1 3 
170 4 5 3 
171 3 5 
172 1 6 5 7 3 
173 2 5 4 6 3 
174 0 1 3 
175 5 6 7 3 
176 5 4 6 1 
177 1 0 3 
178 5 0 1 2 
179 5 0 1 3 
180 6 0 3 
181 2 5 6 7 0 
182 3 0 
183 7 5 6 2 3 
184 7 5 6 0 
185 3 5 6 4 7 2 
186 4 0 1 3 
187 5 4 3 
188 1 4 6 5 7 2 
189 2 6 4 7 3 
190 3 6 5 7 
191 2 5 6 3 
192 2 0 3 
193 7 3 2 
194 5 0 3 
195 0 5 6 7 3 
196 0 1 2 3 
197 6 0 1 2 
198 4 6 5 7 2 
199 2 5 4 6 3 
200 2 5 4 6 7 3 
201 4 5 3 
202 2 4 5 3 
203 7 0 3 
204 7 5 6 3 
205 5 0 1 2 3 
206 5 0 1 3 
207 4 5 3 
208 5 4 3 
209 0 3 2 
210 1 0 3 
211 6 0 1 2 3 
212 6 5 2 3 
213 5 6 4 7 3 2 
214 3 0 1 2 
215 7 6 5 3 
216 5 0 1 3 
217 1 4 5 3 
218 7 5 4 6 3 2 
219 0 3 2 
220 6 0 1 2 3 
221 1 5 6 4 7 3 2 
222 0 6 5 7 3 
223 3 5 4 6 2 
224 3 0 1 2 
225 7 0 1 3 
226 2 6 5 7 3 
227 1 0 3 
228 6 4 5 1 
229 3 5 6 4 7 2 
230 5 4 3 
231 3 0 2 
232 6 3 2 
233 0 5 3 
234 4 5 6 1 
235 3 5 4 
236 1 0 3 2 
237 2 3 
238 0 1 3 
239 5 6 7 0 
240 5 3 
241 1 0 2 3 
242 4 5 6 2 3 
243 5 0 1 3 
244 7 0 1 3 
245 2 5 4 6 7 3 
246 3 6 4 7 2 
247 7 0 3 
248 7 0 1 3 
249 3 5 4 
250 4 0 1 3 
251 5 6 4 7 2 3 
252 0 5 4 6 7 2 3 
253 2 6 5 7 3 
254 3 5 6 7 0 
255 2 0 3 
256 2 0 1 3 
257 7 0 1 3 
258 5 6 7 0 
259 0 5 4 6 7 3 
260 1 0 3 
261 7 4 5 6 1 
262 4 5 3 
263 2 3 
264 2 5 4 6 7 3 
265 4 0 1 3 
266 2 3 
267 7 5 4 3 
268 7 0 3 
269 5 4 3 
270 5 0 3 
271 4 5 6 7 3 
272 5 0 1 3 
273 0 5 6 7 
274 1 0 3 
275 7 0 1 2 3 
276 6 0 1 3 
277 5 0 3 
278 3 0 1 2 
279 7 5 6 4 3 2 
280 5 4 6 2 
281 1 0 2 3 
282 7 5 6 3 
283 0 5 4 3 
284 6 4 5 2 
285 1 5 6 7 0 
286 0 4 5 3 
287 3 0 
288 3 5 4 6 7 2 
289 7 4 6 5 2 
290 2 5 6 7 0 
291 1 6 5 7 3 
292 6 0 1 3 
293 2 0 1 3 
294 5 3 2 
295 3 5 
296 6 4 5 7 2 
297 0 5 3 
298 5 4 3 
299 3 6 4 7 2 
300 0 3 2 
301 2 4 5 6 
302 0 1 3 
303 5 6 7 0 
304 6 0 1 2 3 
305 3 5 6 7 
306 4 0 1 3 
307 5 0 1 2 3 
308 6 3 2 
309 2 5 6 7 0 
310 3 0 
311 7 6 5 3 
312 7 5 6 2 3 
313 3 4 5 
314 4 0 1 3 
315 5 4 3 
316 0 5 4 3 
317 2 5 6 3 
318 3 4 6 5 7 2 
319 2 5 6 4 7 3 
320 2 0 1 
321 5 4 3 
322 5 0 1 3 
323 0 4 5 6 1 
324 1 5 4 3 
325 7 5 6 3 
326 4 0 3 
327 2 5 6 3 
328 2 5 4 6 7 3 
329 4 6 7 2 3 
330 2 0 1 3 
331 6 0 3 2 
332 7 0 1 3 
333 4 6 5 7 2 
334 5 0 3 
335 6 5 4 3 
336 4 5 3 
337 0 3 2 
338 1 0 3 
339 7 0 2 3 
340 6 5 4 7 2 3 
341 5 4 3 
342 3 5 4 6 2 
343 7 0 2 3 
344 5 6 7 0 
345 1 6 4 7 2 3 
346 7 5 6 0 
347 2 5 6 7 0 
348 6 5 7 0 
349 0 3 2 
350 0 1 3 
351 3 5 4 
352 3 4 5 
353 7 6 4 2 3 
354 2 5 6 7 3 
355 1 0 2 
356 6 5 4 3 
357 3 0 1 
358 7 5 4 6 3 
359 3 0 2 
360 6 0 3 
361 1 4 6 5 7 2 
362 7 4 5 6 2 
363 2 5 4 3 
364 1 0 3 
365 0 4 5 6 2 
366 0 5 6 4 7 3 2 
367 5 0 1 3 
368 4 0 1 2 3 
369 1 6 5 7 3 
370 1 5 4 6 7 2 3 
371 5 4 6 7 2 3 
372 6 5 2 3 
373 2 0 1 3 
374 3 5 6 2 
375 7 5 4 3 
376 7 3 2 
377 1 6 4 7 2 3 
378 4 5 6 2 
379 5 0 3 
380 3 0 2 
381 2 4 5 6 1 
382 3 5 6 7 0 
383 2 0 3 
384 2 4 5 3 
385 6 5 4 7 3 2 
386 5 0 1 2 3 
387 0 2 3 
388 1 5 6 4 7 3 2 
389 6 0 3 
390 5 0 3 
391 1 0 2 3 
392 0 5 4 3 
393 4 5 3 
394 2 5 6 3 
395 7 5 6 4 3 2 
396 7 5 3 
397 5 4 3 
398 5 6 7 3 
399 4 5 3 
400 5 0 3 
401 0 3 
402 1 5 3 
403 4 6 5 7 2 
404 6 5 3 
405 5 4 3 
406 1 5 6 2 3 
407 7 0 1 3 
408 4 0 3 
409 1 3 2 
410 7 3 2 
411 0 5 6 7 
412 4 5 3 
413 1 5 4 3 
414 0 4 5 6 2 
415 3 4 5 
416 3 0 2 
417 6 5 4 3 
418 1 3 2 
419 1 0 3 
420 6 4 5 1 
421 3 5 4 
422 5 4 6 7 3 
423 3 4 5 
424 6 5 4 7 2 3 
425 0 1 3 
426 4 0 1 3 
427 3 5 4 
428 1 0 3 
429 3 0 
430 2 5 6 7 0 
431 5 4 6 1 
432 5 4 6 7 2 3 
433 1 5 6 7 0 
434 4 5 6 2 
435 5 0 1 2 3 
436 6 0 1 2 
437 2 0 3 
438 3 5 4 
439 7 5 6 4 3 2 
440 7 4 6 5 2 
441 2 5 6 7 0 
442 4 0 3 
443 5 0 1 3 
444 0 5 4 3 
445 2 5 6 7 3 
446 0 3 
447 2 0 1 3 
448 2 0 1 3 
449 5 6 7 3 
450 5 0 1 2 3 
451 0 2 3 
452 1 5 3 
453 4 5 3 
454 4 0 1 3 
455 2 0 3 
456 2 3 
457 4 5 6 7 3 
458 2 0 1 3 
459 7 5 6 2 3 
460 7 0 3 
461 5 4 6 7 2 
462 5 3 2 
463 4 5 6 1 
464 5 4 6 3 2 
465 0 4 6 5 7 2 
466 1 0 2 
467 4 5 6 7 3 
468 6 0 1 3 
469 5 4 3 
470 3 5 4 6 7 2 
471 7 6 4 2 3 
472 5 4 6 3 2 
473 1 4 5 6 
474 7 0 1 3 
475 0 1 3 
476 4 5 3 
477 1 5 6 4 7 3 2 
478 3 5 4 6 2 
479 3 5 4 
480 3 0 1 
481 7 3 2 
482 3 0 1 2 
483 1 5 6 7 3 
484 6 4 5 7 2 
485 3 5 
486 5 4 6 1 
487 3 0 
488 6 3 2 
489 0 4 5 6 2 
490 4 0 3 
491 3 5 6 7 0 
492 1 5 4 6 7 2 3 
493 2 5 6 4 7 3 
494 0 5 3 
495 5 4 3 
496 5 4 6 7 3 
497 1 4 5 3 
498 4 5 6 7 3 
499 4 5 6 1 
500 6 5 2 3 
501 2 6 4 7 3 
502 3 0 2 
503 7 4 5 3 
504 7 6 5 3 
505 3 5 4 6 7 
506 4 0 3 
507 5 0 3 
508 0 5 4 3 
509 2 5 4 3 
510 3 0 1 2 
511 2 4 5 3 
512 2 3 
513 5 4 6 7 3 
514 5 4 6 7 3 
515 0 3 
516 1 4 5 6 2 
517 4 5 6 7 0 
518 4 0 3 
519 2 5 4 3 
520 2 0 1 3 
521 4 6 5 7 2 
522 2 5 6 3 
523 7 0 1 2 3 
524 7 5 6 3 
525 5 0 1 2 3 
526 4 6 7 2 3 
527 4 0 1 3 
528 5 6 7 0 
529 0 3 2 
530 1 0 3 
531 4 5 6 2 
532 6 5 4 7 3 
533 5 4 6 2 
534 3 5 6 7 
535 7 5 6 3 
536 5 6 7 3 
537 1 4 5 6 
538 7 5 3 
539 0 3 
540 4 6 7 2 3 
541 1 0 3 
542 0 4 5 3 
543 3 5 4 6 7 
544 3 5 4 
545 7 5 6 3 
546 2 0 3 
547 1 5 4 3 
548 6 0 3 
549 3 5 4 
550 5 4 6 7 2 
551 3 0 
552 6 4 7 2 3 
553 0 3 
554 4 0 3 2 
555 3 2 
556 1 0 2 3 
557 2 5 6 7 0 
558 0 3 2 
559 5 0 3 2 
560 5 0 3 
561 1 0 3 
562 4 5 3 
563 4 6 7 2 3 
564 6 0 3 
565 2 3 
566 3 0 
567 7 5 6 2 3 
568 7 5 4 6 3 2 
569 3 5 6 7 
570 4 6 5 7 2 
571 5 4 3 
572 0 1 3 
573 2 5 4 6 7 3 
574 3 4 5 
575 2 5 4 6 7 3 
576 2 0 3 
577 5 4 6 1 
578 7 0 1 2 
579 0 1 3 
580 1 3 2 
581 4 3 2 
582 4 5 6 1 
583 2 0 1 3 
584 2 6 4 7 3 
585 4 6 5 7 2 
586 2 0 3 
587 7 5 4 6 2 3 
588 7 0 3 
589 6 3 2 
590 7 5 4 3 
591 6 5 4 7 3 
592 6 5 4 7 3 
593 0 5 4 3 
594 1 5 6 7 3 
595 7 5 6 2 3 
596 6 0 1 2 
597 5 4 3 
598 3 0 1 2 
599 7 4 5 6 1 
600 6 5 4 7 3 2 
601 1 0 2 3 
602 7 5 6 4 3 2 
603 1 0 2 
604 4 0 1 3 
605 1 4 5 3 
606 0 5 4 3 
607 3 2 
608 3 0 1 
609 6 5 4 7 3 2 
610 2 5 6 4 7 3 
611 1 0 3 
612 6 5 7 3 
613 3 0 
614 7 6 5 3 
615 3 0 2 
616 6 0 1 2 3 
617 0 5 4 6 7 3 
618 7 4 5 3 
619 3 0 2 
620 1 3 2 
621 2 5 4 3 
622 0 3 2 
623 5 4 6 7 3 
624 6 0 1 3 
625 1 0 3 
626 4 3 2 
627 5 0 1 2 3 
628 6 0 1 2 3 
629 2 5 3 
630 3 5 4 6 7 2 
631 7 0 1 3 
632 7 5 4 6 3 
633 3 5 4 
634 4 0 1 3 
635 6 5 7 3 
636 0 1 3 
637 2 5 4 3 
638 3 5 4 
639 2 3 
640 2 3 
641 4 0 1 3 
642 7 4 5 6 2 
643 0 4 5 3 
644 1 4 5 3 
645 4 6 7 2 3 
646 4 0 3 
647 2 0 3 
648 2 5 4 6 7 3 
649 4 5 3 
650 2 5 4 3 
651 7 4 5 6 2 
652 7 0 3 
653 6 0 3 
654 7 6 4 2 3 
655 6 4 5 7 2 
656 6 5 4 3 2 
657 0 3 
658 1 0 3 
659 4 5 3 
660 6 3 2 
661 5 6 7 3 
662 3 0 
663 7 0 1 3 
664 6 0 1 3 
665 1 0 2 
666 7 0 1 3 
667 0 5 6 2 3 
668 4 0 1 2 3 
669 1 5 4 3 
670 0 5 6 2 3 
671 3 0 1 2 
672 3 0 
673 7 0 1 3 
674 2 4 5 3 
675 1 0 3 2 
676 6 0 1 2 3 
677 3 0 
678 6 4 7 2 3 
679 3 6 4 7 2 
680 6 4 5 3 
681 0 2 3 
682 7 4 6 5 2 
683 3 4 6 5 7 2 
684 1 0 2 
685 2 4 5 6 1 
686 0 5 6 4 7 3 2 
687 5 4 6 1 
688 6 0 1 2 
689 0 4 5 6 2 
690 4 6 7 2 3 
691 5 4 6 7 3 
692 6 5 7 3 
693 2 5 4 6 3 
694 3 0 2 
695 7 0 1 2 3 
696 7 4 5 3 
697 3 4 5 
698 4 5 6 7 2 3 
699 7 5 6 3 
700 3 0 1 2 
701 2 3 
702 2 0 3 
703 2 0 1 3 
704 3 2 
705 5 0 3 
706 6 4 5 2 
707 1 0 2 3 
708 1 4 5 6 2 
709 4 5 3 
710 4 5 6 2 
711 2 0 1 3 
712 2 4 5 6 
713 4 5 3 
714 0 5 4 6 3 2 
715 7 5 4 6 2 3 
716 7 6 5 3 
717 6 4 5 1 
718 7 0 3 
719 6 4 7 2 3 
720 6 5 7 3 
721 0 5 4 3 
722 1 6 4 7 2 3 
723 4 5 6 7 2 3 
724 6 5 4 7 3 2 
725 5 6 7 3 
726 3 0 1 
727 7 0 1 3 
728 6 0 3 
729 1 4 5 3 
730 7 4 6 5 2 
731 0 5 4 6 3 2 
732 6 0 1 2 3 
733 1 4 5 6 
734 0 2 3 
735 2 0 1 
736 3 2 
737 7 0 1 3 
738 2 0 1 3 
739 1 5 3 
740 6 5 4 3 
741 3 5 4 6 7 2 
742 7 0 3 
743 3 0 1 2 
744 6 5 4 7 3 
745 0 5 6 7 
746 5 4 3 
747 3 0 2 
748 1 5 4 6 7 2 3 
749 2 5 6 4 7 3 
750 2 0 1 3 
751 5 4 3 
752 6 4 5 1 
753 1 4 5 3 
754 4 6 5 7 2 
755 5 3 
756 6 5 4 3 2 
757 2 4 6 5 7 
758 1 5 3 
759 6 5 4 3 
760 6 0 1 2 
761 3 0 
762 4 0 3 
763 5 4 3 
764 0 5 4 3 
765 2 0 1 3 
766 3 5 6 2 
767 1 5 4 6 7 2 3 
768 2 0 3 
769 5 0 1 3 
770 5 3 
771 1 5 4 6 7 2 3 
772 1 0 3 
773 4 0 1 2 3 
774 5 3 2 
775 1 0 2 
776 1 4 5 3 
777 4 0 3 2 
778 2 5 4 6 7 3 
779 6 0 1 3 
780 7 0 1 2 
781 6 3 2 
782 7 5 4 6 2 3 
783 6 5 7 3 
784 6 5 7 0 
785 0 1 2 
786 1 4 5 6 
787 4 5 6 7 3 2 
788 6 0 1 3 
789 5 0 1 2 
790 2 0 1 3 
791 7 5 6 4 3 2 
792 6 5 4 3 
793 1 0 3 
794 7 5 4 6 2 3 
795 1 5 4 3 
796 4 5 3 
797 1 5 4 3 
798 0 1 2 
799 3 0 1 2 
800 3 0 
801 7 5 6 0 
802 3 0 1 
803 0 3 
804 6 5 4 3 
805 3 5 6 7 
806 5 4 6 2 
807 3 0 1 
808 6 5 4 3 
809 0 4 6 5 7 2 
810 7 0 1 3 
811 3 5 4 
812 1 6 5 7 3 
813 2 0 1 3 
814 0 3 
815 5 0 3 
816 5 6 2 3 
817 3 0 1 
818 4 5 3 
819 5 6 2 3 
820 6 0 3 2 
821 2 0 1 3 
822 3 4 5 6 2 
823 7 0 3 
824 7 0 3 
825 3 5 6 7 
826 4 5 6 2 
827 6 4 5 3 
828 0 5 4 6 7 2 3 
829 2 0 3 
830 3 0 1 
831 2 5 6 7 0 
832 1 4 5 6 
833 4 3 2 
834 7 5 6 2 3 
835 0 4 6 5 7 2 
836 1 5 4 3 
837 7 0 1 2 3 
838 4 0 1 3 
839 2 0 3 
840 2 3 
841 4 6 5 7 3 
842 0 4 5 3 
843 2 4 5 6 
844 6 5 4 3 
845 5 4 6 1 
846 7 0 1 3 
847 4 5 6 1 
848 5 0 1 3 
849 1 4 5 3 
850 1 0 3 
851 4 0 1 3 
852 6 5 4 3 
853 5 0 1 3 
854 1 0 2 
855 7 6 4 2 3 
856 4 5 3 
857 1 0 3 
858 7 5 4 6 3 2 
859 0 3 2 
860 4 0 1 2 3 
861 2 3 
862 0 5 4 6 7 2 3 
863 3 4 5 
864 2 3 
865 7 5 3 
866 2 0 1 3 
867 1 0 2 
868 6 5 4 3 
869 3 0 2 
870 5 0 1 3 
871 2 0 1 
872 6 5 4 3 
873 0 5 6 7 3 
874 4 5 6 7 3 2 
875 7 5 4 6 3 
876 6 5 7 3 
877 4 0 1 3 
878 6 4 5 2 
879 5 3 2 
880 5 4 3 
881 6 4 5 2 
882 4 6 5 7 3 
883 5 6 7 3 
884 7 5 4 3 
885 4 5 3 
886 5 0 3 
887 0 1 3 
888 0 3 2 
889 2 5 4 3 
890 0 4 6 5 7 2 
891 3 0 1 
892 6 5 7 0 
893 4 6 5 7 2 
894 5 0 3 2 
895 4 0 1 3 
896 5 0 1 2 
897 1 5 4 3 
898 1 3 2 
899 4 0 1 3 
900 6 4 5 3 
901 4 5 3 
902 3 5 4 
903 6 0 3 2 
904 6 0 2 3 
905 1 6 5 7 3 
906 2 5 6 4 7 3 
907 2 4 5 6 
908 1 0 3 
909 2 5 4 6 3 
910 3 5 4 
911 2 0 3 
912 0 5 6 2 3 
913 0 1 2 3 
914 0 3 
915 0 4 6 5 7 2 
916 6 0 1 2 3 
917 5 3 2 
918 3 5 4 
919 2 4 5 6 1 
920 5 4 3 
921 0 5 6 7 
922 6 4 5 1 
923 0 5 4 3 
924 1 0 2 3 
925 4 0 1 2 3 
926 6 5 4 3 2 
927 4 0 1 3 
928 4 5 6 3 2 
929 1 5 4 3 
930 0 1 2 3 
931 1 6 4 7 2 3 
932 7 4 5 6 1 
933 5 3 2 
934 3 6 5 7 
935 6 0 2 3 
936 6 5 4 3 
937 0 6 5 7 3 
938 0 5 4 6 7 2 3 
939 7 5 6 3 
940 6 5 7 3 
941 4 5 6 2 3 
942 6 3 2 
943 1 3 2 
944 0 3 2 
945 1 0 2 3 
946 5 4 3 
947 0 5 6 7 3 
948 6 4 5 3 
949 4 5 3 
950 1 4 5 6 2 
951 7 0 3 
952 0 3 
953 1 0 3 
954 0 5 3 
955 2 4 5 3 
956 6 5 4 7 2 3 
957 4 0 1 3 
958 6 5 2 3 
959 4 5 6 7 2 3 
960 1 0 2 3 
961 4 5 6 7 3 
962 4 5 6 2 
963 0 3 
964 1 0 3 
965 4 0 3 2 
966 4 5 3 
967 1 0 3 
968 1 0 2 
969 4 5 3 
970 0 1 3 
971 7 0 1 3 
972 7 5 4 6 2 3 
973 4 5 3 
974 4 5 3 
975 4 0 3 2 
976 6 0 1 3 
977 0 5 4 3 
978 1 0 2 3 
979 4 5 3 
980 6 0 1 3 
981 5 4 3 
982 4 5 6 7 2 3 
983 1 4 6 5 7 2 
984 6 5 4 7 3 
985 1 5 6 7 0 
986 0 6 5 7 3 
987 0 1 3 
988 1 0 3 
989 0 1 2 3 
990 0 5 6 4 7 3 2 
991 1 0 2 3 
992 0 5 4 6 7 3 
993 0 2 3 
994 2 6 4 7 3 
995 0 5 6 7 
996 6 0 1 3 
997 3 2 
998 3 0 1 2 
999 0 5 3 
1000 6 0 3 2 
1001 0 3 
1002 0 3 2 
1003 7 5 4 3 
1004 6 0 1 2 3 
1005 4 5 6 2 3 
1006 6 5 4 3 
1007 0 3 2 
1008 2 0 3 
1009 6 3 2 
1010 1 5 4 6 7 2 3 
1011 0 3 2 
1012 6 5 2 3 
1013 4 0 1 3 
1014 3 5 4 6 2 
1015 0 2 3 
1016 0 5 4 6 3 2 
1017 3 0 
1018 0 4 5 3 
1019 3 4 5 
1020 7 0 3 2 
1021 4 5 6 3 2 
1022 6 5 7 3 
1023 4 5 6 1 
