0 6 2 0 3 7 4 
1 5 7 4 6 2 
2 1 2 0 3 4 5 
3 7 2 4 1 5 
4 3 4 7 1 0 5 
5 0 2 3 4 5 
6 1 2 4 7 5 
7 0 3 2 
8 5 4 1 3 6 2 
9 7 2 0 3 4 5 
10 7 4 5 0 1 
11 1 0 
12 0 5 1 4 
13 3 0 1 6 5 7 4 
14 3 1 7 4 0 
15 4 0 7 6 1 5 
16 3 0 2 6 1 
17 7 0 1 4 3 
18 5 0 4 2 1 3 
19 4 0 1 3 
20 7 2 5 6 0 4 3 
21 3 4 5 7 6 0 
22 1 0 4 2 3 
23 4 6 7 2 5 1 
24 2 0 6 1 5 
25 5 7 6 2 0 
26 6 5 7 3 4 1 
27 1 5 6 4 7 
28 1 0 2 
29 6 5 4 2 0 
30 6 3 5 2 4 
31 2 5 4 3 1 
32 7 1 3 0 
33 2 1 7 3 4 0 
34 2 1 0 
35 6 2 3 0 7 5 
36 3 2 
37 4 5 6 7 1 
38 1 0 4 7 5 
39 0 5 2 6 4 7 3 
40 6 7 5 2 0 
41 5 0 1 
42 3 5 1 4 0 
43 2 0 1 6 5 7 4 
44 4 1 
45 4 5 6 7 3 
46 0 4 3 6 2 7 1 5 
47 5 1 2 7 6 3 0 
48 0 1 5 
49 0 3 2 
50 0 4 5 1 
51 5 6 7 2 4 1 
52 3 5 6 2 4 
53 0 6 7 2 4 5 1 
54 5 0 4 6 1 
55 2 3 0 7 5 
56 0 6 3 4 7 5 
57 7 5 4 6 1 0 
58 5 4 3 7 1 0 
59 4 6 7 
60 3 0 2 6 1 
61 6 4 5 0 1 
62 1 5 4 6 7 0 
63 1 5 2 7 6 3 
64 6 1 
65 5 4 2 6 0 
66 1 5 6 4 7 3 
67 7 2 4 1 5 
68 3 0 7 6 4 1 5 
69 1 2 6 5 4 
70 1 0 3 2 6 
71 0 5 2 1 7 6 3 
72 5 0 1 6 7 4 
73 7 0 6 4 1 5 
74 6 0 1 5 7 4 
75 1 3 5 6 2 4 
76 0 4 7 6 5 3 1 
77 3 6 7 5 4 1 
78 3 6 7 4 
79 4 1 3 0 
80 3 0 5 4 6 1 
81 7 5 1 4 0 
82 4 2 7 1 5 
83 4 1 6 2 5 
84 7 5 4 2 6 0 
85 3 5 1 7 0 6 4 
86 1 0 6 5 7 4 
87 4 2 3 0 7 5 
88 2 5 1 3 7 6 0 4 
89 5 1 0 
90 6 0 1 4 3 
91 1 0 4 3 
92 0 1 5 
93 6 2 1 3 
94 6 5 2 1 7 3 
95 2 5 4 6 0 
96 7 0 4 2 1 3 5 
97 2 5 6 1 4 7 
98 1 0 4 7 5 
99 6 5 7 3 4 1 
100 3 5 6 4 7 
101 4 5 7 6 0 
102 1 0 
103 0 4 7 5 1 
104 6 1 0 
105 4 5 2 6 7 3 
106 3 5 1 4 0 
107 2 0 3 4 5 
108 4 1 0 
109 4 2 1 0 3 
110 0 1 6 5 7 4 
111 5 0 6 7 4 2 
112 0 4 5 1 
113 0 3 5 6 2 4 
114 0 1 4 3 
115 5 0 1 4 3 
116 3 4 5 0 1 
117 0 5 6 4 7 1 
118 5 0 1 
119 2 5 4 6 1 7 0 
120 0 3 2 6 1 
121 7 5 6 4 1 
122 5 0 6 3 7 2 1 
123 5 1 0 
124 3 5 1 7 6 0 4 
125 6 1 2 7 5 3 0 
126 1 0 4 3 
127 1 4 2 6 3 5 
128 7 6 2 4 5 1 
129 5 7 4 6 2 
130 1 5 6 7 3 4 
131 7 1 0 4 2 3 
132 3 1 7 4 0 
133 3 1 0 4 2 
134 1 0 4 3 
135 0 2 3 4 5 
136 5 1 0 
137 7 5 6 1 4 2 
138 6 3 2 
139 1 4 3 7 6 2 
140 0 5 6 1 4 7 2 
141 3 2 
142 3 6 7 2 4 5 1 
143 4 0 5 6 3 7 2 1 
144 3 0 1 4 
145 7 1 
146 5 1 3 7 0 6 4 
147 4 5 3 2 1 
148 7 5 6 1 4 2 
149 3 4 7 6 5 0 1 
150 1 0 6 7 5 4 2 
151 4 0 2 1 3 5 
152 2 0 3 6 1 
153 5 0 4 2 1 3 
154 6 5 1 4 7 2 
155 2 1 7 6 4 
156 1 0 6 7 5 4 2 
157 6 0 3 2 1 
158 6 3 4 7 0 5 
159 2 5 6 4 7 3 
160 7 5 6 4 3 
161 2 0 4 1 3 5 
162 2 6 1 3 
163 6 4 5 7 0 
164 3 2 5 6 7 0 4 
165 4 7 6 5 3 0 1 
166 1 0 6 5 
167 0 5 2 6 4 7 3 
168 6 7 2 4 5 1 
169 5 4 1 3 6 2 
170 3 5 6 4 7 
171 2 4 1 3 6 5 
172 4 6 2 1 3 
173 4 6 3 7 0 5 
174 0 3 6 5 7 4 
175 5 6 7 3 1 4 0 
176 0 5 6 4 7 1 
177 0 6 2 1 3 
178 0 2 5 6 7 4 3 
179 5 4 6 1 7 0 
180 3 1 0 
181 0 6 1 5 
182 5 6 3 4 7 0 
183 2 5 7 4 6 
184 0 6 2 3 7 4 
185 7 2 5 6 0 4 3 
186 5 0 2 1 
187 4 3 6 2 7 1 0 5 
188 3 2 
189 6 5 7 0 4 
190 1 0 4 2 3 5 
191 1 0 
192 6 1 0 4 2 3 
193 5 0 3 2 6 1 
194 1 5 4 3 2 
195 7 5 2 6 4 3 
196 3 1 0 
197 1 0 
198 1 0 5 6 3 7 2 
199 0 1 
200 5 4 2 6 0 
201 7 0 6 1 5 
202 7 4 5 0 1 
203 1 6 2 3 
204 0 5 6 1 4 7 2 
205 3 4 2 6 5 
206 3 5 4 2 6 0 
207 4 3 7 1 0 5 
208 2 5 7 6 0 4 
209 6 1 0 
210 5 2 1 7 6 3 
211 4 0 1 6 5 7 
212 7 0 6 4 1 5 
213 3 2 4 7 1 5 
214 1 0 2 
215 4 0 6 1 5 
216 2 5 6 7 0 3 
217 6 7 2 4 5 1 
218 6 4 5 7 0 
219 1 0 5 6 3 7 2 
220 0 1 2 7 5 6 3 
221 6 3 5 2 4 
222 6 2 1 0 3 
223 2 6 3 4 7 0 5 
224 7 6 5 4 1 
225 2 5 3 6 1 
226 2 5 7 4 6 
227 6 7 5 4 1 
228 0 4 5 1 
229 4 2 1 0 3 
230 1 5 3 7 0 6 4 
231 0 5 6 7 3 4 1 
232 6 3 4 7 0 5 
233 5 2 3 6 1 
234 2 6 7 4 
235 2 5 6 1 4 7 
236 4 0 5 6 1 
237 4 1 7 6 2 
238 0 1 7 3 4 
239 5 4 7 6 3 0 1 
240 1 5 6 4 7 3 
241 0 1 6 5 7 4 
242 0 1 5 
243 5 6 7 4 1 
244 3 1 5 0 
245 0 2 1 3 
246 5 7 6 0 4 
247 2 4 5 0 1 
248 0 2 3 4 5 
249 7 1 0 4 2 3 
250 5 4 1 6 2 
251 4 3 6 5 7 0 
252 2 1 7 6 4 
253 6 3 5 2 4 
254 1 3 5 6 2 4 
255 1 5 4 3 2 
256 6 5 2 3 1 
257 5 4 3 6 2 7 1 0 
258 1 3 5 6 2 4 
259 7 3 6 5 0 4 
260 1 6 7 5 4 
261 1 3 2 
262 0 7 6 4 1 5 
263 2 4 5 0 1 
264 5 2 6 7 0 3 
265 6 4 3 2 7 1 0 5 
266 7 2 3 0 5 
267 0 2 5 6 7 4 3 
268 0 1 4 3 
269 2 1 0 
270 3 1 2 6 5 4 
271 4 1 
272 3 1 5 0 
273 7 2 4 1 5 
274 5 1 
275 4 0 2 1 
276 7 1 0 5 3 4 2 
277 2 0 3 6 1 
279 4 5 7 6 0 
280 2 0 5 6 3 7 1 
281 5 0 6 1 
282 6 5 2 7 0 3 
283 1 2 7 5 6 3 0 
284 1 5 3 7 6 0 4 
285 6 1 7 4 2 
286 6 1 0 5 3 4 2 
287 2 1 
288 7 0 6 1 5 
289 2 0 5 6 3 7 1 
290 2 4 7 1 5 
291 6 5 7 4 2 
292 3 5 1 4 0 
293 4 6 7 
294 1 5 6 4 7 
295 2 5 3 6 1 
296 6 2 5 7 0 4 3 
297 5 2 1 0 3 
298 3 2 5 6 7 0 4 
299 2 6 7 5 4 1 
300 4 5 1 3 7 6 0 
301 4 5 2 6 7 3 
302 1 4 5 0 
303 4 2 0 3 5 
304 0 2 5 6 7 4 3 
305 0 4 2 1 3 5 
306 0 2 3 7 5 
307 5 3 2 
308 3 6 4 7 0 5 
309 0 6 7 5 4 2 
310 5 4 1 6 2 
311 2 0 4 7 5 1 
312 0 4 7 5 1 
313 7 1 2 5 6 3 0 
314 5 4 3 7 6 2 1 
315 4 1 7 3 0 
316 3 6 2 0 7 4 
317 6 0 4 7 5 1 
318 0 5 4 6 1 
319 1 7 6 4 2 
320 6 4 2 3 5 
321 4 1 2 7 5 6 3 0 
322 1 0 
323 7 0 5 6 3 2 1 
324 3 6 2 1 
325 1 5 6 7 3 4 
326 1 3 6 5 7 0 4 
327 0 5 6 1 4 7 2 
328 4 2 5 6 7 0 3 
329 7 5 2 1 6 3 
330 7 0 4 5 1 
331 1 0 5 3 4 2 
332 0 2 3 4 5 
333 3 5 4 2 6 0 
334 3 6 7 5 4 1 
335 4 5 7 6 0 
336 3 4 7 6 5 0 1 
337 7 5 2 6 4 3 
338 5 0 6 1 
339 4 5 6 7 1 
340 7 2 3 0 5 
341 3 6 2 0 7 4 
342 3 0 1 4 
343 4 0 6 7 5 2 
344 4 5 0 1 
345 5 4 3 2 1 
346 6 5 1 4 0 
347 1 3 5 6 2 4 
348 2 5 3 6 1 
349 6 1 5 0 
350 6 0 1 
351 2 5 3 6 1 
352 7 1 6 4 2 
353 2 4 6 3 5 
354 2 5 1 4 0 
355 6 1 2 7 5 3 0 
356 3 5 4 2 6 0 
357 4 3 7 6 2 1 
358 2 1 0 5 3 4 
359 0 5 1 3 7 6 4 
360 7 1 0 5 3 4 2 
361 5 0 4 2 1 3 
362 3 5 2 6 7 0 
363 2 4 1 3 6 5 
364 4 1 3 0 
365 4 2 0 3 5 
366 0 6 3 4 7 5 
367 5 1 0 
368 0 2 1 
369 2 5 3 6 1 
370 0 2 1 
371 5 6 4 7 1 
372 3 0 5 6 7 2 1 
373 0 7 6 4 1 5 
374 5 6 2 1 3 
375 2 5 1 7 6 3 
376 0 5 6 4 7 3 
377 7 4 2 6 3 5 
378 6 0 5 3 7 2 1 
379 4 7 6 5 3 0 1 
380 3 4 1 6 2 5 
381 6 0 7 5 4 2 
382 1 6 7 3 5 4 0 
383 2 0 1 
384 6 5 4 7 3 
385 5 0 4 7 1 
386 3 4 7 1 0 5 
387 7 6 4 
388 3 6 2 0 7 4 
389 1 2 7 5 6 3 0 
390 0 1 3 
391 0 5 2 1 7 6 3 
392 5 2 3 0 7 
393 7 5 6 0 4 
394 7 1 3 0 
395 1 0 3 2 6 
396 0 1 
397 3 0 4 2 1 5 
398 3 6 2 0 7 4 
399 4 1 2 7 5 6 3 0 
400 3 6 7 5 1 4 0 
401 7 1 6 4 2 
402 5 2 6 7 0 4 3 
403 7 0 2 1 
404 6 5 2 1 7 3 
405 3 4 1 6 2 5 
406 0 5 4 2 6 
407 4 3 7 1 0 5 
408 2 6 7 3 5 1 4 0 
409 5 0 6 1 
410 7 5 6 4 3 
411 0 4 1 3 6 2 5 
412 1 4 3 6 2 5 
413 7 6 3 5 1 4 0 
414 6 2 1 0 3 
415 2 0 7 6 4 1 5 
416 7 4 3 6 2 1 
417 2 5 7 4 6 
418 2 6 1 3 
419 6 5 1 3 7 0 4 
420 0 1 
421 4 5 6 1 7 0 
422 2 5 6 4 7 3 
423 0 1 4 2 3 
424 4 0 6 7 5 2 
425 7 4 1 6 2 5 
426 3 0 1 4 
427 2 1 5 0 
428 6 5 4 2 0 
429 7 5 6 0 4 
430 1 6 7 4 
431 5 7 4 6 2 
432 0 6 2 3 7 4 
433 0 5 6 7 3 4 1 
434 0 4 2 1 3 5 
435 4 2 0 3 5 
436 3 5 4 2 6 0 
437 0 5 7 4 6 2 
438 4 7 6 5 2 0 
439 2 6 7 5 4 1 
440 0 5 2 6 7 3 
441 7 5 4 3 2 1 
442 4 5 7 6 0 
443 5 1 0 3 4 2 
444 3 6 2 0 7 4 
445 6 0 4 2 1 3 5 
446 1 5 3 7 0 6 4 
447 0 7 6 5 2 
448 6 7 3 5 1 4 0 
449 5 6 7 2 4 1 
450 1 0 3 2 6 
451 7 5 4 3 2 1 
452 2 4 7 1 5 
453 1 4 3 6 2 7 0 5 
454 1 5 0 
455 0 5 7 4 6 2 
456 5 7 6 2 0 
457 7 6 3 5 1 4 0 
458 7 0 2 1 
459 1 2 6 5 4 
460 0 5 4 3 2 1 
461 3 2 0 4 5 
462 2 0 1 6 5 7 4 
463 4 1 7 6 2 
464 3 0 5 4 6 1 
465 7 0 1 
466 5 2 3 6 1 
467 4 1 0 
468 7 5 6 4 1 
469 3 1 0 5 4 2 
470 1 4 5 7 6 0 
471 4 1 3 6 2 5 
472 2 1 7 6 4 
473 5 0 6 1 
474 6 1 7 4 2 
475 1 2 6 5 4 
476 1 6 7 3 5 4 0 
477 6 5 7 4 2 
478 6 5 2 1 7 3 
479 2 4 3 6 7 1 0 5 
480 7 1 0 5 3 4 2 
481 2 0 1 
482 2 4 1 3 6 5 
483 6 4 5 0 1 
484 3 1 0 
485 4 5 7 6 0 
486 1 4 3 7 0 5 
487 0 5 4 6 1 7 
488 6 5 7 0 4 
489 5 4 7 6 3 0 1 
490 3 6 7 5 1 4 0 
491 2 1 0 
492 4 1 0 
493 4 0 1 
494 0 1 
495 5 6 7 3 4 1 
496 0 4 3 6 2 7 1 5 
497 0 5 2 6 4 7 3 
498 0 5 6 7 3 4 1 
499 5 2 4 7 1 
500 3 1 0 
501 0 2 1 3 
502 5 1 3 0 
503 2 1 
504 0 3 2 
505 7 5 1 3 6 0 4 
506 5 1 3 0 
507 4 5 1 0 
508 3 5 1 7 0 6 4 
509 6 5 1 3 7 0 4 
510 1 0 5 4 6 
511 1 3 0 
512 6 4 1 2 5 
513 5 2 6 7 0 3 
514 1 7 3 4 0 
515 7 0 2 1 
516 3 6 5 7 0 4 
517 1 5 2 3 6 
518 1 6 7 2 4 5 
519 0 5 4 3 2 1 
520 5 4 6 1 7 0 
521 7 0 5 4 6 1 
522 7 1 0 5 3 4 2 
523 1 4 3 7 0 5 
524 0 4 3 7 1 5 
525 3 6 7 5 1 4 0 
526 3 1 0 4 2 
527 4 5 1 3 7 0 6 
528 3 6 5 7 0 4 
529 7 1 6 4 2 
530 5 4 7 6 0 
531 4 3 6 2 7 1 0 5 
532 7 0 4 5 1 
533 3 5 4 2 1 
534 1 2 6 5 4 
535 4 6 7 
536 2 0 1 
537 5 1 3 7 0 6 4 
538 6 3 5 2 4 
539 1 5 6 4 7 2 
540 1 5 6 4 7 
541 6 0 1 5 
542 6 0 1 
543 2 3 0 7 5 
544 7 5 2 6 0 3 
545 2 4 3 7 6 1 
546 2 7 6 5 0 
547 6 2 0 3 7 4 
548 3 0 4 7 5 1 
549 4 2 6 3 5 
550 1 0 2 
551 0 6 2 1 3 
552 6 7 4 
553 5 6 7 3 1 4 0 
554 3 2 1 0 
555 2 7 6 5 0 
556 4 0 6 1 5 
557 4 5 1 0 
558 0 7 6 4 1 5 
559 5 6 3 4 7 0 
560 0 6 7 5 4 1 
561 0 4 5 7 6 
562 0 1 7 6 4 2 
563 7 1 3 4 0 
564 3 1 0 
565 0 6 7 3 5 1 4 
566 5 3 2 
567 2 4 3 7 6 1 
568 0 7 6 5 2 
569 7 5 6 1 4 2 
570 5 0 6 7 4 2 
571 4 3 6 2 7 1 0 5 
572 3 6 7 4 
573 6 0 7 4 1 5 
574 1 4 6 2 5 
575 1 4 3 7 6 2 
576 6 0 5 4 1 
577 5 2 4 7 1 
578 0 5 2 1 7 6 3 
579 7 1 0 
580 3 1 7 4 0 
581 1 6 7 5 4 
582 1 4 7 6 5 3 0 
583 0 1 
584 5 0 6 1 
585 7 2 3 0 5 
586 7 0 5 6 3 2 1 
587 1 0 
588 0 2 1 3 
589 3 6 7 5 1 4 0 
590 3 5 2 6 1 
591 4 2 0 3 5 
592 3 6 7 5 1 4 0 
593 7 5 1 3 0 6 4 
594 5 0 1 4 3 
595 4 5 3 2 1 
596 7 6 2 0 3 4 
597 3 1 7 4 0 
598 1 4 2 6 3 5 
599 4 3 7 6 2 1 
600 2 1 0 5 3 4 
601 5 6 7 4 1 
602 6 1 2 5 4 
603 1 5 6 4 7 3 
604 1 0 4 7 5 
605 6 0 5 4 1 
606 6 2 1 3 
607 2 0 1 
608 7 5 6 4 3 
609 2 6 7 4 5 1 
610 2 5 6 7 0 3 
611 6 5 4 7 1 
612 3 5 6 4 7 
613 4 1 3 6 2 5 
614 1 5 6 4 7 3 
615 0 3 6 5 7 4 
616 6 1 
617 5 0 1 
618 3 0 2 6 1 
619 2 5 4 6 0 
620 4 3 7 1 0 5 
621 4 3 6 5 7 0 
622 0 5 1 4 
623 5 0 7 6 4 1 
624 0 5 2 6 7 3 
625 0 5 4 6 1 7 
626 0 5 7 6 4 
627 5 1 3 7 0 6 4 
628 3 6 5 7 0 4 
629 0 2 3 7 5 
630 5 1 3 7 0 6 4 
631 2 0 4 1 3 5 
632 0 2 1 
633 7 5 2 1 6 3 
634 5 6 7 2 4 1 
635 4 5 1 0 
636 3 4 2 6 5 
637 6 4 2 3 5 
638 1 0 7 6 4 5 
639 1 0 
640 6 4 3 7 2 1 
641 5 0 4 7 1 
642 1 0 4 7 5 
643 7 6 2 0 3 4 
644 3 5 6 7 4 1 
645 1 5 6 4 7 2 
646 1 5 0 
647 0 1 4 2 3 
648 5 1 0 
649 7 6 3 4 0 5 
650 7 4 1 6 2 5 
651 1 0 5 6 3 7 2 
652 0 5 2 6 7 3 
653 3 6 2 0 7 4 
654 3 1 2 6 5 4 
655 4 6 7 2 5 1 
656 3 5 2 6 7 0 
657 7 1 2 6 5 4 
658 5 0 7 6 4 1 
659 4 3 7 1 0 5 
660 7 4 3 6 2 1 
661 3 2 1 0 
662 1 6 2 3 
663 4 6 7 2 5 1 
664 2 4 6 3 5 
665 5 4 3 7 6 2 1 
666 6 0 5 3 7 2 1 
667 1 6 7 3 5 4 0 
668 1 5 6 4 7 
669 6 7 4 
670 6 5 7 0 4 
671 2 5 6 7 0 4 3 
672 7 4 6 5 3 0 1 
673 2 5 1 3 7 0 6 4 
674 2 5 4 6 1 7 0 
675 6 0 1 
676 3 4 1 6 2 5 
677 4 0 1 3 
678 2 5 1 3 7 6 0 4 
679 3 2 0 4 5 
680 6 3 5 7 0 4 
681 5 1 0 3 4 2 
682 3 4 6 2 7 1 0 5 
683 2 4 3 7 6 1 
684 4 5 2 6 7 3 
685 4 2 7 1 5 
686 0 5 4 6 1 7 
687 5 4 3 7 1 0 
688 3 1 0 4 2 
689 3 4 7 1 0 5 
690 2 5 4 3 1 
691 5 0 7 6 4 1 
692 3 4 6 2 7 1 0 5 
693 2 1 7 5 6 3 0 
694 5 2 6 4 7 3 
695 2 7 6 5 0 
696 0 6 7 5 4 2 
697 7 1 0 4 2 3 
698 5 1 0 3 4 2 
699 4 5 1 3 7 0 6 
700 3 6 7 4 
701 6 0 5 4 1 
702 1 5 2 7 6 3 
703 2 4 7 6 5 3 0 1 
704 6 4 1 2 5 
705 5 6 7 4 
706 1 0 5 4 6 
707 7 5 2 6 0 3 
708 3 4 2 6 5 
709 1 5 0 
710 1 5 6 4 7 
711 0 6 3 4 7 5 
712 5 7 6 2 0 
713 7 4 2 6 3 5 
714 7 4 3 1 0 5 
715 1 0 2 
716 0 3 5 6 2 4 
717 3 6 7 2 4 5 1 
718 3 5 2 6 7 0 
719 4 2 5 6 7 0 3 
720 3 0 6 1 5 
721 7 5 1 4 0 
722 4 1 2 6 5 
723 4 5 2 6 7 3 
724 7 4 1 6 2 5 
725 3 0 7 6 4 1 5 
726 1 7 6 4 2 
727 4 1 3 0 
728 2 5 6 7 0 4 3 
729 5 3 2 
730 6 7 4 
731 1 6 2 3 
732 1 0 
733 6 5 7 0 4 
734 6 0 5 4 1 
735 2 4 1 3 6 5 
736 7 1 2 5 6 3 0 
737 2 4 1 6 5 
738 1 0 4 3 
739 6 0 1 5 7 4 
740 3 5 6 7 4 1 
741 4 2 7 1 5 
742 1 5 6 4 7 
743 0 1 7 3 4 
744 6 4 5 7 0 
745 4 5 6 7 3 
746 3 4 1 6 2 5 
747 2 0 4 7 5 1 
748 4 5 1 3 7 6 0 
749 4 5 1 0 
750 0 1 6 5 7 4 
751 5 6 3 4 7 0 
752 0 4 3 7 6 2 1 
753 0 1 5 
754 0 2 1 
755 5 6 1 4 7 2 
756 3 1 0 4 2 
757 0 6 3 4 7 5 
758 5 4 1 6 2 
759 2 0 5 4 6 1 
760 0 6 3 4 7 5 
761 7 6 5 2 0 
762 6 5 2 1 7 3 
763 4 5 1 3 7 0 6 
764 3 5 2 6 4 7 
765 7 5 4 6 2 
766 1 0 
767 1 7 6 5 2 0 
768 6 1 0 
769 5 2 6 7 0 4 3 
770 1 4 5 0 
771 7 5 6 4 1 
772 2 4 6 3 5 
773 1 2 4 7 5 
774 1 4 3 6 2 7 0 5 
775 0 2 5 6 7 4 3 
776 5 4 7 6 0 
777 7 5 1 3 6 0 4 
778 7 2 3 0 5 
779 1 0 5 3 4 2 
780 0 6 7 5 4 1 
781 3 0 4 7 5 1 
782 3 5 4 6 1 7 0 
783 4 6 2 0 3 7 
784 3 5 6 2 4 
785 7 1 0 
786 5 1 3 7 6 0 4 
787 4 3 6 5 7 0 
788 7 5 6 3 4 1 
789 3 5 1 7 6 0 4 
790 1 6 7 2 4 5 
791 4 6 7 5 1 
792 2 7 6 5 0 
793 5 6 7 4 1 
794 6 2 3 0 7 5 
795 1 0 4 2 3 5 
796 1 0 4 3 
797 6 4 1 3 2 5 
798 6 2 3 0 7 5 
799 2 5 7 4 6 
800 7 5 4 6 1 0 
801 2 3 0 7 5 
802 2 0 1 
803 6 4 5 7 0 
804 3 5 1 7 6 0 4 
805 4 6 2 0 3 7 
806 1 5 6 4 7 3 
807 0 1 5 
808 6 1 3 0 
809 5 1 7 3 4 0 
810 3 1 2 6 5 4 
811 2 5 4 6 1 7 0 
812 4 0 6 7 5 2 
813 4 1 3 0 
814 0 1 5 3 4 2 
815 5 4 7 6 3 0 1 
816 0 4 3 7 1 5 
817 0 5 6 3 7 2 1 
818 0 5 6 4 7 3 
819 5 2 0 3 4 
820 3 0 4 7 5 1 
821 0 5 6 7 3 4 1 
822 5 4 3 2 1 
823 2 1 
824 0 1 
825 7 4 6 5 3 0 1 
826 5 1 0 
827 4 2 1 0 3 
828 3 1 2 7 5 6 0 
829 6 5 2 3 1 
830 1 5 6 4 7 2 
831 1 5 7 6 0 4 
832 6 0 3 2 1 
833 5 2 3 6 1 
834 1 0 6 5 7 4 
835 7 2 4 1 5 
836 3 0 5 6 7 2 1 
837 1 4 3 6 2 5 
838 1 4 5 7 6 0 
839 0 5 1 3 7 6 4 
840 5 1 3 7 0 6 4 
841 7 5 2 6 4 3 
842 7 2 4 1 5 
843 1 6 7 5 4 
844 0 3 2 
845 3 5 4 2 6 0 
846 3 1 7 4 0 
847 4 5 7 6 2 
848 3 6 7 5 4 1 
849 7 4 2 6 3 5 
850 5 7 6 2 0 
851 4 5 2 6 7 3 
852 7 6 3 4 0 5 
853 3 2 0 7 5 
854 1 4 3 6 2 7 0 5 
855 4 1 7 3 0 
856 2 1 7 5 6 3 0 
857 5 7 6 2 0 
858 6 4 5 7 0 
859 1 5 4 3 2 
860 1 6 2 3 
861 6 4 1 3 2 5 
862 6 5 7 4 2 
863 2 1 0 3 
864 7 1 2 6 5 4 
865 2 3 
866 2 4 5 0 1 
867 6 4 1 2 5 
868 3 5 2 1 7 6 
869 4 1 6 2 5 
870 1 0 3 2 6 
871 3 5 2 6 1 
872 6 0 5 4 1 
873 5 2 6 7 0 4 3 
874 3 1 0 5 4 2 
875 2 6 1 3 
876 4 1 
877 4 5 6 1 7 2 
878 0 1 4 2 3 
879 5 0 4 2 1 3 
880 3 1 0 
881 3 5 2 6 7 0 
882 2 3 5 6 4 
883 7 6 2 4 5 1 
884 3 1 
885 2 4 3 6 7 1 0 5 
886 5 1 2 7 6 3 0 
887 2 0 6 7 5 4 
888 0 4 7 6 5 3 1 
889 7 5 2 3 6 1 
890 5 1 7 3 4 0 
891 4 1 0 
892 3 6 2 1 
893 6 5 4 1 7 0 
894 1 5 4 6 7 0 
895 2 4 6 3 5 
896 6 4 3 7 2 1 
897 5 6 4 7 1 
898 3 5 4 2 1 
899 6 5 1 4 0 
900 6 1 0 
901 3 2 1 0 
902 7 4 5 6 0 
903 7 5 6 0 4 
904 4 5 0 1 
905 6 5 7 4 2 
906 7 4 2 6 3 5 
907 1 5 4 0 
908 0 3 6 5 7 4 
909 5 4 3 7 6 2 1 
910 7 2 3 0 5 
911 4 5 2 6 0 
912 2 0 5 4 6 1 
913 6 2 1 0 3 
914 5 0 6 3 7 2 1 
915 4 0 6 7 5 2 
916 6 1 0 
917 3 2 0 4 5 
918 3 1 0 4 2 
919 7 0 1 
920 2 0 6 7 5 4 
921 7 0 6 5 4 2 
922 6 1 7 4 2 
923 2 5 1 3 7 6 0 4 
924 2 1 5 0 
925 6 5 2 1 7 3 
926 7 6 4 
927 2 6 7 4 
928 7 1 3 0 
929 4 5 7 6 0 
930 2 0 6 1 5 
931 6 5 7 3 4 1 
932 5 2 3 6 1 
933 4 6 3 7 0 5 
934 7 5 4 2 6 0 
935 2 5 4 3 1 
936 4 3 5 6 2 
937 7 0 6 5 4 2 
938 2 7 6 5 0 
939 2 1 0 4 3 
940 6 1 7 4 2 
941 7 1 3 4 0 
942 0 1 2 6 5 4 
943 5 1 0 
944 2 5 6 7 0 3 
945 2 1 5 0 
946 2 0 5 4 6 1 
947 4 0 2 1 3 5 
948 2 1 7 5 6 3 0 
949 2 0 7 6 4 1 5 
950 5 3 2 
951 2 0 5 6 3 7 1 
952 0 2 3 4 5 
953 6 5 1 3 7 0 4 
954 4 6 2 0 3 7 
955 4 0 6 7 5 2 
956 2 0 3 6 1 
957 6 4 3 7 1 0 5 
958 7 5 2 6 0 3 
959 1 5 6 4 7 2 
960 6 4 5 7 0 
961 5 0 3 2 6 1 
962 1 5 2 6 4 7 3 
963 7 6 4 
964 6 0 1 5 7 4 
965 6 0 1 5 7 4 
966 7 5 2 1 6 3 
967 7 6 2 0 3 4 
968 5 0 7 6 4 1 
969 7 5 4 2 6 0 
970 7 0 1 6 5 4 
971 4 5 7 6 2 
972 6 4 7 5 3 0 1 
973 5 6 1 4 7 2 
974 6 2 1 3 
975 4 1 2 6 5 
976 6 5 4 1 7 0 
977 7 3 6 5 0 4 
978 5 6 7 3 4 1 
979 4 5 1 3 7 6 0 
980 7 3 6 5 0 4 
981 4 1 0 2 3 
982 4 2 1 0 3 
983 4 2 1 0 3 
984 4 1 7 3 0 
985 5 4 1 3 6 2 
986 6 1 
987 7 4 3 6 2 1 
988 6 0 1 5 
989 6 3 2 
990 6 4 3 2 7 1 0 5 
991 4 5 6 7 3 1 
992 7 0 4 2 1 3 5 
993 4 6 7 3 5 1 0 
994 6 1 3 0 
995 6 4 3 2 7 1 0 5 
996 5 1 
997 4 3 2 
998 1 4 7 6 5 3 0 
999 0 1 2 7 5 6 3 
1000 6 1 0 
1001 5 7 6 0 4 
1002 2 4 7 1 5 
1003 2 1 7 6 4 
1004 4 5 7 6 0 
1005 4 5 1 0 
1006 0 1 6 5 7 4 
1007 5 3 6 7 0 4 
1008 2 1 0 4 3 
1009 2 4 1 6 5 
1010 2 5 3 6 1 
1011 5 4 7 6 3 0 1 
1012 2 1 0 5 3 4 
1013 2 4 3 7 1 0 5 
1014 5 4 0 1 
1015 2 0 3 6 1 
1016 7 3 6 5 0 4 
1017 7 1 2 6 5 4 
1018 4 5 6 7 3 1 
1019 4 3 5 6 2 
1020 7 1 
1021 6 3 5 2 4 
1022 7 1 2 6 5 4 
1023 6 1 2 5 4 
