0 2 1 5 6 0 7 
1 0 5 1 7 
2 7 6 0 1 
3 0 6 7 1 
4 7 4 5 
5 0 5 2 7 3 
6 3 4 6 5 7 
7 3 1 2 4 5 
8 3 0 1 5 
9 6 0 7 1 
10 5 1 2 4 3 
11 1 4 0 3 5 
12 7 1 5 6 0 
13 4 2 0 6 3 7 
14 1 5 4 7 0 
15 3 0 1 5 7 
16 0 4 5 7 6 
17 2 0 5 1 7 
18 7 5 4 0 1 
19 3 4 5 0 
20 4 0 3 1 5 7 
21 1 2 4 3 5 
22 3 0 6 7 1 
23 5 4 2 1 3 
24 3 0 2 7 
25 5 2 0 6 3 7 
26 2 0 6 3 7 
27 5 0 1 7 
28 1 0 2 7 3 
29 4 5 2 0 7 3 
30 0 1 5 
31 2 4 1 5 3 
32 5 4 0 
33 7 1 5 0 
34 4 0 1 7 
35 4 5 6 7 
36 5 4 6 7 
37 1 0 5 4 2 3 7 
38 5 6 7 
39 0 4 2 1 5 3 
40 6 5 4 7 0 
41 4 0 2 7 1 3 
42 2 0 1 3 
43 3 0 1 2 5 
44 4 1 3 5 
45 5 2 6 1 7 3 
46 0 5 1 7 
47 5 2 0 6 3 7 
48 6 0 5 4 3 7 
49 4 0 2 1 7 3 
50 1 5 6 0 7 
51 5 2 0 6 3 7 
52 1 4 5 0 
53 5 1 4 3 
54 1 0 3 7 
55 1 0 2 7 3 
56 6 2 0 3 7 
57 5 6 4 7 
58 2 1 0 6 7 3 
59 6 0 2 1 7 3 
60 3 4 1 5 0 
61 7 5 4 0 1 
62 7 1 5 0 
63 3 2 1 4 5 7 
64 2 0 5 3 7 
65 0 5 6 4 7 
66 7 2 1 0 6 3 
67 0 6 7 
68 7 0 1 
69 0 5 1 7 
70 3 4 7 5 
71 3 5 4 7 0 
72 3 6 4 7 5 
73 6 5 4 7 
74 5 1 2 4 3 7 
75 1 6 0 7 
76 7 0 1 5 3 
77 4 1 0 3 
78 1 0 2 6 7 3 
79 3 1 2 4 5 
80 0 6 4 7 5 
81 2 1 4 5 3 7 
82 7 4 1 5 0 
83 3 4 5 
84 4 0 1 5 3 7 
85 1 0 2 7 3 
86 3 0 1 5 7 
87 5 1 0 3 
88 3 5 1 0 7 
89 5 4 7 0 
90 2 0 1 7 
91 5 2 1 4 3 7 
92 1 2 5 3 
93 4 2 7 0 3 
94 0 1 4 5 
95 2 0 1 7 3 
96 4 0 3 5 
97 7 0 1 2 5 3 
98 4 6 0 7 
99 4 6 0 1 7 5 
100 5 4 0 3 
101 2 5 4 0 7 1 
102 5 6 4 7 
103 1 0 4 5 
104 6 4 7 5 
105 4 7 5 
106 2 4 3 5 
107 3 0 1 4 5 
108 4 1 0 3 7 
109 6 5 1 7 0 
110 0 5 1 7 
111 5 4 2 3 
112 6 2 3 5 
113 4 0 1 3 
114 1 5 7 0 
115 5 6 7 
116 1 0 6 7 
117 5 1 0 7 
118 1 0 3 
119 1 4 0 3 5 
120 6 0 2 3 1 
121 4 1 5 6 0 7 
122 2 0 5 4 3 7 
123 6 0 2 3 7 
124 3 4 0 5 
125 7 4 2 3 5 
126 7 1 2 4 3 5 
127 3 0 1 5 7 
128 2 6 0 1 7 3 
129 0 1 3 
130 6 1 5 0 
131 0 2 1 4 5 3 7 
132 7 0 3 1 5 
133 0 6 1 7 5 
134 3 0 1 5 7 
135 3 0 6 7 1 
136 3 5 1 0 7 
137 6 5 2 0 7 3 
138 5 1 0 3 7 
139 1 6 0 2 7 3 
140 7 1 5 6 0 
141 4 1 0 2 6 7 3 
142 1 6 7 
143 3 5 1 0 7 
144 0 4 2 3 5 
145 2 4 3 5 
146 6 0 2 1 7 3 
147 3 1 4 5 
148 4 2 1 5 3 
149 1 4 6 5 7 
150 3 5 4 0 7 1 
151 5 1 0 2 6 7 3 
152 7 6 
153 5 4 
154 2 0 6 3 7 
155 5 2 0 6 3 7 
156 1 2 0 3 
157 4 0 1 5 3 7 
158 0 4 7 5 
159 2 0 6 1 
160 5 0 1 3 
161 7 2 6 1 3 
162 4 1 0 3 
163 4 6 0 7 
164 5 2 1 3 
165 0 1 4 3 5 
166 5 0 1 3 7 
167 1 5 6 0 7 
168 6 4 5 7 
169 4 2 1 5 3 7 
170 2 1 5 0 
171 3 5 1 0 7 
172 4 0 2 1 7 3 
173 6 5 4 7 
174 0 5 1 7 
175 5 0 1 3 7 
176 6 0 7 1 
177 4 0 1 7 
178 1 4 5 0 
179 5 2 6 1 7 3 
180 1 2 5 4 3 7 
181 5 0 1 4 3 
182 1 2 0 6 3 7 
183 3 2 5 
184 6 4 5 
185 4 6 0 7 1 
186 2 6 0 7 
187 6 4 1 5 0 
188 3 0 2 1 
189 7 2 3 5 
190 4 1 2 0 3 
191 3 2 0 6 7 
192 2 6 4 7 5 
193 0 4 5 
194 7 2 1 0 6 3 
195 1 2 5 3 
196 7 0 1 4 3 5 
197 0 6 2 1 7 3 
198 3 6 0 7 
199 3 0 5 4 2 7 
200 3 0 6 1 
201 6 0 3 1 5 7 
202 4 1 2 0 3 
203 1 6 7 
204 7 5 1 0 
205 4 5 2 0 7 3 
206 1 5 0 
207 3 0 5 4 2 7 
208 0 6 7 
209 0 2 1 5 3 
210 7 6 0 
211 3 0 2 7 
212 4 1 2 0 3 
213 1 0 3 
214 3 0 2 7 1 
215 4 1 5 0 
216 3 2 1 4 5 7 
217 6 0 2 3 1 
218 2 0 3 6 7 
219 5 6 4 7 
220 1 5 0 7 
221 3 2 0 1 
222 0 6 7 
223 0 5 4 7 1 
224 7 0 5 4 2 3 
225 7 5 1 0 
226 4 1 0 5 
227 4 7 5 
228 5 4 
229 1 2 5 4 3 7 
230 5 2 1 0 6 3 7 
231 1 4 5 
232 6 0 2 3 7 
233 4 5 7 6 
234 2 1 0 4 5 
235 3 0 1 
236 4 1 5 6 0 7 
237 2 4 5 
238 0 6 2 1 7 3 
239 5 0 1 4 3 
240 7 4 5 0 
241 4 0 5 1 7 
242 1 6 7 
243 5 0 6 1 
244 1 0 7 
245 5 2 1 3 
246 1 0 2 7 3 
247 1 6 0 7 5 
248 6 1 0 2 7 3 
249 4 0 1 2 7 3 
250 2 0 3 6 7 
251 6 5 4 0 7 1 
252 3 0 2 5 7 
253 7 0 2 5 3 
254 6 0 2 3 1 
255 3 2 7 0 
256 2 0 1 7 
257 0 2 6 3 7 
258 7 4 1 5 0 
259 0 2 1 5 3 
260 7 0 1 5 
261 0 4 5 
262 3 0 1 5 7 
263 3 2 1 5 
264 3 2 0 1 
265 6 0 5 4 2 3 7 
266 5 6 0 1 7 
267 1 2 6 7 3 
268 7 5 2 0 3 
269 4 6 0 2 1 7 3 
270 1 4 5 0 
271 3 1 2 4 5 
272 0 6 7 
273 2 1 5 0 
274 7 1 5 6 0 
275 3 0 5 4 7 
276 4 0 2 5 3 7 
277 0 1 5 
278 3 4 5 0 
279 5 4 7 0 
280 3 4 5 
281 5 0 2 3 7 
282 2 1 5 4 3 7 
283 5 0 1 
284 1 5 2 0 7 3 
285 3 2 0 1 
286 0 1 2 4 3 
287 2 0 6 1 
288 5 0 1 
289 7 4 6 5 
290 5 2 0 6 3 7 
291 7 0 1 5 
292 5 4 7 
293 1 6 7 
294 5 4 2 3 
295 1 0 2 7 3 
296 6 2 0 1 3 
297 4 2 7 0 3 
298 1 6 0 7 
299 2 0 3 7 
300 4 1 3 5 
301 6 5 4 0 7 1 
302 0 2 6 3 7 
303 7 4 0 3 5 
304 7 1 0 4 5 
305 4 6 0 7 
306 1 0 2 7 3 
307 5 1 0 7 
308 1 0 5 7 
309 5 1 2 4 3 
310 1 0 2 5 3 
311 1 6 0 7 5 
312 6 4 5 7 
313 4 5 0 7 1 
314 2 1 0 6 7 3 
315 6 5 2 0 7 3 
316 2 4 1 5 3 
317 7 4 6 5 
318 7 1 0 3 
319 3 0 1 2 7 
320 2 6 4 7 5 
321 0 6 1 7 5 
322 5 4 2 3 
323 0 1 2 5 3 
324 7 5 4 0 
325 0 4 7 5 
326 3 0 5 4 2 7 
327 3 1 0 2 6 7 
328 1 2 6 7 3 
329 6 2 0 1 3 
330 5 2 1 3 
331 1 0 5 4 3 7 
332 6 5 4 7 
333 4 1 0 2 6 7 3 
334 1 0 3 7 
335 3 4 2 1 5 
336 0 4 2 3 5 
337 2 4 6 5 7 
338 7 1 0 3 
339 3 0 2 1 
340 4 1 5 0 
341 1 6 0 7 
342 3 1 6 0 7 
343 0 1 6 7 
344 3 0 1 2 7 
345 5 1 0 3 
346 2 4 7 5 
347 1 0 4 3 5 
348 0 6 7 1 
349 4 6 0 7 1 
350 0 1 2 6 7 3 
351 2 4 6 5 7 
352 5 1 0 4 
353 7 4 5 6 
354 1 4 5 
355 4 7 5 
356 4 0 5 3 7 
357 2 1 4 3 5 
358 4 0 1 2 5 3 
359 1 0 5 
360 6 4 7 5 
361 4 6 7 
362 2 0 1 7 3 
363 3 4 5 
364 4 0 2 1 7 3 
365 6 0 2 3 7 
366 0 5 4 3 7 
367 4 0 5 1 7 
368 6 0 5 4 3 7 
369 7 4 5 
370 0 6 1 7 5 
371 4 5 0 
372 1 6 0 7 
373 7 4 5 6 
374 1 0 4 5 
375 1 0 5 4 2 3 7 
376 5 0 6 1 
377 6 4 2 3 5 
378 0 1 5 6 7 
379 6 0 5 4 3 7 
380 3 0 6 1 
381 7 1 6 0 
382 7 1 5 0 
383 3 4 5 0 
384 2 4 3 5 
385 0 4 1 5 
386 2 0 3 6 7 
387 1 0 5 4 3 7 
388 2 6 4 7 5 
389 2 1 5 4 3 7 
390 5 2 0 1 3 
391 0 2 1 6 3 7 
392 6 2 7 0 3 
393 5 6 4 7 
394 7 1 0 3 
395 0 1 5 3 7 
396 7 1 0 3 
397 1 6 7 
398 7 6 0 1 
399 0 2 6 1 7 3 
400 7 4 5 
401 2 1 6 0 7 
402 2 0 6 1 
403 0 2 1 3 
404 6 2 0 1 3 
405 3 4 5 
406 3 1 5 0 
407 5 6 0 7 1 
408 0 4 5 
409 6 0 2 1 7 3 
410 1 0 2 5 3 
411 5 4 7 
412 6 7 
413 4 6 7 5 
414 0 1 5 
415 0 2 6 3 7 
416 5 0 1 2 3 
417 4 2 6 1 7 3 
418 4 1 2 3 5 
419 4 0 5 3 7 
420 6 5 4 7 
421 4 0 3 1 5 7 
422 0 1 3 
423 2 0 6 1 
424 6 0 1 5 
425 4 2 0 6 3 7 
426 2 4 5 7 6 
427 3 0 2 5 7 
428 6 1 5 0 7 
429 2 7 0 3 
430 0 5 1 7 
431 2 6 0 7 1 
432 6 0 3 2 7 
433 4 5 7 0 
434 7 0 6 1 
435 2 1 4 5 3 7 
436 7 0 2 1 3 
437 4 6 0 7 
438 6 5 1 7 0 
439 3 6 0 2 1 7 
440 0 2 1 5 3 
441 4 6 0 7 1 
442 6 5 1 7 0 
443 6 5 4 0 7 1 
444 3 6 4 7 5 
445 7 2 6 1 3 
446 7 0 1 5 
447 3 1 2 5 4 7 
448 2 4 1 5 0 
449 0 1 3 
450 7 6 0 2 1 3 
451 0 5 4 2 3 7 
452 7 0 1 
453 0 2 6 3 7 
454 3 0 6 1 
455 3 1 0 4 5 
456 3 5 2 0 7 
457 7 2 1 5 3 
458 5 2 1 0 6 3 7 
459 1 0 2 3 
460 7 6 
461 4 0 1 3 5 
462 1 4 7 5 
463 3 2 7 0 
464 0 4 5 
465 2 5 0 7 3 
466 7 2 0 3 
467 3 2 0 1 
468 4 5 1 7 0 
469 1 6 0 7 5 
470 3 1 6 0 7 
471 5 0 1 3 7 
472 3 6 0 7 
473 5 2 1 3 
474 2 1 4 3 5 
475 5 0 4 2 3 7 
476 1 4 3 5 
477 4 6 0 1 7 5 
478 0 2 1 6 3 7 
479 2 0 1 3 
480 5 0 1 2 3 
481 7 0 6 1 
482 4 1 2 5 3 7 
483 4 0 5 1 7 
484 5 6 0 1 7 
485 1 6 7 
486 5 4 7 6 
487 1 4 0 3 5 
488 6 0 3 2 7 
489 4 0 1 3 
490 2 6 0 7 1 
491 3 0 6 7 1 
492 4 5 0 
493 6 0 3 2 7 
494 0 4 5 7 6 
495 5 2 7 0 3 
496 6 4 5 
497 4 6 7 
498 1 0 4 5 
499 5 0 3 1 7 
500 1 5 0 
501 5 2 7 0 3 
502 1 0 6 
503 0 6 7 
504 6 4 5 7 
505 4 1 2 5 3 7 
506 3 0 6 1 
507 6 0 1 2 5 3 
508 3 4 5 0 
509 7 5 6 4 
510 7 4 2 3 5 
511 3 0 2 7 1 
512 2 3 5 
513 0 5 1 7 
514 7 2 0 6 3 
515 0 1 2 5 4 3 7 
516 7 2 0 6 3 
517 0 4 7 5 
518 2 0 3 7 
519 3 4 6 5 7 
520 3 1 0 7 
521 6 2 1 7 3 
522 5 0 2 3 7 
523 1 4 7 5 
524 7 4 2 1 5 3 
525 4 2 1 5 3 
526 1 6 0 7 5 
527 3 0 1 2 7 
528 0 1 5 
529 2 0 1 5 
530 7 4 6 5 
531 3 0 1 
532 4 0 2 3 1 
533 1 0 2 3 
534 3 4 6 5 7 
535 5 1 0 
536 3 5 2 0 7 
537 5 4 
538 2 5 0 7 3 
539 5 0 6 7 1 
540 1 0 3 
541 4 6 0 2 1 7 3 
542 0 1 4 5 
543 2 1 5 0 
544 5 4 1 0 
545 7 2 3 5 
546 4 2 3 5 
547 4 1 2 5 3 7 
548 5 2 1 3 
549 1 2 5 4 3 7 
550 5 1 2 4 3 
551 1 0 4 3 5 
552 6 0 7 1 
553 4 0 2 7 1 3 
554 2 0 5 4 3 7 
555 3 4 0 5 
556 4 2 1 5 3 7 
557 6 2 3 5 
558 0 2 7 3 
559 5 6 7 
560 6 0 1 2 7 3 
561 4 0 3 2 6 7 
562 1 0 2 3 
563 5 4 0 7 1 
564 1 0 2 7 3 
565 5 6 0 7 1 
566 1 6 0 7 5 
567 1 4 7 5 
568 6 0 2 1 7 3 
569 4 5 
570 2 1 4 3 5 
571 6 2 1 4 5 3 7 
572 3 6 7 
573 7 4 5 
574 7 1 5 6 0 
575 3 4 6 5 7 
576 2 0 3 1 
577 0 4 3 5 
578 7 1 2 4 3 5 
579 0 1 5 
580 7 2 0 6 3 
581 1 0 2 5 3 7 
582 2 6 0 1 7 3 
583 3 2 0 1 
584 3 4 5 7 6 
585 6 2 0 3 7 
586 5 0 2 3 1 
587 1 6 7 
588 7 0 1 4 3 5 
589 4 0 1 3 
590 1 5 0 7 
591 3 6 0 7 1 
592 0 6 7 
593 1 5 2 0 7 3 
594 7 4 5 
595 2 1 5 4 3 7 
596 4 0 1 2 7 3 
597 1 0 6 7 
598 3 0 2 7 
599 5 4 7 6 
600 3 0 2 7 1 
601 5 4 0 7 1 
602 2 6 1 7 3 
603 5 2 0 6 3 7 
604 1 0 2 7 3 
605 4 5 6 7 
606 0 2 1 6 3 7 
607 2 7 0 3 
608 5 2 1 3 
609 7 1 6 0 
610 4 0 5 3 7 
611 4 2 1 5 3 7 
612 5 0 4 3 7 
613 1 2 4 0 3 
614 5 0 1 7 
615 1 0 2 7 3 
616 6 2 1 0 3 7 
617 4 5 7 0 
618 2 0 7 1 3 
619 3 4 0 5 
620 4 2 0 1 3 
621 6 2 0 3 7 
622 0 6 7 1 
623 5 6 0 2 1 7 3 
624 6 2 3 5 
625 4 1 2 3 5 
626 1 5 7 0 
627 5 0 1 2 7 3 
628 1 4 5 
629 5 1 0 3 7 
630 1 4 2 5 3 
631 1 5 4 7 0 
632 6 0 2 5 3 7 
633 4 6 7 5 
634 2 1 5 6 0 7 
635 6 2 1 5 3 
636 3 6 7 
637 7 2 1 0 6 3 
638 7 2 1 0 6 3 
639 3 0 6 7 1 
640 2 0 1 7 3 
641 0 6 7 1 
642 7 0 2 1 3 
643 0 2 6 3 7 
644 7 0 2 1 3 
645 0 1 7 
646 3 6 0 1 7 5 
647 3 0 2 7 
648 2 6 4 7 5 
649 6 0 7 1 
650 5 6 0 7 1 
651 1 4 5 0 
652 7 6 
653 4 1 6 0 7 
654 1 4 0 3 5 
655 3 6 0 1 7 5 
656 0 5 4 7 1 
657 2 6 0 7 1 
658 7 4 1 5 0 
659 3 0 5 4 2 7 
660 4 7 5 
661 1 4 7 5 
662 3 0 5 1 7 
663 5 1 0 7 
664 0 6 1 
665 5 4 
666 2 5 6 4 7 
667 5 0 1 4 3 
668 1 2 6 7 3 
669 4 1 0 5 
670 0 1 3 
671 2 4 1 5 0 
672 5 1 6 0 7 
673 7 0 2 3 1 
674 5 4 7 
675 4 7 5 
676 5 4 0 3 
677 1 6 0 7 
678 5 0 4 3 7 
679 1 6 0 7 
680 6 0 7 
681 4 1 6 0 7 
682 2 1 0 6 3 7 
683 3 0 1 5 7 
684 4 5 1 7 0 
685 6 1 2 4 0 3 
686 0 3 1 5 7 
687 5 2 6 1 7 3 
688 6 0 1 7 
689 4 0 3 2 6 7 
690 1 4 3 5 
691 5 0 1 7 
692 1 0 5 4 3 7 
693 5 0 1 4 3 
694 1 0 2 6 7 3 
695 1 2 0 3 
696 6 4 0 3 5 
697 4 1 0 3 
698 2 1 4 0 3 
699 6 1 4 3 5 
700 3 0 2 7 
701 7 2 1 0 6 3 
702 7 4 1 5 0 
703 3 0 1 7 
704 2 0 6 3 7 
705 0 1 2 4 3 
706 7 1 0 3 
707 0 1 2 4 3 
708 7 1 2 4 0 3 
709 0 2 6 3 7 
710 3 0 2 1 
711 3 6 0 1 7 5 
712 3 0 2 7 1 
713 7 0 2 5 3 
714 5 2 3 
715 1 0 3 
716 7 2 0 6 3 
717 4 0 1 5 3 7 
718 1 2 4 3 5 
719 3 0 1 2 7 
720 0 1 3 7 
721 2 6 7 
722 7 0 1 4 3 5 
723 3 6 4 7 5 
724 4 5 
725 1 2 4 5 3 7 
726 3 2 6 1 7 
727 5 2 3 
728 3 2 5 
729 5 0 1 4 3 
730 2 6 0 1 7 3 
731 5 0 1 7 
732 1 6 7 
733 4 6 7 
734 0 3 1 5 7 
735 2 1 5 4 3 7 
736 5 4 2 1 3 
737 7 1 6 0 
738 4 5 1 7 0 
739 4 1 2 5 3 7 
740 6 4 5 7 
741 1 4 5 
742 6 5 1 7 0 
743 1 4 7 5 
744 6 0 3 1 5 7 
745 6 4 5 7 
746 2 4 7 5 
747 3 0 1 
748 6 0 7 
749 6 0 7 1 
750 0 4 2 1 5 3 
751 7 6 
752 6 0 1 4 3 5 
753 7 6 0 2 1 3 
754 1 0 2 7 3 
755 7 2 6 1 3 
756 1 2 3 5 
757 7 2 1 5 3 
758 1 0 5 
759 1 0 2 5 3 7 
760 6 2 3 5 
761 6 0 5 1 7 
762 3 4 5 0 
763 6 1 0 4 5 
764 3 2 7 0 
765 7 2 1 4 5 3 
766 7 4 2 1 5 3 
767 2 6 7 
768 2 5 6 4 7 
769 0 1 2 7 3 
770 7 2 0 6 3 
771 0 4 3 5 
772 6 1 2 4 0 3 
773 1 2 3 5 
774 3 0 2 6 7 
775 3 1 0 
776 3 4 5 0 
777 6 5 1 0 7 
778 7 0 2 3 
779 1 6 0 2 7 3 
780 7 0 1 3 
781 4 0 1 7 
782 1 5 6 4 7 
783 3 1 5 0 
784 0 2 6 3 7 
785 2 4 5 
786 7 0 1 5 
787 3 0 2 5 7 
788 6 1 0 7 
789 3 0 2 7 1 
790 3 1 4 5 
791 5 4 7 
792 3 6 0 7 1 
793 6 1 0 3 
794 2 1 4 3 5 
795 5 0 4 2 3 7 
796 1 2 4 5 3 7 
797 6 2 1 7 3 
798 0 6 4 7 5 
799 2 1 4 5 3 7 
800 7 2 0 3 
801 7 0 2 3 
802 4 5 
803 7 2 1 4 5 3 
804 6 4 5 
805 2 0 1 7 
806 6 5 4 0 7 1 
807 2 0 5 3 7 
808 6 2 0 3 7 
809 6 7 
810 2 0 5 4 3 7 
811 3 5 4 7 0 
812 6 4 7 5 
813 6 0 3 2 7 
814 0 2 3 1 
815 7 1 0 2 6 3 
816 6 5 1 7 0 
817 7 4 2 1 5 3 
818 1 2 5 4 3 7 
819 7 4 5 0 
820 1 0 3 7 
821 7 0 1 3 
822 1 4 5 
823 2 4 7 5 
824 6 5 1 0 7 
825 6 0 1 
826 2 1 0 3 7 
827 6 0 1 7 5 
828 3 4 2 5 
829 7 2 3 5 
830 7 0 3 2 6 
831 3 1 2 4 5 
832 2 4 6 5 7 
833 0 4 5 7 6 
834 7 6 
835 2 1 0 3 7 
836 7 4 5 
837 2 1 4 0 3 
838 0 4 5 7 6 
839 3 1 0 2 6 7 
840 3 1 6 0 7 
841 6 0 1 
842 7 1 0 4 5 
843 2 0 3 6 7 
844 7 0 2 5 3 
845 4 0 1 2 5 3 
846 1 0 3 
847 3 0 5 4 2 7 
848 7 0 1 5 3 
849 2 4 6 5 7 
850 7 0 5 1 
851 3 1 0 4 5 
852 6 5 4 7 
853 2 0 3 6 7 
854 2 0 1 3 
855 5 0 1 
856 7 1 2 5 4 3 
857 6 0 3 1 5 7 
858 2 0 5 4 3 7 
859 5 0 1 2 3 
860 6 4 5 
861 6 4 0 3 5 
862 0 5 4 7 1 
863 4 0 2 7 1 3 
864 7 1 0 3 
865 6 0 1 4 3 5 
866 4 5 6 7 
867 6 0 7 1 
868 6 4 0 3 5 
869 6 4 5 
870 6 2 3 5 
871 2 6 0 7 1 
872 6 2 3 5 
873 6 4 7 5 
874 2 0 3 7 
875 2 6 0 7 1 
876 6 0 3 2 7 
877 6 4 5 
878 0 5 1 7 
879 7 5 2 0 3 
880 6 1 0 2 7 3 
881 7 1 4 3 5 
882 7 6 0 2 1 3 
883 6 2 7 0 3 
884 7 1 0 3 
885 7 6 0 
886 6 7 
887 6 5 4 0 7 1 
888 6 4 7 5 
889 6 4 7 5 
890 6 0 3 1 5 7 
891 6 1 2 4 0 3 
892 4 0 5 1 7 
893 7 4 1 5 0 
894 7 5 4 0 
895 7 5 1 0 
896 5 4 2 3 
897 0 3 1 5 7 
898 2 4 5 
899 2 4 1 5 0 
900 2 1 5 6 0 7 
901 2 4 3 5 
902 7 4 5 
903 2 0 3 6 7 
904 6 7 
905 1 0 3 7 
906 0 1 7 
907 2 0 7 1 3 
908 1 0 3 5 7 
909 4 1 3 5 
910 7 4 5 
911 2 0 1 5 3 
912 7 2 0 6 3 
913 2 0 6 3 7 
914 2 6 0 7 1 
915 2 1 5 6 0 7 
916 0 5 1 7 
917 2 0 3 6 7 
918 2 0 1 5 3 
919 0 3 1 5 7 
920 7 0 2 1 3 
921 3 0 6 7 1 
922 2 6 0 1 7 3 
923 1 5 4 0 7 
924 6 4 5 7 
925 3 5 2 0 7 
926 0 5 4 2 3 7 
927 4 0 5 3 7 
928 5 6 7 
929 2 1 4 0 3 
930 1 5 4 7 0 
931 0 1 2 6 7 3 
932 5 4 2 1 3 
933 4 5 7 0 
934 0 1 3 
935 0 1 3 7 
936 5 2 6 1 7 3 
937 1 0 2 7 3 
938 0 6 7 1 
939 2 0 3 1 
940 4 0 1 5 
941 2 1 0 6 7 3 
942 0 1 6 7 
943 2 0 1 4 3 5 
944 1 6 0 2 7 3 
945 4 1 6 0 7 
946 0 1 4 5 
947 2 0 7 1 3 
948 0 5 2 7 3 
949 4 2 0 1 3 
950 0 6 7 1 
951 2 5 1 7 0 
952 0 2 5 3 7 
953 4 0 1 3 5 
954 0 4 5 
955 6 4 7 5 
956 5 2 1 0 6 3 7 
957 6 2 1 0 3 7 
958 2 1 0 4 5 
959 7 2 0 6 3 
960 5 0 2 3 7 
961 0 1 2 5 3 
962 5 0 1 3 7 
963 0 5 4 7 
964 6 5 1 0 7 
965 2 1 4 0 3 
966 0 6 1 
967 0 2 3 7 
968 1 0 2 7 3 
969 5 2 0 6 3 7 
970 5 0 3 1 7 
971 2 4 3 5 
972 6 0 5 4 2 3 7 
973 4 6 0 7 
974 1 5 0 
975 0 2 1 7 3 
976 0 4 2 1 5 3 
977 0 2 3 7 
978 6 0 1 7 
979 0 1 2 5 3 
980 4 1 5 6 0 7 
981 2 1 4 3 5 
982 2 0 1 5 3 7 
983 5 6 0 7 1 
984 0 1 3 7 
985 5 6 4 7 
986 1 6 0 7 
987 5 2 1 0 6 3 7 
988 0 1 2 4 3 5 
989 4 6 5 7 
990 0 1 2 5 3 
991 0 4 5 
992 5 1 0 2 6 7 3 
993 4 6 0 7 1 
994 4 2 1 5 3 
995 4 0 2 3 1 
996 5 0 1 2 7 3 
997 2 4 1 5 3 
998 5 1 7 0 
999 2 5 6 4 7 
1000 5 1 0 3 
1001 4 6 0 7 1 
1002 0 5 1 7 
1003 2 0 1 5 
1004 4 2 7 0 3 
1005 5 1 2 4 3 
1006 0 4 7 5 
1007 5 0 2 3 7 
1008 6 0 1 5 3 7 
1009 4 1 2 0 3 
1010 0 6 7 1 
1011 5 1 6 0 7 
1012 0 5 4 7 
1013 5 2 0 7 3 
1014 0 4 5 7 6 
1015 2 5 4 7 0 
1016 5 2 1 4 3 7 
1017 4 1 3 5 
1018 0 6 7 1 
1019 6 4 5 0 
1020 4 6 0 7 
1021 6 2 7 0 3 
1022 4 6 0 7 1 
1023 7 6 
