0 5 4 7 3 
1 5 6 0 1 4 
2 3 7 6 4 
3 3 1 7 6 4 2 5 
4 1 2 7 5 6 3 4 
5 4 2 1 
6 6 2 1 4 
7 5 7 4 
8 6 7 5 4 
9 4 3 1 0 
10 1 7 4 3 5 2 
11 0 3 6 7 1 4 
12 5 1 6 7 4 0 
13 4 1 3 0 
14 7 3 6 1 5 2 
15 3 6 1 7 0 4 
16 0 1 6 7 4 
17 4 1 6 7 0 
18 0 4 5 2 
19 0 4 3 7 2 5 
20 1 6 3 2 4 
21 1 5 6 0 4 
22 7 4 3 5 2 
23 1 3 0 2 4 
24 5 6 7 2 3 
25 3 5 1 6 0 4 
26 1 6 7 2 5 3 
27 0 3 5 1 
28 7 0 1 3 
29 5 3 6 7 1 2 
30 5 0 3 6 7 1 4 
31 1 6 7 3 0 2 4 5 
32 3 6 0 1 4 
33 4 3 5 1 0 
34 5 7 6 4 
35 5 3 6 7 0 2 4 1 
36 5 3 6 7 0 2 4 1 
37 2 4 7 5 3 
38 1 6 7 4 3 
39 0 4 3 1 7 6 2 5 
40 6 3 4 2 1 
41 0 3 6 7 1 5 2 
42 7 5 3 1 2 
43 4 6 7 0 5 1 
44 0 3 2 4 
45 3 0 7 1 
46 5 7 4 6 3 
47 7 3 4 1 5 
48 3 6 4 7 5 
49 1 4 3 7 6 2 5 
50 0 6 7 4 5 
51 4 7 5 
52 2 7 5 6 3 4 
53 4 3 0 7 6 2 5 
54 4 1 7 6 0 
55 1 4 3 0 
56 7 3 4 2 1 
57 2 1 7 6 0 4 
58 7 5 4 
59 6 7 4 1 5 
60 5 3 0 2 6 1 4 
61 3 4 1 7 6 2 5 
62 0 1 4 
63 0 7 6 4 5 
64 5 7 1 0 6 4 
65 5 6 7 2 4 
66 3 1 7 6 4 2 5 
67 3 5 1 0 
68 1 3 4 2 
69 4 7 6 5 3 
70 6 7 5 4 
71 5 6 7 3 1 
72 6 7 4 5 
73 4 3 7 2 5 
74 1 3 6 4 7 5 2 
75 1 6 7 4 0 
76 5 7 6 4 
77 4 1 7 3 5 
78 6 0 1 4 
79 3 4 7 5 
80 0 1 7 6 4 
81 4 3 0 
82 0 3 5 1 4 
83 0 7 6 1 5 
84 1 6 7 4 3 
85 1 7 0 6 3 
86 7 3 6 0 2 4 1 
87 1 6 7 4 5 
88 5 7 6 4 
89 3 7 6 4 5 
90 0 3 7 6 2 5 
91 1 3 6 7 0 2 4 
92 4 7 6 5 
93 5 1 6 7 4 0 
94 5 4 6 7 2 1 
95 1 7 6 5 
96 3 6 7 4 5 
97 4 3 1 5 
98 4 7 6 5 3 
99 5 4 2 
100 5 0 1 
101 2 5 4 
102 1 7 4 6 5 
103 1 6 7 2 5 3 
104 5 3 1 7 6 4 2 
105 0 7 6 5 4 
106 7 6 4 1 5 3 
107 4 3 6 7 1 5 2 
108 0 3 2 6 1 4 
109 3 5 6 4 
110 5 1 4 3 0 
111 7 6 3 2 4 
112 3 0 7 1 
113 1 5 0 
114 0 6 1 4 
115 7 2 5 6 3 4 
116 0 4 5 2 
117 6 7 1 5 
118 4 7 5 
119 2 0 4 3 
120 7 6 4 3 
121 2 6 7 4 5 
122 7 3 1 0 4 
123 6 7 3 5 1 
124 4 3 0 
125 3 4 1 7 6 2 5 
126 0 4 3 
127 1 5 6 0 4 
128 5 3 4 2 1 
129 5 4 3 0 
130 3 7 6 5 4 
131 3 4 0 
132 0 5 3 1 4 
133 4 7 6 5 
134 6 7 1 0 5 4 
135 6 7 4 3 
136 7 1 4 3 5 
137 4 3 6 7 0 2 1 
138 1 7 4 6 5 3 
139 0 7 4 6 5 1 
140 7 6 4 0 5 1 
141 4 5 1 6 0 
142 6 5 0 3 1 4 
143 3 0 4 2 
144 0 2 1 4 
145 4 7 3 5 2 
146 1 6 7 2 4 
147 1 7 6 0 4 
148 1 5 6 4 3 
149 1 6 7 4 5 
150 7 3 4 2 1 
151 1 6 7 3 0 2 4 5 
152 5 3 1 0 
153 3 7 5 4 
154 0 7 6 4 5 
155 2 7 5 4 
156 4 6 7 5 
157 5 6 7 2 4 
158 5 7 4 
159 1 7 4 6 5 
160 3 5 1 2 
161 4 3 
162 5 3 7 6 0 
163 5 7 6 4 
164 6 5 4 3 
165 2 6 7 3 5 1 
166 1 7 4 3 5 
167 1 5 4 
168 5 4 6 7 2 1 
169 0 1 6 7 4 
170 7 3 6 4 1 5 2 
171 4 5 1 
172 0 3 4 2 1 
173 3 4 
174 5 6 7 2 4 
175 7 5 0 3 1 4 
176 3 6 7 4 5 
177 1 0 3 6 7 4 
178 1 5 0 
179 4 5 3 1 2 
180 0 3 1 7 6 4 2 5 
181 5 2 7 6 3 4 
182 4 3 2 1 
183 2 6 4 7 5 3 
184 7 6 0 1 4 
185 2 7 6 1 5 
186 6 4 7 2 5 1 
187 7 6 4 1 5 3 
188 4 3 1 7 6 2 5 
189 3 1 0 4 
190 0 4 5 1 
191 0 7 6 5 4 
192 5 7 6 1 
193 5 1 6 0 4 
194 3 7 4 6 5 
195 3 6 1 7 0 4 
196 2 4 3 0 
197 4 6 7 1 5 3 
198 6 1 0 4 
199 5 4 3 
200 6 0 3 7 1 4 
201 6 5 0 1 
202 1 3 5 0 
203 2 4 5 1 
204 2 0 3 6 7 1 4 
205 4 7 6 1 5 
206 6 3 5 1 0 
207 3 4 7 5 
208 1 5 6 0 4 
209 6 4 3 1 7 2 5 
210 0 4 6 7 2 5 1 
211 0 3 6 4 7 1 5 2 
212 1 7 6 0 4 
213 6 7 4 1 5 
214 5 3 0 2 6 1 4 
215 1 4 7 5 3 
216 5 4 7 3 
217 3 6 7 4 5 
218 0 6 7 5 4 
219 1 6 7 4 0 
220 4 3 
221 4 7 5 3 
222 5 6 4 7 1 3 
223 1 0 3 6 7 4 
224 3 4 5 1 
225 4 0 3 6 7 1 
226 5 4 3 7 2 
227 5 1 4 3 0 
228 5 7 6 4 
229 2 6 7 4 5 
230 1 6 4 7 5 3 
231 1 4 7 5 3 
232 5 6 7 4 
233 0 6 1 4 
234 7 6 4 1 5 
235 4 7 5 
236 0 1 4 3 
237 3 4 0 
238 5 2 1 4 
239 7 3 4 2 1 
240 2 7 6 4 5 
241 1 5 4 
242 2 4 5 
243 4 3 5 1 0 
244 0 6 4 7 1 5 3 
245 5 3 4 2 1 
246 6 5 0 1 
247 2 1 6 7 4 0 
248 7 6 3 2 4 
249 2 6 7 4 3 
250 7 4 5 1 
251 6 3 1 0 4 
252 4 7 3 5 2 
253 3 4 7 5 
254 0 1 4 
255 0 6 4 7 5 3 
256 5 3 0 7 6 2 
257 5 6 3 2 4 
258 3 6 7 2 5 
259 3 5 1 2 
260 1 6 7 3 0 2 4 5 
261 4 3 6 7 0 2 1 
262 6 5 4 3 
263 5 3 0 7 6 2 
264 6 4 7 5 3 
265 4 6 7 5 3 
266 1 5 0 3 4 
267 0 6 4 7 1 5 3 
268 5 6 4 7 1 3 
269 4 1 0 
270 6 5 0 1 
271 3 1 7 4 5 
272 0 7 1 6 5 4 
273 4 6 3 2 
274 1 7 6 5 4 
275 0 7 6 4 5 
276 0 5 6 4 3 
277 1 7 0 6 5 4 
278 7 5 1 6 0 4 
279 1 6 3 2 4 
280 5 7 4 
281 3 1 7 4 5 
282 0 3 1 4 
283 1 6 7 2 4 
284 4 0 7 1 3 
285 5 6 0 1 4 
286 7 6 1 0 4 
287 1 3 6 4 7 5 2 
288 3 0 6 7 1 4 
289 4 3 1 5 
290 5 3 0 2 6 1 4 
291 7 6 3 0 2 4 5 
292 5 6 7 4 
293 2 6 1 7 0 4 
294 1 7 6 4 5 
295 1 6 7 2 5 3 
296 5 3 0 7 6 2 
297 0 6 3 7 2 4 
298 6 5 4 3 
299 4 3 5 1 0 
300 1 7 0 6 5 4 
301 3 6 7 4 5 
302 4 7 5 3 
303 7 0 3 6 1 4 
304 3 6 1 7 0 4 
305 2 7 6 5 4 
306 0 4 3 2 
307 4 7 3 5 2 
308 0 3 4 1 5 
309 5 4 3 1 7 6 2 
310 4 5 0 3 1 
311 2 7 6 4 
312 6 4 7 2 5 1 
313 2 4 3 
314 7 3 6 0 5 
315 6 0 3 7 1 4 
316 5 7 4 6 3 
317 3 0 4 2 
318 0 3 2 4 
319 0 3 1 4 
320 5 6 7 2 4 
321 5 6 7 4 
322 3 4 7 2 5 
323 3 0 7 6 2 5 
324 2 3 1 7 6 4 5 
325 4 1 7 6 0 
326 2 3 0 7 6 5 
327 5 6 7 3 1 
328 7 6 4 0 5 1 
329 4 6 7 5 
330 3 6 2 4 
331 1 7 0 6 3 
332 4 3 1 5 
333 4 5 0 1 
334 6 3 7 1 5 2 
335 2 6 4 7 5 3 
336 0 4 6 7 2 5 1 
337 6 7 4 5 
338 0 1 4 3 
339 1 3 5 0 
340 3 1 6 7 4 0 
341 1 6 4 7 5 3 
342 7 4 5 2 
343 1 4 3 0 
344 5 7 6 4 
345 3 0 7 6 2 5 
346 0 5 4 
347 2 7 4 6 5 3 
348 4 3 0 7 6 2 5 
349 4 5 1 
350 5 7 6 4 
351 1 7 6 4 5 
352 3 7 6 4 
353 4 7 6 5 
354 5 4 
355 2 7 5 6 3 4 
356 5 6 0 1 4 
357 2 3 4 1 5 
358 2 7 5 6 3 4 
359 1 3 0 2 6 4 
360 5 4 6 7 2 1 
361 1 7 4 3 5 2 
362 7 6 0 1 4 
363 4 3 5 1 0 
364 0 4 3 
365 3 7 6 4 1 5 
366 7 0 6 3 1 
367 6 3 0 2 4 
368 2 4 6 7 5 1 
369 1 6 3 7 2 4 
370 2 5 1 6 0 4 
371 4 3 2 1 
372 1 3 7 6 4 2 5 
373 7 1 0 6 5 4 
374 4 3 5 1 0 
375 2 7 5 4 
376 7 3 6 1 5 2 
377 2 7 6 1 5 
378 7 4 3 2 5 
379 6 4 7 0 5 1 
380 4 6 1 7 0 
381 3 0 2 4 
382 0 6 7 3 5 1 
383 0 6 4 7 5 1 
384 5 1 6 0 4 
385 4 3 5 1 0 
386 2 7 4 6 5 1 
387 0 7 4 6 5 1 
388 6 4 5 2 
389 4 7 6 5 3 
390 6 3 1 7 4 2 5 
391 0 6 4 7 5 1 
392 6 4 7 2 5 1 
393 6 7 4 5 
394 6 1 4 3 0 
395 0 4 3 7 2 5 
396 2 5 4 
397 4 1 7 3 5 
398 2 3 0 7 6 5 
399 3 5 1 0 
400 3 7 1 0 6 5 4 
401 5 4 3 7 2 
402 2 1 0 4 
403 2 7 5 4 
404 7 1 6 0 4 
405 3 4 7 2 5 
406 5 1 6 7 4 0 
407 1 6 7 3 5 
408 3 7 4 6 5 
409 7 3 4 2 1 
410 4 3 0 2 6 1 
411 1 7 0 6 5 4 
412 3 5 0 1 
413 5 1 7 4 3 
414 5 3 0 2 6 1 4 
415 3 7 4 5 2 
416 4 6 7 2 5 1 
417 6 4 3 
418 6 3 7 0 5 
419 7 3 1 0 4 
420 2 1 7 6 0 4 
421 2 3 4 1 5 
422 7 0 3 6 1 4 
423 4 0 7 1 3 
424 3 4 5 1 
425 0 4 5 2 
426 3 4 1 5 
427 3 6 7 5 1 
428 3 4 5 2 
429 3 7 6 5 4 
430 2 3 4 1 5 
431 3 6 7 4 5 
432 3 6 7 0 2 4 5 
433 1 4 5 2 
434 4 0 3 2 
435 2 3 7 6 0 5 
436 0 3 1 7 6 4 2 5 
437 5 2 7 6 3 4 
438 6 4 3 1 7 2 5 
439 1 5 3 2 
440 7 3 1 6 4 2 5 
441 7 6 5 4 
442 7 6 3 0 2 4 5 
443 6 7 4 5 3 
444 4 3 0 
445 1 3 6 7 5 2 
446 0 4 7 5 3 
447 0 3 5 1 4 
448 5 6 7 2 4 
449 5 4 3 
450 3 0 6 7 1 4 
451 3 6 7 1 5 2 
452 1 4 3 7 2 5 
453 4 7 6 5 1 
454 6 1 7 0 4 
455 5 3 1 2 
456 6 7 4 5 1 
457 4 6 3 2 
458 1 7 4 6 5 3 
459 0 5 4 
460 5 4 3 0 
461 4 6 7 2 
462 6 5 0 3 1 4 
463 3 6 7 5 1 
464 0 3 6 4 7 1 5 2 
465 4 7 0 6 3 1 
466 0 3 1 4 
467 0 7 6 1 5 
468 1 6 4 7 5 3 
469 1 6 7 4 5 
470 7 2 5 6 3 4 
471 1 3 0 4 
472 5 4 2 
473 3 7 6 5 4 
474 2 3 5 1 0 4 
475 1 6 4 7 5 3 
476 4 6 7 2 5 3 
477 5 3 6 4 7 1 2 
478 5 6 7 4 
479 1 6 3 7 2 4 
480 3 5 0 1 
481 4 1 0 
482 5 6 0 1 4 
483 4 0 3 6 7 1 
484 5 4 
485 2 1 7 4 3 5 
486 1 0 4 
487 1 6 3 2 4 
488 4 5 1 
489 0 7 6 4 1 5 
490 7 6 4 5 
491 4 7 6 5 1 
492 0 4 3 
493 3 5 0 1 
494 5 7 6 4 1 
495 7 4 3 2 5 
496 3 4 
497 1 6 4 7 0 5 
498 0 7 6 4 
499 4 6 7 3 
500 0 3 4 1 5 
501 5 6 7 4 
502 4 1 7 6 0 
503 2 7 6 5 4 
504 7 0 6 3 1 
505 2 7 4 3 5 
506 7 1 0 6 5 4 
507 6 7 5 4 
508 4 6 3 7 2 
509 3 5 1 0 4 
510 0 4 3 1 7 6 2 5 
511 0 4 5 2 
512 5 3 1 0 4 
513 5 7 6 4 
514 3 0 2 4 
515 2 3 4 1 5 
516 1 6 7 4 0 
517 4 6 0 1 
518 6 1 7 4 3 5 
519 5 4 7 3 
520 6 7 0 3 1 
521 4 3 0 2 6 1 
522 1 6 7 0 4 
523 0 5 3 1 2 
524 5 0 7 1 3 
525 4 3 2 1 
526 6 5 0 3 1 4 
527 3 6 7 0 2 4 5 
528 0 6 3 2 4 
529 4 7 6 5 
530 0 4 3 
531 0 6 4 7 5 1 
532 1 6 7 3 5 
533 1 6 7 3 0 2 4 5 
534 7 4 5 2 
535 1 3 6 7 0 2 4 
536 5 4 3 
537 3 6 7 0 2 4 1 
538 0 1 6 7 4 
539 1 5 0 
540 4 3 
541 5 7 6 4 
542 5 3 6 4 7 1 2 
543 1 6 4 7 5 3 
544 3 6 4 7 0 5 1 
545 4 5 2 
546 5 1 0 4 
547 5 3 6 7 1 2 
548 4 2 1 
549 2 6 7 3 0 4 5 
550 1 3 4 2 
551 1 7 6 4 5 
552 5 6 7 2 4 
553 0 5 1 
554 7 6 2 4 
555 4 6 1 7 0 
556 0 3 5 1 4 
557 3 5 6 4 
558 5 1 7 6 0 4 
559 7 5 1 6 0 4 
560 3 0 7 1 
561 1 6 4 7 5 3 
562 0 7 6 3 1 
563 4 6 7 5 
564 0 7 5 4 
565 5 1 7 6 0 4 
566 4 7 1 0 6 5 
567 2 7 1 0 6 5 4 
568 7 0 4 3 2 
569 2 7 4 3 5 
570 7 5 1 6 0 4 
571 6 7 4 5 1 
572 4 5 
573 2 7 5 6 3 4 
574 0 5 4 
575 0 5 6 4 3 
576 4 0 7 1 3 
577 5 3 4 2 1 
578 3 5 0 1 4 
579 3 6 7 1 5 2 
580 1 3 6 7 5 2 
581 4 6 7 5 
582 6 1 0 4 
583 4 1 0 
584 6 3 5 1 0 
585 4 5 6 3 
586 1 3 0 7 6 2 5 
587 0 7 6 5 4 
588 5 2 7 6 3 4 
589 4 7 3 5 2 
590 6 2 1 4 
591 3 4 
592 0 5 3 1 2 
593 4 6 7 3 0 2 5 
594 0 5 6 4 3 
595 0 6 1 7 4 
596 1 6 7 4 5 
597 1 7 0 6 3 
598 7 1 6 0 4 
599 1 7 0 6 3 
600 5 3 1 0 4 
601 3 4 7 5 
602 0 6 7 3 5 1 
603 1 6 7 4 0 
604 4 1 0 
605 5 6 7 4 
606 5 4 2 
607 1 7 6 5 4 
608 3 7 6 0 5 
609 4 6 3 7 2 
610 5 7 4 6 3 
611 5 6 0 1 4 
612 5 4 
613 2 7 1 0 6 5 4 
614 1 3 0 2 6 4 
615 1 6 7 2 5 3 
616 5 7 4 6 1 
617 0 3 1 7 6 4 2 5 
618 7 6 2 4 
619 4 6 7 1 5 3 
620 0 7 1 3 
621 3 6 4 7 0 5 1 
622 5 0 1 
623 7 3 6 1 5 2 
624 3 7 6 0 5 
625 1 3 5 0 
626 0 6 3 7 2 4 
627 4 6 3 7 2 
628 0 2 1 4 
629 5 7 6 1 
630 4 2 1 
631 2 3 6 7 0 4 1 
632 7 6 5 4 
633 2 5 0 3 1 4 
634 7 5 4 
635 6 0 4 3 2 
636 4 3 0 2 
637 3 0 4 2 
638 0 7 1 6 5 4 
639 0 4 3 7 2 5 
640 5 2 1 4 
641 5 3 1 2 
642 3 7 0 6 1 
643 3 6 7 2 5 
644 1 0 3 6 7 4 
645 4 0 3 2 
646 6 4 3 0 
647 5 7 6 4 
648 6 3 7 0 2 4 1 
649 4 0 7 1 3 
650 1 4 5 
651 0 4 5 1 
652 5 1 7 4 3 
653 4 3 1 7 6 2 5 
654 6 4 3 0 
655 3 6 7 4 
656 0 6 1 7 4 
657 5 7 4 
658 0 6 7 4 3 
659 0 7 4 6 5 3 
660 1 3 0 2 4 
661 1 5 4 
662 7 4 3 2 5 
663 1 3 6 4 7 5 2 
664 4 3 7 6 0 5 
665 2 3 0 4 
666 0 3 6 7 2 4 1 
667 1 6 7 4 3 
668 4 5 1 6 0 
669 5 7 4 3 2 
670 5 0 7 1 3 
671 1 6 4 7 5 3 
672 3 5 1 2 
673 4 6 7 2 5 1 
674 5 3 7 6 0 
675 4 3 1 0 
676 5 6 7 2 3 
677 2 6 7 4 
678 1 7 6 4 5 
679 1 5 0 3 4 
680 5 1 0 4 
681 0 3 7 6 5 
682 7 6 1 0 4 
683 4 3 0 2 
684 0 2 7 5 6 3 4 
685 3 7 1 0 6 5 4 
686 5 4 1 
687 7 4 3 1 6 2 5 
688 3 1 0 4 
689 1 4 6 7 2 5 
690 0 6 1 7 4 
691 4 5 6 3 
692 0 2 1 4 
693 5 7 6 4 
694 4 7 6 5 
695 2 6 4 7 5 3 
696 7 6 1 5 
697 2 0 7 1 3 
698 7 6 2 4 
699 6 4 7 1 5 3 
700 4 6 7 5 
701 3 2 7 5 6 4 
702 0 3 2 4 
703 0 4 5 1 
704 5 3 1 7 6 4 2 
705 5 4 7 3 
706 3 4 1 5 
707 3 4 
708 1 5 3 2 
709 4 5 0 3 1 
710 6 7 5 4 
711 5 1 7 4 3 
712 6 5 0 3 1 4 
713 4 3 6 7 1 5 2 
714 1 6 7 4 5 
715 0 6 7 5 4 
716 5 7 6 4 
717 4 3 0 2 
718 6 3 0 7 2 5 
719 3 7 4 6 5 1 
720 0 7 1 6 5 4 
721 4 3 1 0 
722 0 1 4 3 
723 0 7 6 4 1 5 
724 1 5 3 2 
725 1 6 4 7 5 3 
726 7 6 3 2 4 
727 1 7 6 4 
728 5 0 1 
729 3 6 4 7 5 
730 0 6 4 7 5 3 
731 1 3 6 4 7 5 2 
732 4 6 7 3 
733 5 7 6 4 
734 5 6 7 3 1 
735 1 5 0 
736 3 5 6 4 
737 4 6 7 5 
738 5 7 4 
739 5 4 3 
740 5 6 7 4 
741 2 6 0 1 4 
742 1 6 7 5 4 
743 1 2 4 
744 5 6 4 3 
745 0 7 4 3 5 2 
746 7 5 4 
747 4 3 0 2 
748 0 6 3 2 4 
749 3 5 6 4 
750 5 4 3 1 7 6 2 
751 7 0 1 3 
752 3 6 7 0 2 4 5 
753 1 2 4 
754 0 1 4 3 
755 4 6 7 0 5 1 
756 0 4 3 
757 4 3 6 7 1 5 2 
758 4 7 5 
759 2 7 5 4 
760 7 4 6 2 5 1 
761 2 7 6 1 5 
762 7 6 3 2 4 
763 6 7 4 5 3 
764 4 1 3 0 
765 1 2 4 
766 0 3 1 4 
767 0 7 6 1 5 
768 4 7 3 5 2 
769 4 6 7 3 5 1 
770 3 6 7 5 4 
771 3 6 1 7 0 4 
772 1 7 6 5 
773 4 3 0 2 6 1 
774 6 3 7 1 5 2 
775 4 1 7 3 5 
776 6 3 7 2 4 
777 4 3 0 2 6 1 
778 1 3 4 2 
779 0 6 7 4 3 
780 7 4 3 2 5 
781 7 3 6 0 2 4 1 
782 6 3 7 0 5 
783 3 7 6 0 5 
784 0 3 6 7 2 4 1 
785 6 3 7 2 4 
786 0 1 4 3 
787 0 3 5 1 4 
788 1 5 0 3 4 
789 1 7 4 3 5 2 
790 7 6 4 0 5 1 
791 0 4 5 1 
792 6 3 5 1 0 4 
793 3 6 4 7 1 5 2 
794 0 7 6 4 5 
795 0 6 1 4 
796 7 6 1 5 
797 7 6 2 5 3 
798 7 6 4 5 
799 1 5 6 0 4 
800 3 5 1 0 4 
801 6 2 7 5 3 4 
802 6 0 7 1 3 
803 7 6 3 0 2 4 5 
804 6 7 2 4 
805 2 7 0 6 3 1 
806 1 0 4 3 2 
807 1 6 7 2 4 
808 6 0 4 3 2 
809 0 3 7 6 2 5 
810 7 5 0 1 
811 6 3 2 4 
812 1 3 0 2 6 4 
813 3 2 1 4 
814 7 3 6 1 5 2 
815 7 6 4 5 
816 3 6 7 2 5 
817 1 4 3 7 6 2 5 
818 0 6 4 7 5 1 
819 6 7 5 4 
820 0 3 5 1 
821 7 5 6 4 3 
822 6 3 4 7 1 5 2 
823 2 0 7 1 3 
824 7 6 4 5 
825 2 3 4 1 
826 7 0 3 6 1 4 
827 6 3 0 7 2 5 
828 7 1 6 4 0 
829 3 0 6 7 1 4 
830 0 6 4 7 5 3 
831 0 3 2 6 1 4 
832 7 3 0 2 6 1 4 
833 6 3 7 0 5 
834 3 6 7 4 5 
835 3 6 7 4 5 
836 1 7 4 6 5 
837 6 1 7 0 4 
838 6 1 7 0 4 
839 7 6 4 5 3 
840 6 4 3 1 7 2 5 
841 6 7 4 
842 3 7 0 6 1 
843 2 7 0 6 3 1 
844 7 6 4 3 
845 7 5 0 3 1 4 
846 6 1 0 4 
847 2 1 7 4 3 5 
848 3 0 2 4 
849 6 3 4 1 5 
850 2 7 6 5 4 
851 2 0 4 3 
852 7 6 3 0 2 4 5 
853 6 7 5 4 
854 7 0 6 3 1 
855 2 3 7 6 0 5 
856 6 3 1 0 4 
857 7 6 2 4 
858 6 7 4 5 1 
859 2 6 7 4 3 
860 7 1 4 3 0 
861 7 3 5 1 0 
862 7 6 3 5 1 
863 3 4 7 2 5 
864 6 7 1 5 
865 6 7 3 0 2 4 5 
866 6 1 0 4 
867 2 1 6 7 4 0 
868 2 6 7 5 3 
869 2 3 1 7 6 4 5 
870 7 6 5 4 
871 6 7 5 4 
872 3 2 7 5 6 4 
873 2 4 3 0 
874 3 1 4 0 
875 3 4 
876 3 7 6 4 
877 3 1 4 0 
878 2 0 4 3 
879 3 4 1 5 
880 3 7 1 0 6 5 4 
881 2 1 4 
882 7 6 3 5 1 
883 2 0 4 3 
884 2 7 6 5 4 
885 2 1 0 4 
886 7 3 6 0 2 4 1 
887 7 3 5 1 0 
888 7 4 6 2 5 1 
889 7 4 3 1 6 2 5 
890 7 3 1 6 4 2 5 
891 2 7 6 4 
892 7 5 6 4 3 
893 6 7 4 1 5 
894 0 7 4 3 5 2 
895 6 3 1 7 4 2 5 
896 6 3 5 1 0 
897 6 7 4 5 
898 3 5 1 0 4 
899 6 7 4 5 1 
900 6 7 1 5 
901 6 7 3 0 2 4 5 
902 2 6 4 7 0 5 1 
903 2 6 7 5 4 
904 2 4 6 7 5 1 
905 6 7 3 5 1 
906 2 3 6 7 0 4 1 
907 2 6 3 7 4 
908 7 4 3 2 5 
909 7 6 2 5 3 
910 7 3 1 6 4 2 5 
911 3 5 1 2 
912 3 4 1 5 
913 6 7 2 5 3 
914 2 0 7 1 3 
915 2 1 4 
916 7 3 5 1 0 4 
917 3 4 1 5 
918 6 5 1 0 4 
919 2 5 3 1 
920 6 5 3 1 2 
921 2 6 7 4 3 
922 2 6 7 3 5 1 
923 2 7 4 6 5 3 
924 7 6 5 4 
925 7 6 1 0 4 
926 6 1 7 4 3 5 
927 2 6 4 7 1 5 3 
928 3 1 7 4 5 
929 6 7 4 
930 6 0 4 3 2 
931 6 4 7 2 5 1 
932 6 7 4 1 5 
933 2 6 7 5 3 
934 2 6 1 7 0 4 
935 2 4 5 
936 6 7 4 5 
937 2 7 5 4 
938 7 6 4 3 
939 6 5 1 0 4 
940 3 7 6 5 4 
941 2 7 4 3 5 
942 7 6 3 2 4 
943 7 6 4 1 5 
944 2 7 6 4 
945 2 3 0 4 
946 2 0 4 3 
947 7 6 4 5 
948 2 6 0 1 4 
949 7 6 4 1 5 
950 6 5 1 0 4 
951 2 7 4 6 5 1 
952 7 6 4 5 3 
953 2 1 7 6 0 4 
954 7 4 6 5 1 
955 7 2 5 6 3 4 
956 7 6 4 5 
957 6 3 7 2 4 
958 1 3 5 0 4 
959 6 0 1 4 
960 7 6 4 5 
961 6 3 5 1 0 4 
962 2 7 4 6 5 3 
963 6 4 5 1 
964 2 3 6 7 1 5 
965 6 3 4 7 1 5 2 
966 6 4 7 0 5 1 
967 7 6 4 5 3 
968 6 7 4 5 
969 6 3 0 2 1 4 
970 3 4 7 5 
971 2 6 3 7 4 
972 7 3 6 4 1 5 2 
973 7 6 4 3 
974 6 3 0 7 2 5 
975 2 5 3 1 
976 3 7 0 6 1 
977 6 4 3 1 7 2 5 
978 2 5 0 3 1 4 
979 2 6 7 5 4 
980 3 1 7 6 0 4 
981 3 6 7 2 4 
982 7 6 4 
983 2 1 7 4 3 5 
984 6 5 0 3 1 4 
985 2 5 4 
986 2 6 4 7 5 3 
987 2 3 0 7 6 5 
988 7 6 4 1 5 
989 7 3 6 0 5 
990 7 6 1 5 
991 2 6 3 4 
992 3 7 6 0 5 
993 6 1 4 3 0 
994 6 3 2 4 
995 7 6 4 5 
996 6 4 5 1 
997 2 6 4 7 5 3 
998 2 6 7 3 0 4 5 
999 2 3 6 4 7 1 5 
1000 6 3 1 0 4 
1001 2 1 4 3 0 
1002 7 4 3 0 
1003 6 2 7 5 3 4 
1004 3 6 7 0 2 4 1 
1005 2 3 0 6 1 4 
1006 7 6 4 0 5 1 
1007 7 6 5 4 
1008 2 3 6 7 1 5 
1009 2 7 0 6 3 1 
1010 2 6 3 7 4 
1011 7 4 5 1 
1012 2 7 6 5 4 
1013 6 7 4 
1014 6 1 7 4 0 
1015 2 6 7 5 3 
1016 6 1 0 4 
1017 2 3 0 4 
1018 6 4 3 1 7 2 5 
1019 2 6 3 7 4 
1020 6 3 7 0 5 
1021 2 7 6 5 4 
1022 0 4 3 7 2 5 
1023 2 4 5 
