0 6 0 3 7 1 4 
1 6 4 5 2 
2 6 5 2 
3 4 3 0 2 1 
4 0 5 4 
5 5 2 6 
6 4 3 0 2 1 
7 2 3 
8 1 5 7 6 3 
9 1 5 2 6 
10 5 4 2 
11 2 5 3 4 
12 4 1 3 5 0 
13 2 6 5 0 4 7 1 
14 0 5 1 4 2 6 
15 4 3 2 
16 2 4 3 6 7 
17 0 2 6 5 4 
18 1 7 4 6 5 
19 2 6 5 4 
20 1 3 6 5 2 
21 7 2 0 3 4 1 
22 3 5 7 0 2 6 
23 7 5 4 
24 5 1 3 0 
25 5 6 2 7 0 
26 5 0 3 1 
27 0 2 5 4 
28 6 1 2 7 4 5 
29 5 3 6 0 7 1 
30 5 4 6 2 
31 3 7 5 6 4 
32 2 5 3 4 
33 4 5 1 0 2 6 
34 1 2 3 0 5 
35 5 0 1 3 
36 3 2 
37 4 2 5 0 
38 7 6 5 
39 1 0 2 
40 6 5 2 7 0 
41 2 6 7 4 5 
42 2 1 3 5 4 0 
43 1 6 5 0 4 7 
44 0 4 5 3 2 
45 0 5 2 6 
46 4 3 6 5 2 
47 5 2 0 1 3 
48 5 4 6 2 
49 4 3 2 
50 4 5 2 
51 4 5 
52 6 4 2 5 
53 3 5 4 
54 4 5 6 
55 0 1 3 
56 7 0 6 1 2 
57 0 1 2 3 
58 0 5 4 
59 1 0 7 2 6 
60 3 4 6 7 2 
61 3 4 5 2 
62 5 0 1 2 3 
63 3 4 7 6 5 
64 6 4 5 3 2 
65 6 3 0 7 1 5 
66 6 5 0 2 
67 4 3 0 2 1 
68 0 3 2 
69 5 1 3 0 2 
70 4 3 6 7 2 
71 2 4 7 6 5 
72 1 6 5 0 4 7 
73 1 3 2 
74 5 6 0 4 7 1 
75 2 4 6 5 
76 4 7 5 0 3 6 
77 2 0 4 5 
78 0 7 1 2 6 
79 4 5 3 2 
80 3 5 6 4 
81 0 1 3 5 4 
82 1 3 0 2 4 
83 2 5 6 3 7 
84 1 3 6 0 7 5 
85 6 5 2 3 
86 3 6 5 0 4 7 1 
87 7 0 1 3 
88 5 4 6 
89 5 1 2 3 0 
90 5 2 6 4 
91 0 2 6 5 4 
92 6 5 4 2 
93 4 6 2 1 0 
94 5 4 7 6 
95 3 6 0 7 1 5 
96 2 7 4 6 5 
97 4 5 3 0 
98 0 7 6 5 
99 5 0 3 1 
100 3 5 0 2 6 
101 4 2 0 3 1 
102 7 6 4 5 
103 1 7 6 5 
104 6 5 3 2 4 
105 2 0 1 
106 2 1 3 5 4 0 
107 1 5 2 6 
108 0 5 3 2 4 
109 0 2 3 5 
110 4 6 5 0 7 1 
111 5 1 3 0 
112 5 4 2 
113 4 6 2 5 
114 5 2 6 4 
115 4 2 6 5 
116 6 4 5 2 
117 3 2 5 0 4 
118 4 6 7 5 
119 2 0 1 3 
120 7 4 3 6 2 
121 0 2 5 4 
122 0 7 6 5 2 
123 1 2 3 0 5 
124 3 4 6 5 
125 3 2 0 1 
126 5 2 6 4 
127 3 2 5 
128 6 5 4 
129 6 4 5 2 
130 6 0 5 3 1 
131 5 7 0 2 6 
132 1 5 0 4 2 6 
133 5 7 0 2 6 
134 7 2 6 5 4 
135 2 5 6 
136 1 5 3 2 4 
137 1 5 4 3 0 
138 5 3 2 
139 2 3 0 6 7 1 
140 4 5 3 0 
141 2 3 
142 0 5 4 
143 5 7 6 2 
144 2 6 5 4 
145 0 4 5 3 2 
146 1 6 5 2 3 
147 2 7 5 6 4 
148 1 5 4 3 0 
149 6 7 5 0 3 
150 3 1 0 5 
151 7 4 6 5 
152 4 3 6 7 2 
153 5 7 4 6 
154 4 5 3 0 
155 0 6 2 
156 6 1 3 0 5 
157 5 4 3 6 7 2 
158 5 0 6 7 1 2 
159 3 0 1 2 
160 2 5 0 6 
161 4 7 6 5 
162 1 6 2 0 
163 5 2 0 3 4 1 
164 3 6 5 2 
165 4 7 5 0 3 6 
166 7 1 3 0 5 
167 1 0 2 
168 7 5 4 
169 3 5 7 6 
170 2 5 0 6 
171 1 5 7 6 3 
172 0 6 2 1 
173 0 6 7 1 2 
174 4 7 5 6 
175 5 4 
176 5 2 0 4 
177 4 6 2 1 0 
178 4 3 6 5 2 
179 4 0 1 2 3 
180 7 5 3 4 2 
181 3 1 0 5 
182 4 0 6 7 1 2 
183 2 4 5 6 
184 7 0 3 1 4 6 
185 0 3 6 5 2 
186 0 6 1 2 7 4 5 
187 1 3 6 5 2 
188 3 2 
189 3 1 0 2 
190 5 7 4 6 
191 3 5 2 4 
192 6 5 7 0 2 
193 6 4 3 7 2 
194 6 7 5 4 
195 4 0 1 2 
196 0 5 3 4 2 
197 5 1 2 3 0 
198 5 7 6 2 
199 2 5 3 4 
200 1 3 6 0 7 5 
201 1 3 0 5 
202 4 5 2 
203 2 6 1 0 
204 4 5 3 0 
205 2 3 5 
206 0 3 6 7 1 5 
207 4 5 0 
208 2 3 1 0 
209 0 1 2 3 5 
210 1 4 7 6 5 
211 2 6 5 0 4 7 1 
212 1 3 2 
213 6 3 0 2 1 4 
214 3 6 1 2 7 4 5 
215 7 1 3 0 5 
216 5 2 1 4 
217 5 4 
218 7 2 0 3 4 1 
219 0 7 6 5 2 
220 6 2 0 1 3 
221 5 4 6 2 
222 5 2 0 3 
223 3 0 6 7 1 2 
224 2 0 4 5 
225 4 0 3 1 2 
226 1 4 5 2 6 
227 5 0 4 2 
228 3 4 5 2 
229 4 2 0 3 5 
230 7 6 5 2 3 
231 1 0 5 3 
232 6 0 7 1 2 
233 2 0 3 1 
234 2 0 7 1 6 
235 1 5 4 3 0 
236 0 5 6 4 
237 1 0 6 2 
238 4 5 1 0 2 6 
239 5 7 0 3 6 
240 5 0 2 6 
241 4 6 5 0 7 1 
242 4 5 6 2 
243 4 0 2 5 
244 6 5 4 2 
245 3 2 0 5 
246 5 3 1 0 2 
247 2 4 5 
248 7 5 2 6 
249 1 5 7 0 2 6 
250 0 5 6 3 7 2 
251 1 7 5 6 4 
252 3 0 6 2 
253 3 4 6 2 5 
254 5 4 6 2 
255 3 7 5 6 4 
256 6 0 3 1 2 
257 4 3 6 5 2 
258 6 4 2 5 
259 4 7 5 6 
260 0 4 2 5 
261 5 3 2 
262 4 3 2 
263 1 4 5 2 
264 1 2 5 4 
265 2 3 6 5 
266 5 0 1 3 
267 3 6 5 2 
268 4 2 6 5 
269 1 5 3 2 4 
270 1 3 0 2 
271 4 5 3 2 
272 2 5 4 6 
273 0 3 2 1 4 
274 0 4 5 3 2 
275 2 6 1 7 4 5 
276 1 5 0 4 2 
277 6 4 3 7 2 
278 3 4 5 2 
279 7 2 0 3 4 1 
280 7 6 5 2 
281 5 1 3 0 
282 5 2 1 4 
283 0 2 1 3 
284 6 4 5 
285 5 0 6 2 
286 5 1 0 4 2 
287 3 4 5 2 
288 2 1 3 0 5 
289 4 7 6 5 2 
290 1 3 0 2 4 
291 5 4 2 6 
292 3 1 5 4 0 
293 4 0 7 1 2 6 
294 7 2 5 0 4 
295 1 0 3 2 
296 6 3 5 2 
297 2 0 3 5 
298 2 3 6 5 
299 2 0 4 5 
300 1 4 6 5 
301 0 1 2 
302 4 5 2 
303 7 5 2 6 
304 5 3 6 2 
305 4 7 6 5 
306 4 0 1 3 
307 4 3 2 
308 6 0 7 1 2 
309 3 1 0 5 
310 4 5 6 3 7 2 
311 2 7 6 5 
312 7 6 5 
313 0 2 1 3 
314 0 3 6 2 7 1 
315 1 5 0 4 2 6 
316 3 0 7 1 4 6 
317 3 7 6 5 
318 5 6 4 
319 3 0 6 2 
320 6 2 3 5 
321 6 2 0 1 3 
322 6 7 4 5 
323 4 7 6 5 2 
324 0 6 2 1 
325 7 0 5 3 1 
326 4 7 5 6 
327 2 5 4 3 0 
328 1 3 6 5 2 
329 1 4 7 6 5 
330 5 7 6 
331 2 5 1 0 4 
332 4 5 2 6 
333 2 3 6 0 7 1 5 
334 0 4 2 5 
335 4 2 0 3 1 
336 3 7 5 0 6 
337 0 1 2 
338 1 3 0 5 
339 2 5 0 4 
340 1 0 3 
341 6 0 3 7 1 4 
342 3 2 6 5 4 
343 6 1 3 0 5 
344 7 4 5 2 
345 5 7 6 4 
346 5 1 3 4 0 
347 0 4 6 2 5 
348 6 0 3 1 2 
349 5 4 6 2 
350 6 7 4 5 
351 3 0 1 2 
352 2 0 6 
353 4 2 3 5 
354 1 3 5 4 0 
355 5 2 0 1 3 
356 3 6 0 7 1 5 
357 4 3 0 6 2 7 1 
358 7 5 1 0 4 2 
359 1 6 5 2 3 
360 6 5 1 0 4 2 
361 2 7 4 6 5 
362 2 5 1 4 
363 1 5 7 6 3 
364 0 5 3 4 2 
365 0 5 2 6 
366 4 0 6 7 1 2 
367 7 5 3 2 4 
368 5 6 1 2 7 4 
369 4 0 3 1 2 
370 5 6 1 2 7 4 
371 7 2 5 0 4 
372 6 7 5 2 
373 3 2 
374 5 6 2 1 0 
375 2 4 7 6 5 
376 7 5 0 2 6 
377 0 2 3 5 
378 0 7 6 5 2 
379 2 7 5 0 3 6 
380 3 5 6 7 2 
381 3 1 0 5 
382 5 4 
383 3 6 7 4 5 
384 6 5 0 2 
385 4 7 6 5 
386 6 5 4 0 
387 4 0 7 1 2 6 
388 1 0 3 7 4 6 
389 5 2 0 1 3 
390 4 5 3 2 
391 2 4 7 6 5 
392 1 0 3 
393 1 3 0 2 
394 5 3 4 2 
395 2 4 3 6 7 
396 5 6 7 4 
397 2 7 4 6 5 
398 0 3 7 1 4 6 
399 4 2 0 1 3 
400 2 4 5 
401 0 6 2 
402 1 3 6 5 2 
403 2 6 1 7 4 5 
404 1 4 7 6 5 
405 6 5 3 7 2 
406 3 6 0 7 1 5 
407 7 5 4 0 
408 5 4 
409 5 1 3 0 
410 5 0 2 6 
411 0 5 7 6 3 
412 6 5 7 3 
413 5 4 
414 5 2 0 3 
415 3 2 
416 2 3 0 6 7 1 
417 4 5 2 6 
418 1 6 2 0 
419 5 4 6 
420 3 6 7 4 5 
421 4 0 1 2 3 
422 7 0 1 2 
423 1 5 7 0 2 6 
424 6 1 3 0 5 
425 2 5 6 3 7 
426 2 6 5 4 
427 1 5 4 6 2 
428 0 3 6 7 1 5 
429 0 3 1 2 
430 4 0 7 1 2 6 
431 5 4 2 6 
432 4 0 3 7 1 6 
433 4 0 5 3 1 
434 4 7 6 5 
435 5 2 6 
436 6 3 0 7 1 5 
437 3 4 5 2 6 
438 4 6 5 2 7 0 
439 2 0 4 5 
440 7 2 5 1 4 
441 0 7 5 6 4 
442 0 3 1 2 
443 1 5 0 4 2 
444 3 0 7 1 4 6 
445 3 7 4 6 5 
446 5 6 2 3 
447 3 6 5 2 7 0 
448 6 4 5 
449 6 5 4 
450 6 4 3 7 2 
451 4 7 5 6 
452 0 3 2 1 4 
453 5 3 6 2 
454 4 5 6 2 
455 2 4 5 6 
456 1 6 5 2 7 0 
457 1 4 5 
458 5 6 1 2 7 4 
459 2 1 3 0 
460 4 7 5 6 
461 2 5 6 
462 0 6 5 4 7 1 
463 4 0 6 2 
464 2 5 6 4 
465 0 6 7 4 5 
466 1 0 3 2 
467 2 5 3 4 
468 1 2 5 0 4 
469 6 5 1 0 4 2 
470 3 2 0 4 1 
471 7 5 6 3 
472 5 0 6 2 
473 5 1 3 0 
474 5 0 6 2 
475 0 1 3 2 
476 6 4 5 
477 5 4 2 6 
478 5 4 7 6 
479 3 6 5 2 
480 2 5 1 0 4 
481 4 6 1 2 7 5 
482 1 5 7 6 3 
483 5 4 2 
484 3 1 2 0 5 
485 5 3 1 0 2 
486 7 5 4 0 
487 1 0 2 3 
488 6 3 1 0 2 
489 2 7 5 0 3 6 
490 2 4 5 
491 1 2 3 0 5 
492 0 5 3 2 4 
493 0 6 7 4 5 
494 4 5 3 2 
495 5 0 3 1 
496 5 3 6 2 
497 5 0 1 2 
498 4 0 5 3 1 
499 4 3 0 2 1 
500 6 1 2 3 0 5 
501 3 2 0 5 
502 4 5 3 2 
503 2 4 5 3 
504 7 3 2 
505 0 4 6 5 
506 0 5 3 4 2 
507 1 3 5 4 0 
508 3 6 5 2 
509 3 4 6 5 
510 5 6 4 
511 3 5 4 2 
512 6 5 3 7 2 
513 6 2 5 1 4 
514 6 5 1 0 4 2 
515 4 6 1 2 7 5 
516 0 7 5 6 4 
517 5 0 3 1 2 
518 4 5 
519 2 7 5 6 4 
520 1 0 2 3 
521 1 5 6 4 
522 5 1 0 4 2 
523 2 5 4 0 
524 4 5 0 
525 2 4 5 
526 0 5 7 2 6 
527 4 6 5 2 3 
528 2 7 5 6 4 
529 0 6 2 
530 1 2 0 3 4 
531 2 3 6 5 
532 1 7 6 5 
533 6 7 5 4 
534 3 1 0 2 
535 7 0 1 2 6 
536 5 6 7 4 
537 5 6 2 3 
538 5 4 6 2 
539 0 5 4 3 
540 6 2 5 0 4 
541 5 1 3 0 
542 5 6 7 4 
543 3 0 1 
544 2 5 1 4 
545 4 3 0 6 2 7 1 
546 1 6 5 2 7 0 
547 5 0 3 7 1 4 6 
548 3 7 6 5 
549 4 2 3 5 
550 7 6 1 2 4 5 
551 1 6 2 0 
552 6 0 7 1 2 
553 2 4 5 
554 2 0 3 5 
555 1 6 5 2 7 0 
556 0 1 3 5 
557 0 1 3 5 4 
558 4 3 2 
559 5 0 6 7 1 2 
560 5 0 4 2 
561 4 2 0 3 1 
562 4 0 6 2 
563 4 5 1 0 2 6 
564 6 1 2 3 0 5 
565 3 4 5 
566 4 3 2 
567 2 3 0 6 7 1 
568 7 6 5 2 0 
569 0 5 4 3 
570 0 1 3 5 
571 1 3 6 5 2 
572 3 0 7 1 2 6 
573 3 2 
574 5 6 3 7 2 
575 3 0 6 2 7 1 
576 6 5 4 
577 6 3 0 2 1 4 
578 6 4 7 5 
579 4 5 3 2 
580 0 5 1 4 2 6 
581 5 0 4 2 
582 4 7 5 0 3 6 
583 2 1 3 0 5 
584 1 3 0 5 
585 0 1 3 
586 5 7 6 2 
587 2 6 7 4 5 
588 4 2 0 3 5 
589 2 4 5 
590 0 3 1 2 
591 4 5 2 6 
592 2 4 5 
593 0 6 5 2 3 
594 1 2 6 5 4 
595 2 7 5 6 4 
596 1 0 3 7 4 6 
597 6 5 1 0 4 2 
598 3 2 5 
599 7 3 0 6 2 1 
600 5 1 0 4 2 
601 5 0 4 2 
602 5 1 3 0 2 
603 0 5 2 6 
604 6 7 5 
605 5 6 4 
606 5 6 2 1 0 
607 3 6 1 2 7 4 5 
608 2 5 0 6 
609 4 5 
610 1 2 5 4 
611 5 2 0 4 
612 3 5 0 2 6 
613 4 5 7 6 3 
614 7 5 0 2 6 
615 1 7 5 6 4 
616 6 4 5 3 2 
617 2 6 7 4 5 
618 2 4 3 6 7 
619 1 3 6 0 7 5 
620 0 5 4 
621 0 7 5 6 4 
622 4 1 3 5 0 
623 5 3 2 
624 5 2 1 4 
625 4 0 1 2 3 
626 4 3 1 0 2 
627 4 6 5 2 3 
628 6 7 5 4 
629 3 0 1 
630 4 6 5 2 3 
631 2 7 4 6 5 
632 7 6 1 2 4 5 
633 0 4 7 6 5 
634 0 5 4 
635 1 3 5 4 0 
636 3 2 5 
637 3 2 5 
638 5 3 2 
639 3 1 2 0 5 
640 6 3 0 2 7 1 
641 6 7 5 
642 6 7 5 
643 4 0 3 7 1 6 
644 0 5 3 1 
645 5 4 3 0 
646 4 5 6 2 
647 2 5 7 0 6 
648 1 2 3 0 5 
649 1 0 6 7 2 
650 5 6 3 7 2 
651 2 7 6 5 
652 4 2 5 1 
653 2 0 3 7 1 4 6 
654 0 1 3 2 
655 4 5 
656 2 5 1 4 
657 0 1 3 2 
658 1 3 2 
659 2 5 4 0 
660 1 3 0 6 2 7 
661 6 2 0 3 5 
662 3 6 2 1 0 
663 7 5 4 
664 5 2 3 
665 4 3 0 6 2 7 1 
666 5 7 6 2 
667 0 4 5 
668 6 2 5 0 4 
669 5 0 7 1 2 6 
670 4 3 1 0 2 
671 3 6 5 2 
672 2 7 5 0 3 6 
673 4 6 5 2 3 
674 1 0 2 3 
675 5 6 7 4 
676 3 5 7 6 
677 4 2 6 5 
678 7 4 6 5 
679 1 5 2 6 
680 6 7 5 4 
681 2 5 1 0 4 
682 2 3 6 5 
683 1 3 0 6 2 7 
684 0 1 2 
685 0 3 2 1 4 
686 4 0 1 2 3 
687 5 4 0 
688 5 7 0 2 6 
689 4 5 0 
690 4 7 5 6 
691 4 3 2 
692 6 3 5 2 
693 3 2 0 1 
694 4 0 1 2 
695 2 6 5 7 0 
696 7 1 3 0 5 
697 0 5 7 2 6 
698 0 5 1 4 2 
699 1 6 5 2 3 
700 3 0 7 1 2 6 
701 3 5 6 4 
702 5 4 7 6 
703 3 7 5 0 6 
704 6 5 3 7 2 
705 6 0 7 1 2 
706 6 5 4 
707 4 2 5 1 
708 0 2 3 5 
709 5 4 6 2 
710 4 2 5 0 
711 2 0 6 7 1 
712 1 6 5 2 7 0 
713 1 2 3 5 
714 5 4 0 
715 2 6 1 7 4 5 
716 4 6 2 5 
717 2 5 4 
718 0 2 5 1 4 
719 4 3 6 5 2 
720 2 1 3 0 5 
721 0 1 3 5 4 
722 1 3 0 2 
723 2 0 1 
724 1 5 6 3 7 2 
725 6 3 2 
726 3 0 6 2 
727 7 5 3 4 2 
728 5 3 6 2 
729 5 3 2 
730 5 0 7 1 2 6 
731 0 6 2 1 
732 6 5 3 2 4 
733 5 3 1 0 2 
734 4 5 6 
735 3 5 7 6 
736 2 0 1 3 
737 5 6 3 7 2 
738 1 2 6 5 4 
739 5 6 0 4 7 1 
740 3 0 5 1 
741 4 3 0 2 1 
742 7 2 5 0 4 
743 1 5 0 4 2 6 
744 6 2 0 3 4 1 
745 2 5 0 6 
746 2 5 7 6 3 
747 1 7 6 5 
748 0 4 6 5 
749 0 1 3 5 4 
750 4 6 5 0 7 1 
751 5 0 6 7 1 2 
752 5 3 0 6 2 7 1 
753 4 5 6 2 
754 4 6 1 2 7 5 
755 4 5 3 0 
756 6 5 7 0 2 
757 3 0 6 7 1 2 
758 4 5 6 3 7 2 
759 2 5 6 4 
760 7 0 6 1 2 
761 0 6 5 2 7 
762 0 4 7 6 5 
763 1 6 5 2 3 
764 3 0 1 2 
765 3 4 5 2 6 
766 6 1 2 3 0 5 
767 3 6 5 2 7 0 
768 6 1 2 3 0 5 
769 6 3 5 2 
770 6 4 5 2 
771 7 2 5 0 4 
772 0 2 3 5 
773 7 3 0 2 1 4 
774 7 3 6 5 2 
775 2 3 6 5 
776 1 2 0 3 4 
777 1 4 6 5 
778 7 0 1 3 
779 2 5 1 0 4 
780 6 0 4 2 5 
781 2 7 6 5 
782 0 1 2 3 
783 7 0 3 1 4 6 
784 2 4 6 5 
785 0 5 3 2 4 
786 1 4 6 5 
787 2 7 5 6 4 
788 1 0 5 3 
789 6 4 5 
790 3 5 4 
791 7 0 4 2 5 
792 7 6 5 2 0 
793 6 0 4 2 5 
794 1 0 3 
795 1 7 4 6 5 
796 6 2 5 4 
797 6 5 7 3 
798 6 0 1 3 
799 3 4 5 2 6 
800 2 0 1 3 
801 7 0 1 3 
802 1 6 2 7 4 5 
803 7 2 0 3 4 1 
804 3 4 6 5 
805 7 0 3 1 4 6 
806 7 5 0 2 6 
807 1 5 4 6 2 
808 6 5 3 4 2 
809 2 5 1 0 4 6 
810 2 1 3 0 
811 1 0 2 3 
812 0 1 3 5 
813 0 5 3 4 2 
814 7 5 1 0 4 2 
815 7 5 0 3 6 
816 6 5 4 0 
817 6 7 5 2 
818 7 5 0 2 6 
819 7 5 2 6 
820 6 7 5 
821 3 0 5 1 
822 6 7 5 4 
823 2 4 5 3 
824 7 4 5 3 2 
825 0 7 5 3 6 
826 0 5 4 6 2 
827 1 2 0 3 5 
828 3 2 0 1 
829 3 0 1 2 
830 6 5 4 3 0 
831 3 1 0 2 
832 6 4 3 7 2 
833 6 0 3 1 2 
834 6 5 0 4 7 1 
835 7 3 0 2 1 4 
836 0 7 6 5 2 
837 7 5 6 3 
838 7 2 0 3 4 1 
839 2 4 6 5 
840 1 6 5 2 3 
841 1 0 2 
842 7 3 0 2 1 4 
843 2 0 4 5 
844 6 3 2 
845 3 6 0 7 1 5 
846 0 5 1 4 2 6 
847 7 4 5 2 6 
848 2 0 4 5 
849 0 2 3 5 
850 1 6 5 2 7 0 
851 2 0 1 
852 1 0 6 7 2 
853 6 0 1 3 
854 3 6 5 2 
855 6 5 1 0 4 2 
856 7 2 0 1 3 
857 7 6 5 2 0 
858 7 2 0 3 4 1 
859 1 7 5 6 4 
860 6 2 1 0 
861 6 5 7 3 
862 6 4 5 2 
863 3 2 0 5 
864 2 1 3 0 
865 6 3 2 
866 0 4 5 2 
867 7 5 6 3 2 
868 3 4 7 6 5 
869 7 5 6 3 2 
870 7 4 3 6 2 
871 1 0 3 2 
872 6 5 4 
873 2 3 6 5 
874 2 5 1 0 4 
875 1 6 2 0 
876 0 4 5 3 2 
877 0 5 4 3 
878 7 5 0 2 6 
879 7 4 6 5 
880 6 5 3 4 2 
881 6 2 5 1 4 
882 7 4 6 2 5 
883 7 5 4 
884 6 4 5 3 2 
885 3 6 5 2 
886 6 2 0 1 3 
887 2 1 3 0 5 
888 7 5 0 3 6 
889 0 3 1 2 
890 0 5 1 4 2 6 
891 2 5 3 4 
892 3 6 2 1 0 
893 3 0 1 2 
894 6 0 1 2 3 
895 3 2 5 
896 7 3 0 6 2 1 
897 6 2 5 0 4 
898 6 7 5 4 
899 7 1 3 5 4 0 
900 0 5 3 2 4 
901 7 2 0 3 5 
902 7 2 0 3 4 1 
903 3 1 0 2 
904 1 4 5 2 
905 2 4 5 6 
906 7 2 3 5 
907 1 3 5 4 0 
908 6 7 5 4 
909 1 3 0 6 2 7 
910 0 1 3 
911 7 3 6 0 1 5 
912 2 5 6 4 
913 0 2 3 5 
914 0 7 6 5 2 
915 2 1 3 0 5 
916 0 1 2 3 5 
917 6 5 2 
918 3 5 7 0 2 6 
919 7 6 4 5 
920 7 1 3 0 5 
921 6 1 3 0 5 
922 7 0 6 2 
923 0 4 6 5 
924 7 5 4 6 2 
925 6 4 7 5 
926 6 0 7 1 2 
927 3 0 7 1 2 6 
928 3 5 4 2 
929 6 3 1 0 2 
930 1 3 0 5 
931 7 0 5 3 1 
932 3 0 1 2 
933 7 0 6 1 2 
934 7 3 6 0 1 5 
935 1 7 5 6 4 
936 6 4 2 5 
937 3 1 0 5 
938 3 6 5 2 7 0 
939 2 5 7 0 6 
940 0 6 2 
941 0 5 1 4 2 6 
942 7 1 3 0 2 
943 7 5 4 6 2 
944 7 2 5 1 4 
945 6 5 4 2 
946 7 5 6 4 
947 7 4 6 5 
948 7 2 0 1 3 
949 3 2 
950 7 3 2 
951 3 7 6 5 2 
952 7 5 2 6 
953 0 6 5 2 3 
954 1 0 3 7 4 6 
955 1 3 0 5 
956 3 4 6 7 2 
957 0 5 4 
958 7 2 5 1 4 
959 0 5 4 3 
960 7 2 0 3 4 1 
961 6 4 3 7 2 
962 6 0 1 2 
963 7 0 1 2 6 
964 0 6 5 4 7 1 
965 7 6 5 0 4 1 
966 7 4 6 5 
967 3 0 7 1 4 6 
968 1 3 2 
969 1 3 6 0 7 5 
970 7 6 5 0 4 1 
971 3 4 5 2 6 
972 6 7 5 0 3 
973 3 5 4 0 
974 0 6 2 1 
975 7 1 3 0 2 
976 3 0 1 2 
977 0 7 5 6 4 
978 1 0 5 3 
979 2 4 6 5 
980 1 7 5 6 4 
981 7 5 0 2 6 
982 3 2 0 5 
983 7 2 0 3 5 
984 7 5 1 0 4 2 6 
985 7 5 6 3 
986 7 4 5 3 2 
987 0 3 6 2 7 1 
988 7 1 3 0 5 
989 7 3 2 
990 6 3 5 2 
991 3 0 5 1 
992 3 7 4 6 5 
993 7 4 5 
994 1 5 3 4 2 
995 7 3 6 5 2 
996 3 4 5 2 
997 7 3 2 
998 7 5 0 3 6 
999 1 2 0 3 
1000 7 1 2 3 0 5 
1001 3 1 0 2 
1002 3 0 2 1 4 
1003 2 0 6 
1004 0 3 1 2 
1005 0 1 3 5 4 
1006 7 6 5 0 4 1 
1007 7 5 6 4 
1008 7 5 0 2 6 
1009 6 5 3 7 2 
1010 7 0 3 1 2 
1011 7 5 0 3 6 
1012 7 5 1 0 4 2 
1013 3 5 4 0 
1014 7 4 5 2 
1015 3 4 6 7 2 
1016 7 5 6 4 
1017 0 1 3 2 
1018 0 5 3 1 
1019 7 4 6 2 5 
1020 3 4 5 2 
1021 3 4 6 2 5 
1022 7 1 3 0 2 
1023 3 1 0 2 
