0 4 7 1 0 2 3 
1 1 2 3 
2 0 7 5 4 2 1 
3 7 1 6 2 3 
4 4 7 6 5 0 1 
5 0 6 7 4 
6 0 6 1 4 
7 5 7 6 0 4 
8 4 1 0 5 2 3 
9 3 5 7 6 1 
10 6 4 0 5 3 
11 4 7 1 0 2 3 
12 2 4 7 6 5 0 
13 2 5 7 3 6 1 
14 1 7 4 6 0 
15 2 4 0 3 5 
16 5 4 0 2 3 7 1 
17 4 1 0 5 2 3 
18 5 4 6 3 7 0 
19 6 7 4 5 1 0 
20 1 4 7 6 5 0 
21 4 7 2 0 5 3 
22 1 5 2 3 6 
23 5 2 1 3 
24 1 0 3 
25 1 7 5 6 3 
26 3 2 4 0 5 
27 0 1 3 
28 7 1 3 
29 7 0 4 1 6 2 
30 1 4 0 5 3 
31 1 3 0 
32 2 0 4 5 1 3 
33 3 6 1 4 0 
34 3 7 4 6 2 5 1 
35 1 0 4 3 
36 0 4 7 6 5 
37 1 0 2 3 
38 5 7 1 6 2 3 
39 6 7 0 
40 3 6 4 5 
41 5 6 7 4 
42 1 4 2 7 3 
43 1 4 2 3 
44 0 6 4 5 3 
45 5 7 0 4 1 
46 4 7 2 0 5 3 
47 2 4 5 0 3 7 1 
48 4 7 2 0 5 3 
49 5 0 1 
50 4 2 0 3 5 
51 7 0 1 4 3 
52 1 7 5 4 2 
53 1 7 4 5 0 6 3 
54 5 6 1 4 0 
55 3 4 0 5 2 
56 6 7 4 5 0 3 
57 7 4 2 0 5 3 
58 4 6 3 2 0 
59 5 1 4 3 
60 3 7 0 1 6 4 
61 7 5 6 1 3 
62 1 7 6 4 0 
63 0 6 7 4 1 
64 4 7 5 1 6 0 
65 1 7 5 6 0 4 
66 0 4 1 2 7 3 5 
67 7 6 0 5 4 
68 4 1 3 
69 0 1 
70 1 7 4 6 0 
71 4 3 2 7 5 
72 4 1 2 7 3 5 
73 3 7 4 6 0 1 
74 6 1 0 5 2 3 
75 4 6 7 
76 3 5 4 6 
77 2 6 4 5 3 
78 1 6 7 4 
79 2 7 4 1 6 0 
80 5 4 1 0 3 
81 4 1 5 0 3 
82 5 0 1 
83 6 1 7 5 3 
84 1 3 2 0 
85 4 6 1 0 
86 1 7 5 6 3 
87 5 0 1 3 
88 1 2 4 0 3 5 
90 3 6 7 0 4 1 
91 0 7 5 6 1 3 
92 7 0 1 3 2 4 5 
93 7 0 4 1 6 2 
94 1 6 4 5 3 
95 1 7 5 6 3 
96 2 0 1 3 
97 3 5 7 6 1 
98 3 4 0 5 2 
99 1 4 3 5 
100 0 4 7 2 5 3 
101 1 4 2 3 
102 5 0 4 2 1 3 
103 6 0 1 7 3 2 4 5 
104 3 2 0 
105 5 2 1 3 
106 1 5 6 4 
107 0 5 1 2 4 3 
108 0 4 3 2 7 5 
109 4 5 6 7 1 
110 4 5 6 1 
111 2 6 4 3 0 
112 4 0 7 1 
113 5 7 3 6 1 
114 4 2 0 3 
115 7 2 0 3 
116 1 6 7 5 3 
117 1 7 5 6 0 4 
118 5 7 6 1 3 
119 3 0 1 2 
120 6 5 4 3 
121 7 0 4 1 6 2 
122 4 0 1 7 3 2 5 
123 5 4 6 3 7 0 
124 3 7 0 4 1 
125 7 1 4 2 3 
126 1 0 4 3 
127 1 7 5 4 2 
128 5 7 1 6 2 3 
129 1 4 3 2 7 5 
130 2 5 1 4 3 
131 7 4 6 5 3 0 
132 4 6 1 0 
133 0 5 2 3 6 1 
134 2 7 4 5 0 6 3 
135 5 6 1 4 0 
136 4 3 2 7 5 
137 3 0 1 4 
138 6 7 4 0 1 
139 4 6 2 3 
140 2 1 4 3 
141 2 5 6 4 1 
142 1 2 3 
143 2 0 3 
144 5 6 7 4 
145 4 0 5 3 
146 5 0 1 7 3 2 4 
147 6 0 5 7 4 
148 1 7 4 6 0 
149 4 6 3 2 0 
150 3 7 5 4 2 1 
151 5 7 4 2 1 
152 1 0 5 2 3 
153 1 5 6 4 
154 3 0 7 6 1 4 
155 0 2 1 3 
156 7 6 2 3 
157 7 4 6 5 0 
158 1 0 5 2 3 
159 1 4 3 2 7 5 
160 2 0 1 3 
161 3 7 4 6 2 5 1 
162 3 6 1 7 0 4 
163 1 7 0 4 
164 0 4 5 6 7 1 
165 1 7 0 4 
166 5 7 6 4 0 1 
167 6 5 7 3 1 
168 3 6 1 4 0 
169 5 7 0 4 1 
170 1 7 5 6 3 
171 1 7 5 6 0 4 
172 0 3 1 
173 5 4 0 7 1 
174 4 1 0 5 2 3 
175 2 1 
176 4 5 6 3 
177 5 0 1 4 3 
178 4 7 6 2 5 1 
179 7 0 1 2 3 
180 1 3 
181 1 7 6 4 0 
182 5 2 3 6 1 
183 3 1 4 5 
184 6 7 4 0 1 
185 7 6 4 
186 4 7 6 0 1 
187 5 0 1 3 
188 3 4 5 0 2 7 1 
189 7 5 4 6 3 
190 1 0 7 6 4 
191 1 4 2 7 3 
192 4 0 1 2 3 
193 0 2 1 3 
194 0 4 7 5 6 3 
195 7 1 4 0 2 3 
196 7 6 4 0 1 
197 0 4 1 2 7 3 5 
198 1 7 4 6 0 
199 5 6 2 3 
200 4 7 5 0 6 3 
201 3 6 7 0 4 1 
202 6 0 7 1 4 
203 4 7 5 0 6 3 
204 3 4 1 2 7 5 
205 2 4 5 6 7 1 
206 1 5 4 6 3 
207 2 4 3 7 5 
208 5 4 2 3 7 1 
209 4 6 0 5 7 
210 5 4 3 2 7 
211 6 4 1 2 7 3 5 
212 1 7 0 4 6 2 
213 4 7 5 2 1 
214 1 4 2 7 3 
215 4 0 2 5 1 3 
216 1 4 2 3 7 
217 1 7 4 6 0 
218 3 4 0 5 
219 0 1 4 2 7 3 
220 7 4 0 1 
221 7 6 5 0 4 1 
222 1 7 4 5 6 0 
223 1 2 4 0 3 5 
224 2 7 4 5 0 6 3 
225 3 4 2 7 5 
226 3 0 1 
227 1 7 4 5 0 6 3 
228 0 4 7 2 5 3 
229 1 7 6 2 3 
230 5 4 0 7 1 
231 6 4 1 2 3 
232 3 7 1 6 2 
233 5 0 1 4 3 
234 1 5 6 4 
235 0 1 4 3 5 
236 0 4 6 5 3 7 
237 5 0 7 6 1 4 
238 4 1 0 7 6 5 
239 2 0 7 6 1 4 
240 4 1 2 3 
241 5 7 0 4 1 
242 5 4 6 7 1 
243 7 4 0 5 3 
244 1 7 4 6 0 
245 1 0 4 2 5 3 
246 5 6 4 3 2 0 
247 3 5 1 2 4 
248 6 1 4 3 
249 7 3 0 1 
250 4 6 5 3 7 0 
251 5 7 3 6 1 
252 3 5 1 2 4 
253 7 1 3 
254 1 6 7 0 4 
255 1 6 0 5 7 4 
256 5 6 7 0 4 1 
257 1 3 
258 0 1 4 7 6 5 
259 7 4 6 0 1 
260 4 7 5 2 1 
261 3 7 0 1 6 4 
262 1 0 7 3 2 4 5 
263 5 0 1 7 3 2 4 
264 4 3 0 1 
265 3 5 7 6 1 
266 6 4 2 3 7 1 
267 4 1 0 7 6 5 
268 2 4 7 5 0 6 3 
269 2 4 1 7 3 5 
270 0 1 
271 2 7 0 4 1 6 
272 5 0 7 6 1 4 
273 4 1 2 7 3 
274 5 3 0 1 
275 7 5 6 1 3 
276 1 6 7 0 
277 4 7 5 0 6 3 
278 1 7 6 4 0 
279 5 0 1 
280 1 6 7 0 4 
281 0 7 4 1 6 
282 2 7 5 6 0 4 
283 0 7 6 1 4 
284 7 1 0 5 2 3 
285 7 0 4 1 
286 1 4 5 0 3 
287 1 7 6 2 3 
288 2 4 1 5 0 3 
289 3 7 5 4 2 1 
290 3 1 4 5 
291 2 7 6 5 0 4 1 
292 0 5 1 2 4 3 
293 0 1 
294 4 6 5 3 7 0 
295 6 4 5 0 2 3 7 1 
296 3 2 0 1 
297 5 2 0 3 
298 1 7 0 4 6 2 
299 2 6 4 3 0 
300 0 4 6 5 3 7 
301 5 1 3 
302 4 1 3 
303 2 1 0 5 3 
304 5 7 4 0 6 3 
305 4 2 1 3 
306 4 7 5 1 6 0 
307 7 4 5 0 2 3 1 
308 0 6 5 7 4 
309 1 4 2 3 7 
310 5 1 
311 3 2 0 
312 6 4 2 3 7 1 
313 7 0 4 1 
314 4 0 1 3 
315 4 0 5 2 3 
316 3 2 0 1 
317 6 7 1 2 3 
318 0 4 5 2 3 
319 1 4 7 5 0 6 3 
320 7 4 0 5 3 
321 1 0 3 
322 0 6 7 4 1 
323 7 1 4 2 3 
324 4 3 0 1 
325 0 2 3 
326 1 4 7 6 5 0 
327 6 7 4 
328 4 1 2 3 
329 3 1 
330 6 7 0 1 4 
331 4 1 6 7 5 3 
332 2 6 4 3 0 
333 2 4 7 5 0 6 3 
334 1 3 2 0 
335 7 0 1 2 3 
336 4 7 2 0 5 3 
337 7 1 6 5 3 
338 4 0 1 
339 6 1 4 3 5 
340 1 7 5 4 2 
341 4 6 3 2 0 
342 1 4 0 7 
343 5 4 0 2 3 
344 1 4 2 3 
345 3 1 4 5 
346 3 2 0 
347 0 5 2 3 6 1 
348 7 4 2 3 1 
349 7 6 0 
350 3 2 1 
351 1 0 
352 2 4 5 6 7 1 
353 3 1 0 5 2 
354 3 0 1 
355 1 7 4 6 0 
356 0 5 7 3 6 1 
357 1 4 0 7 
358 5 4 1 0 3 
359 6 0 1 2 3 
360 3 7 4 1 6 0 
361 4 6 3 2 0 
362 1 3 0 
363 1 5 2 4 3 
364 2 1 3 
365 5 2 0 3 
366 7 4 5 0 6 3 
367 2 4 0 3 5 
368 4 7 1 6 2 3 
369 5 4 6 3 7 0 
370 7 0 4 1 
371 7 4 6 2 5 1 
372 1 7 0 4 6 2 
373 0 4 5 2 3 
374 5 0 1 4 3 
375 2 6 4 5 3 
376 6 0 1 3 
377 7 4 5 0 2 3 1 
378 6 1 0 4 7 5 
379 5 4 3 2 7 
380 3 1 6 7 5 
381 7 4 5 6 1 
382 1 7 6 5 0 4 
383 1 5 2 4 3 
384 4 1 2 3 
385 1 7 4 5 6 0 
386 0 2 4 3 5 
387 7 1 4 3 
388 4 1 
389 0 4 5 2 3 7 1 
390 1 5 7 3 6 
391 4 6 3 2 0 
392 4 6 7 
393 3 1 0 4 7 6 5 
394 6 3 0 1 
395 4 6 5 3 
396 2 7 1 4 0 3 
397 2 4 1 7 3 5 
398 2 0 3 
399 2 1 3 
400 5 7 6 0 4 1 
401 4 6 7 0 1 
402 5 1 3 
403 6 7 4 5 0 3 
404 7 6 4 
405 4 1 2 3 
406 1 4 2 7 3 5 
407 5 4 0 2 3 7 1 
408 1 4 5 6 7 
409 1 4 3 
410 3 1 7 0 4 
411 0 6 7 
412 7 4 5 0 6 3 
413 7 4 6 5 3 0 
414 0 4 1 2 7 3 5 
415 1 4 5 0 3 
416 2 0 7 6 1 4 
417 3 2 0 
418 3 1 4 5 
419 0 1 7 4 
420 0 5 1 2 4 3 
421 2 1 0 4 7 6 5 
422 5 4 3 2 7 
423 6 4 5 3 
424 3 1 
425 5 1 4 3 
426 0 1 6 7 5 3 
427 1 6 7 0 4 
428 0 4 1 2 3 
429 5 7 0 1 6 4 
430 4 6 5 3 
431 2 0 1 7 3 4 5 
432 6 1 7 0 4 
433 5 0 1 7 3 2 4 
434 4 7 6 5 0 
435 7 2 4 0 3 5 
436 2 7 0 1 6 4 
437 1 3 2 0 
438 4 7 5 0 6 3 
439 3 6 7 4 
440 6 1 0 5 2 3 
441 6 7 0 4 1 2 
442 4 1 6 7 5 3 
443 5 0 4 2 1 3 
444 3 0 1 7 2 4 5 
445 7 1 0 4 6 5 
446 1 5 2 3 6 
447 1 7 4 0 2 3 
448 4 7 1 0 2 3 
449 1 7 4 6 0 
450 0 6 1 4 
451 7 1 0 4 6 5 
452 4 1 7 0 
453 0 1 7 3 2 4 5 
454 1 0 4 7 6 5 
455 5 7 4 1 6 0 
456 4 1 
457 3 7 4 6 2 5 1 
458 6 4 5 3 7 0 
459 4 6 1 0 
460 2 4 7 0 5 3 
461 2 0 1 3 
462 1 0 
463 2 7 1 4 0 3 
464 5 7 3 6 1 
465 4 0 1 7 3 2 5 
466 5 4 0 2 3 
467 6 7 5 4 2 1 
468 0 7 6 1 4 
469 5 4 7 6 0 
470 1 4 2 7 3 
471 5 4 0 2 3 7 1 
472 1 7 0 4 6 2 
473 1 7 5 4 2 
474 3 6 4 5 
475 0 2 4 3 5 
476 7 5 2 3 6 1 
477 7 4 0 1 
478 1 4 7 6 5 0 
479 1 4 2 3 7 
480 2 4 1 3 
481 3 4 0 5 2 
482 3 1 4 2 7 
483 1 7 4 5 6 0 
484 0 7 5 6 4 
485 1 7 5 4 2 
486 5 4 7 0 6 3 
487 6 4 5 3 7 0 
488 3 5 2 6 1 
489 5 4 1 2 3 
490 1 0 4 2 5 3 
491 1 7 0 6 4 
492 0 7 4 6 1 
493 5 1 
494 5 6 4 3 2 0 
495 2 4 7 6 5 0 
496 4 1 
497 5 4 2 3 7 1 
498 4 2 0 3 
499 7 5 6 0 4 
500 1 5 2 3 6 
501 1 5 4 6 3 
502 7 5 1 2 4 3 
503 3 0 1 
504 6 7 0 4 1 
505 7 4 0 5 2 3 
506 4 6 3 2 0 
507 5 7 6 0 4 1 
508 3 0 1 7 2 4 5 
509 7 4 2 0 5 3 
510 1 0 7 6 4 
511 1 4 2 7 3 5 
512 4 7 5 6 0 
513 1 5 6 4 
514 0 1 3 
515 7 5 4 6 3 
516 4 7 6 5 0 1 
517 0 5 6 4 1 
519 5 1 3 
520 4 7 0 1 6 
521 3 4 5 6 7 1 
522 6 4 2 3 7 1 
523 4 0 7 1 
524 2 1 7 0 4 
525 2 7 4 1 6 0 
526 1 7 4 5 6 0 
527 2 4 3 7 5 
528 5 0 1 7 3 2 4 
529 4 5 6 1 
530 5 6 4 3 
531 6 4 5 3 7 0 
532 2 4 1 5 0 3 
533 4 6 2 3 
534 1 4 3 5 
535 5 6 1 4 0 
536 1 2 3 
537 1 3 2 0 
538 3 0 1 
539 0 7 4 1 
540 7 4 5 6 1 
541 7 6 0 4 1 
542 1 0 2 3 
543 1 0 4 2 5 3 
544 2 6 7 0 
545 3 7 1 6 2 
546 3 1 0 5 2 
547 1 3 2 0 
548 0 7 4 5 1 6 
549 0 4 1 2 3 
550 5 7 4 6 2 1 
551 6 0 4 2 5 1 3 
552 3 1 0 5 2 
553 5 6 2 3 
554 0 6 7 4 1 
555 0 4 7 1 
556 0 7 4 6 1 
557 5 4 6 3 7 0 
558 4 1 2 3 
559 2 7 4 6 0 1 
560 4 7 0 1 6 2 
561 5 1 7 0 4 
562 4 6 7 0 1 
563 6 5 4 3 
564 0 6 7 4 1 
565 0 7 5 6 1 3 
566 5 2 4 0 3 
567 3 0 1 4 
568 6 4 7 5 0 
569 7 3 0 1 
570 4 0 1 3 
571 5 6 0 7 4 
572 3 5 6 4 1 
573 7 6 4 
574 0 7 4 5 1 6 
575 0 7 6 5 4 1 
576 4 7 2 0 5 3 
577 0 1 4 3 
578 0 6 4 3 2 
579 7 5 6 1 3 
580 4 7 5 6 1 3 
581 0 7 4 1 
582 0 6 1 4 
583 5 7 4 1 6 0 
584 4 6 7 0 1 
585 3 4 6 5 7 0 
586 6 1 0 5 2 3 
587 4 0 1 2 3 
588 2 1 
589 2 7 0 4 1 6 
590 0 3 2 1 
591 2 5 1 4 3 
592 5 4 0 2 3 
593 4 0 1 
594 5 6 1 4 0 
595 6 5 1 2 4 3 
596 0 2 3 
597 4 7 0 1 6 
598 1 7 5 4 2 
599 5 1 4 3 
600 1 5 2 4 3 
601 0 7 5 4 2 1 
602 3 1 7 0 4 
603 0 5 7 3 6 1 
604 7 4 6 0 1 
605 7 6 0 
606 0 6 7 4 1 
607 0 1 4 3 
608 2 6 1 7 0 4 
609 3 6 4 5 
610 3 4 7 5 0 6 
611 0 7 6 5 4 1 
612 0 7 4 1 
613 0 6 7 
614 5 7 1 4 0 2 3 
615 6 3 2 0 1 
616 3 1 4 5 
617 5 1 6 7 3 
618 0 7 6 4 1 
619 0 1 4 3 5 
620 0 3 1 
621 5 7 6 0 4 1 
622 4 6 0 5 7 
623 2 7 6 5 0 4 1 
624 4 2 3 7 1 
625 5 7 4 6 2 1 
626 4 7 6 0 1 
627 7 4 5 6 1 
628 0 7 4 6 1 
629 0 1 3 
630 5 1 7 0 4 
631 3 4 2 7 1 
632 6 7 4 0 1 
633 7 1 6 2 3 
634 4 0 1 7 3 2 5 
635 5 1 7 0 4 
636 3 4 7 5 0 6 
637 7 6 4 3 2 0 
638 0 1 4 7 6 5 
639 0 4 2 5 1 3 
640 4 1 3 5 
641 0 4 5 2 3 
642 0 5 7 3 6 1 
643 7 4 5 0 2 3 1 
644 4 6 0 5 7 
645 0 7 4 5 6 3 
646 0 4 5 3 
647 5 6 7 0 4 1 
648 6 7 4 2 5 1 
649 3 7 5 6 0 4 
650 6 4 0 5 3 
651 4 1 3 5 
652 2 0 1 3 
653 2 7 1 4 0 3 
654 0 1 5 2 3 
655 2 1 
656 5 6 2 3 
657 4 5 6 1 
658 5 2 3 6 1 
659 6 7 4 1 0 
660 0 6 4 5 3 
661 4 6 0 5 7 
662 1 0 4 2 5 3 
663 5 4 0 3 
664 1 7 4 0 2 3 
665 0 6 4 5 3 
666 3 7 6 5 0 4 1 
667 0 6 7 4 1 
668 7 0 4 1 6 2 
669 7 6 4 0 1 
670 0 6 7 
671 0 1 
672 2 3 0 1 
673 3 0 1 2 
674 3 1 4 
675 0 1 
676 0 6 7 4 
677 0 4 1 2 7 3 5 
678 5 2 1 3 
679 6 0 1 3 
680 3 7 4 5 0 6 
681 5 3 2 0 1 
682 0 1 
683 0 1 4 7 6 5 
684 0 2 4 3 5 
685 5 3 2 0 1 
686 4 5 6 3 
687 2 5 3 6 1 
688 4 7 0 1 
689 5 6 0 7 4 
690 4 0 1 3 
691 7 5 4 6 3 
692 0 7 6 4 1 
693 0 1 5 2 3 
694 5 4 1 2 7 3 
695 3 6 7 0 
696 6 1 7 0 4 
697 7 4 5 1 6 0 
698 4 7 6 2 5 1 
699 5 7 1 6 2 3 
700 3 0 7 6 1 4 
701 7 5 3 6 1 
702 0 6 7 
703 0 7 6 1 4 
704 4 1 3 5 
705 0 4 7 6 5 
706 0 1 6 7 5 3 
707 7 0 4 1 
708 4 7 5 2 1 
709 0 4 1 5 3 
710 0 6 5 7 4 
711 5 1 2 4 3 
712 4 5 6 3 
713 3 7 4 1 6 0 
714 6 7 1 2 3 
715 4 6 2 3 
716 2 5 3 6 1 
717 2 6 7 0 
718 0 6 1 7 4 
719 2 7 4 5 0 6 3 
720 6 4 5 0 2 3 7 1 
721 4 0 1 2 3 
722 5 7 0 1 6 4 
723 6 1 7 0 4 
724 2 7 0 1 6 4 
725 4 5 0 2 3 7 1 
726 1 7 6 4 0 
727 5 6 1 7 0 4 
728 1 7 6 5 0 4 
729 0 5 2 3 6 1 
730 3 7 6 5 0 4 1 
731 0 7 1 4 2 3 
732 7 4 5 0 6 3 
733 7 4 5 0 2 3 1 
734 0 1 6 7 5 3 
735 0 6 1 7 4 
736 2 7 6 4 0 1 
737 3 1 6 7 5 
738 3 1 
739 0 7 4 6 2 5 1 
740 0 7 5 6 4 
741 0 4 2 5 1 3 
742 5 2 4 0 3 
743 6 1 4 0 
744 3 4 5 0 2 7 1 
745 5 6 4 1 
746 0 7 6 4 1 
747 0 6 7 
748 0 6 5 7 4 
749 5 6 4 3 2 0 
750 4 0 1 3 
751 2 4 0 5 3 
752 4 7 2 0 5 3 
753 5 4 6 7 1 
754 4 6 2 3 
755 6 5 4 3 
756 0 1 2 3 
757 0 7 6 5 4 1 
758 5 4 2 3 7 1 
759 3 1 4 2 7 
760 6 5 1 2 4 3 
761 7 6 2 3 
762 4 5 1 2 3 
763 5 3 0 1 
764 3 7 5 6 0 4 
765 7 0 1 2 3 
766 0 7 4 5 6 3 
767 7 2 4 0 3 5 
768 4 0 1 3 
769 0 7 1 4 2 3 
770 0 3 2 1 
771 7 4 5 0 6 3 
772 4 0 7 1 
773 0 2 1 3 
774 0 4 5 6 7 1 
775 5 6 1 4 0 
776 4 7 1 6 0 
777 3 0 1 
778 6 7 4 1 0 
779 4 0 5 2 3 
780 2 1 
781 2 4 1 3 
782 0 4 7 6 5 
783 2 0 3 
784 5 1 2 4 3 
785 4 3 2 7 5 
786 5 3 2 0 1 
787 6 7 4 5 1 0 
788 0 3 1 
789 4 0 5 3 
790 1 7 5 4 2 
791 5 7 0 4 1 6 2 
792 1 6 7 5 3 
793 3 7 1 6 2 
794 3 6 0 5 7 4 
795 2 7 5 6 1 3 
796 7 4 5 0 6 3 
797 7 2 0 3 
798 3 4 7 2 0 5 
799 3 5 4 6 
800 2 0 7 6 1 4 
801 3 4 5 6 7 1 
802 3 4 1 2 7 5 
803 2 6 1 7 0 4 
804 2 7 0 4 1 6 
805 2 4 1 5 0 3 
806 5 4 0 3 
807 6 2 0 3 
808 3 0 1 2 
809 5 7 4 1 6 0 
810 2 3 0 1 
811 2 7 1 6 3 
812 2 7 0 4 1 
813 5 6 4 3 
814 4 1 3 5 
815 2 0 4 5 1 3 
816 4 2 1 3 
817 5 7 1 4 0 2 3 
818 4 7 6 2 5 1 
819 7 0 1 
820 2 1 6 7 5 3 
821 3 7 4 6 2 5 1 
822 5 7 6 1 3 
823 3 1 4 
824 6 7 4 2 5 1 
825 7 4 1 2 3 5 
826 4 0 1 
827 5 7 6 0 4 
828 3 4 5 6 7 1 
829 7 1 4 0 2 3 
830 3 4 7 5 0 6 
831 2 6 4 5 3 
832 7 1 4 2 3 
833 2 7 4 6 0 1 
834 2 6 1 7 0 4 
835 7 1 0 4 6 5 
836 7 6 1 0 4 
837 3 1 4 
838 2 4 0 5 3 
839 6 1 7 0 4 
840 6 7 4 
841 3 7 4 5 0 6 
842 6 7 5 0 4 
843 7 1 0 4 6 5 
844 2 5 7 3 6 1 
845 2 7 1 4 0 3 
846 2 7 0 4 1 
847 2 7 6 5 0 4 1 
848 6 7 0 4 1 
849 7 4 2 3 1 
850 7 4 5 0 2 3 1 
851 6 5 7 3 1 
852 2 1 3 
853 4 5 0 2 3 7 1 
854 3 6 7 0 
855 5 4 7 6 0 
856 2 4 1 5 0 3 
857 3 6 7 0 
858 3 0 4 2 5 1 
859 2 4 0 5 3 
860 7 6 0 
861 7 4 5 6 1 
862 3 4 0 7 1 
863 3 1 4 
864 3 6 7 4 
865 3 4 0 7 1 
866 3 0 1 4 
867 2 5 6 4 1 
868 2 6 7 4 
869 2 1 4 3 
870 5 7 4 6 2 1 
871 6 2 3 
872 3 1 7 0 4 
873 5 0 1 3 
874 2 6 3 
875 2 7 4 6 0 1 
876 2 7 0 4 1 6 
877 5 6 1 7 0 4 
878 7 5 6 0 4 
879 2 4 7 0 5 3 
880 6 7 1 2 3 
881 6 4 0 7 1 
882 7 4 2 3 1 
883 7 2 4 0 3 5 
884 2 5 4 6 3 
885 3 1 4 
886 7 1 3 
887 3 5 4 6 
888 6 7 0 1 4 
889 7 0 1 3 2 4 5 
890 6 7 4 0 1 
891 6 5 2 3 1 
892 2 1 0 5 3 
893 7 4 5 1 6 0 
894 3 0 4 2 5 1 
895 7 4 5 0 6 3 
896 6 2 3 
897 7 4 3 2 5 
898 7 4 5 0 6 3 
899 7 6 2 3 
900 7 4 5 1 6 0 
901 6 7 0 1 4 
902 6 4 7 5 0 
903 6 5 4 1 
904 6 2 4 0 3 5 
905 6 4 1 5 0 3 
906 6 0 1 2 3 
907 7 0 1 3 2 4 5 
908 6 7 0 4 1 
909 7 4 0 1 
910 6 7 0 1 4 
911 7 1 4 2 3 
912 6 5 2 3 1 
913 6 5 2 3 1 
914 7 3 0 1 
915 6 1 7 0 4 
916 7 0 1 4 3 
917 7 4 6 5 0 
918 6 5 2 3 1 
919 7 4 0 5 3 
920 6 1 
921 7 1 6 5 3 
922 6 2 3 
923 6 3 2 0 1 
924 7 6 1 0 4 
925 6 4 3 2 7 5 
926 7 1 4 3 
927 6 0 7 1 4 
928 6 7 4 5 1 0 
929 3 0 1 
930 2 7 5 6 1 3 
931 2 7 4 6 5 1 
932 2 1 4 7 3 
933 2 1 7 0 4 
934 2 7 6 4 0 1 
935 6 7 0 1 4 
936 3 7 4 1 6 0 
937 7 5 3 6 1 
938 2 1 4 3 
939 5 0 1 3 
940 2 7 0 4 1 6 
941 2 0 7 6 1 4 
942 7 1 4 3 5 
943 5 1 4 2 7 3 
944 6 7 0 1 4 
945 6 1 7 5 3 
946 7 1 0 4 6 5 
947 6 7 4 5 0 3 
948 7 3 2 0 1 
949 3 1 4 2 7 
950 7 0 4 2 5 1 3 
951 2 4 0 5 3 
952 6 7 1 4 0 2 3 
953 6 0 4 2 5 1 3 
954 6 7 4 2 5 1 
955 6 7 4 
956 3 2 1 
957 6 1 4 0 
958 3 4 1 5 0 
959 2 1 4 7 3 
960 2 6 1 7 0 4 
961 6 2 4 0 3 5 
962 6 4 0 5 2 3 
963 2 6 1 4 0 
964 2 6 4 3 0 
965 6 0 5 7 4 
966 6 7 5 1 3 
967 2 7 1 6 3 
968 6 4 5 3 
969 6 4 3 2 0 
970 6 4 1 2 3 
971 3 4 7 6 5 0 
972 6 0 1 4 3 
973 6 4 1 5 0 3 
974 6 4 5 3 7 0 
975 6 1 7 0 4 
976 6 4 0 5 3 
977 6 0 1 4 3 
978 7 4 2 3 1 
979 6 5 4 3 
980 7 4 3 2 5 
981 7 2 1 3 
982 6 7 4 1 0 
983 7 1 6 5 3 
984 6 0 5 7 4 
985 7 4 1 2 3 5 
986 6 0 1 2 3 
987 6 1 
988 3 0 1 4 
989 2 3 0 1 
990 7 4 2 0 5 3 
991 6 0 7 1 4 
992 6 7 5 0 4 
993 3 7 0 1 6 4 
994 3 5 6 4 1 
995 2 6 7 0 
996 2 4 0 7 1 
997 2 4 3 7 5 
998 2 7 5 6 1 3 
999 6 1 0 4 7 5 
1000 3 6 2 
1001 7 4 5 6 1 
1002 2 4 0 7 1 
1003 2 1 0 4 7 6 5 
1004 2 5 6 4 1 
1005 2 1 7 0 4 
1006 7 4 5 1 6 0 
1007 2 6 0 5 7 4 
1008 6 4 0 5 3 
1009 6 2 3 
1010 7 4 1 5 0 3 
1011 6 7 4 0 1 
1012 2 4 3 7 1 
1013 3 4 1 2 7 5 
1014 7 5 6 0 4 
1015 3 4 7 2 0 5 
1016 6 4 1 5 0 3 
1017 6 4 1 5 0 3 
1018 6 5 4 1 
1019 6 4 0 5 3 
1020 3 4 7 2 0 5 
1021 6 4 1 2 3 
1022 3 4 6 5 7 0 
1023 2 1 3 
