0 0 2 4 7 6 1 3 
1 2 3 
2 3 1 2 
3 2 0 1 3 
4 3 6 2 0 1 4 5 
5 3 0 7 1 6 5 
6 7 2 0 4 5 
7 2 0 1 3 
8 1 0 4 5 
9 2 7 6 5 4 
10 2 6 7 3 5 
11 4 0 2 
12 5 6 7 2 3 
13 0 3 7 2 1 5 
14 0 2 1 7 6 5 
15 5 0 1 4 3 
16 3 7 2 6 0 5 
17 5 4 3 2 
18 4 1 0 3 
19 5 7 2 
20 4 0 3 1 2 
21 5 4 3 2 
22 5 4 7 6 
23 2 1 7 0 4 6 
24 3 7 6 5 4 
25 0 5 2 6 3 4 
26 6 3 5 7 4 
27 5 2 7 0 
28 4 7 6 0 5 1 
29 4 7 6 5 
30 5 0 3 1 4 2 
31 6 2 3 
32 0 2 4 5 
33 2 0 4 7 5 
34 3 2 1 7 0 5 
35 2 7 5 4 
36 3 2 7 0 5 
37 3 0 1 4 
38 7 3 2 
39 2 7 6 5 4 
40 1 0 7 5 4 
41 2 0 3 1 4 5 
42 2 7 0 5 
43 4 2 1 7 0 5 
44 5 2 1 3 4 
45 0 3 1 2 
46 0 4 5 1 
47 5 7 6 4 
48 3 0 1 4 5 2 
49 5 3 0 2 
50 4 2 1 7 0 6 5 
51 5 1 2 3 
52 4 3 7 2 
53 5 6 3 2 0 1 4 
54 5 6 7 2 3 
55 2 0 4 5 1 
56 3 4 7 6 5 
57 0 7 6 5 4 
58 6 7 4 2 
59 5 0 1 2 3 
60 4 7 6 5 
61 4 3 0 2 
62 5 7 6 4 2 
63 6 0 1 2 3 
64 0 7 5 
65 2 7 6 5 4 
66 3 7 5 
67 2 5 7 3 4 
68 3 1 0 4 
69 3 0 4 5 1 
70 7 3 0 2 
71 2 5 7 6 3 
72 1 0 3 4 
73 2 3 4 
74 2 1 5 0 4 7 
75 4 5 7 6 3 2 
76 5 4 6 2 
77 0 7 6 4 2 
78 0 1 2 3 
79 5 1 2 0 3 
80 3 5 7 6 4 
81 5 2 4 
82 4 7 6 5 
83 5 4 0 1 2 
84 4 2 0 7 5 
85 5 0 1 4 
86 5 1 7 0 4 6 2 
87 2 4 0 
88 3 7 6 5 4 
89 0 4 7 6 5 
90 6 5 7 4 
91 5 0 1 4 
92 4 0 1 7 5 
93 4 1 0 3 
94 5 2 0 3 
95 6 0 4 2 
96 0 1 4 5 
97 2 5 6 3 4 
98 3 1 5 0 4 7 2 
99 2 7 6 5 4 
100 3 4 2 
101 3 2 0 
102 7 5 3 2 4 
103 2 0 1 3 
104 1 6 7 2 3 5 
105 2 1 7 0 4 6 
106 2 7 6 5 4 
107 4 7 6 5 
108 5 7 4 
109 0 4 5 1 
110 0 2 7 4 
111 5 2 1 3 4 
112 3 7 2 6 0 5 
113 5 7 3 2 
114 4 7 6 2 
115 4 3 2 
116 4 0 1 5 2 
117 5 0 3 1 2 
118 5 4 0 
119 2 3 4 
120 3 7 2 5 
121 0 1 2 3 
122 6 4 7 0 5 1 
123 5 0 4 2 
124 4 0 3 1 2 
125 4 5 2 6 3 
126 5 0 1 2 3 
127 6 0 4 2 
128 0 4 5 1 
129 2 7 6 4 
130 3 0 7 2 1 5 
131 2 7 6 5 4 
132 3 2 0 
133 3 2 4 5 
134 7 0 4 5 1 
135 2 6 7 4 
136 1 5 7 2 
137 2 3 4 7 
138 2 0 4 7 6 1 3 
139 4 0 1 3 2 
140 5 7 6 4 
141 0 6 7 4 2 
142 0 2 7 4 
143 5 4 7 6 
144 3 4 7 6 0 5 1 
145 5 1 0 4 7 2 
146 4 7 6 5 
147 5 7 6 4 
148 4 0 1 7 5 
149 5 3 7 4 
150 5 1 2 3 
151 2 3 4 7 
152 3 0 2 
153 0 5 7 3 2 4 
154 6 4 5 2 
155 5 2 1 3 4 
156 4 0 1 3 
157 4 1 2 3 
158 5 0 1 4 3 
159 6 4 7 0 5 1 
160 1 0 3 2 
161 2 0 1 3 
162 3 0 1 2 
163 2 3 
164 3 0 4 5 1 
165 3 7 6 5 4 
166 7 2 0 3 
167 2 3 
168 1 0 3 2 
169 2 4 7 6 5 
170 2 1 7 0 6 5 
171 4 6 3 2 0 1 5 
172 5 7 4 
173 0 7 5 
174 0 1 2 3 
175 5 6 7 2 3 
176 3 0 7 1 6 5 
177 5 0 1 4 
178 4 2 7 0 
179 5 7 6 4 
180 4 2 0 7 5 
181 5 4 6 2 
182 5 4 7 6 
183 2 0 1 4 5 
184 3 0 4 1 5 
185 0 5 7 3 2 4 
186 6 1 7 0 4 2 
187 5 3 2 
188 4 5 7 6 3 2 
189 4 7 6 2 
190 5 3 7 4 
191 6 2 1 7 0 5 
192 0 2 3 
193 2 4 7 6 5 
194 3 1 7 0 4 6 2 
195 2 1 3 4 5 
196 3 0 2 
197 3 4 5 2 
198 7 5 4 
199 2 3 4 
200 1 7 6 2 4 
201 2 3 
202 2 0 3 
203 4 0 1 5 2 
204 5 2 1 7 0 6 
205 0 2 3 
206 0 6 7 2 3 5 
207 5 0 1 
208 3 4 7 2 
209 5 7 2 6 0 
210 4 5 2 6 3 
211 5 0 1 4 
212 4 5 7 3 2 
213 5 3 7 4 
214 5 2 0 1 3 
215 2 0 4 
216 3 4 7 6 5 
217 0 5 2 6 3 4 
218 6 7 4 2 
219 5 0 1 3 2 
220 4 6 5 2 
221 4 7 6 2 
222 5 1 0 3 4 
223 6 7 2 0 5 
224 0 3 4 7 2 
225 2 4 7 6 5 
226 3 2 4 5 
227 2 5 7 6 3 
228 3 4 0 1 5 2 
229 3 2 4 5 
230 7 5 6 3 2 
231 2 6 7 3 5 
232 1 6 3 2 0 4 5 
233 2 3 4 
234 2 4 7 6 0 5 1 
235 4 0 2 
236 5 0 3 1 4 2 
237 0 3 2 
238 0 5 7 3 2 4 
239 5 7 2 6 0 
240 3 1 2 
241 5 7 3 2 4 
242 4 5 7 3 2 
243 5 7 
244 4 1 2 0 3 
245 5 7 6 2 4 
246 5 7 2 
247 3 5 7 4 
248 3 1 2 
249 0 2 1 7 6 5 
250 6 5 7 4 
251 5 7 6 4 
252 4 2 0 7 6 1 3 
253 4 3 2 
254 5 1 2 0 3 
255 6 4 0 
256 0 7 2 6 5 
257 2 0 1 4 5 
258 3 7 2 5 
259 2 0 4 7 5 
260 3 1 2 
261 3 2 7 0 5 
262 7 3 0 2 
263 2 7 5 4 
264 1 7 6 5 4 
265 2 7 6 5 4 
266 2 0 1 
267 4 7 6 5 
268 5 2 0 4 7 6 1 3 
269 0 2 1 3 4 5 
270 0 4 2 
271 5 3 7 4 
272 3 1 5 0 4 7 2 
273 4 2 7 0 5 
274 4 2 1 7 0 5 
275 5 0 1 
276 4 7 5 
277 4 5 7 6 3 2 
278 5 3 4 2 
279 2 3 0 7 1 5 
280 3 1 2 0 
281 0 2 7 5 
282 6 7 3 2 5 
283 5 1 2 0 3 
284 4 0 7 1 6 5 3 
285 4 3 0 7 2 1 5 
286 5 3 7 4 
287 6 2 0 3 
288 0 4 1 5 2 
289 2 1 3 4 5 
290 3 5 7 4 
291 2 7 6 5 4 
292 3 0 7 1 6 5 
293 3 7 2 5 
294 7 3 0 2 
295 2 5 7 
296 1 7 6 4 5 
297 3 2 1 7 0 6 5 
298 2 7 5 
299 4 1 0 3 
300 5 7 6 4 
301 0 2 3 
302 0 2 4 7 6 1 3 
303 5 4 7 6 
304 3 0 7 1 6 5 
305 5 0 1 3 2 
306 4 7 6 5 
307 5 1 7 0 4 6 2 
308 4 0 1 2 3 
309 5 2 4 
310 5 7 4 
311 2 7 0 4 
312 3 5 2 6 4 
313 0 4 
314 6 2 1 7 0 5 
315 5 2 6 3 4 
316 4 7 6 0 5 1 
317 4 0 3 1 5 2 
318 5 2 4 
319 6 3 0 2 
320 0 7 5 4 
321 3 6 2 0 1 4 5 
322 3 1 7 0 4 6 2 
323 2 0 1 3 
324 3 7 6 4 2 
325 3 2 7 0 4 
326 7 3 4 2 
327 3 6 7 4 2 
328 1 6 7 2 3 5 
329 2 0 3 1 
330 2 7 6 4 5 
331 4 5 2 6 3 
332 4 1 2 0 3 
333 0 4 2 
334 0 2 7 5 
335 5 7 6 4 
336 3 7 6 2 4 
337 5 7 2 
338 4 2 0 1 3 
339 5 2 3 
340 4 1 0 3 
341 5 3 0 2 
342 4 0 
343 2 7 6 5 4 
344 3 2 
345 0 4 6 5 2 
346 6 4 3 5 2 
347 5 2 1 3 4 
348 4 2 0 3 
349 4 5 7 2 
350 5 2 1 3 4 
351 6 0 1 3 2 
352 0 7 6 4 5 
353 2 6 7 3 5 
354 3 7 6 5 4 
355 3 7 6 4 2 
356 3 5 7 4 
357 3 5 7 6 4 
358 7 6 5 4 
359 2 7 6 4 
360 1 3 2 
361 2 4 7 6 5 
362 3 7 6 4 5 
363 4 0 1 
364 5 2 1 7 0 6 
365 0 3 7 2 1 5 
366 0 2 4 7 5 
367 4 2 1 7 0 6 5 
368 3 4 5 2 
369 5 7 6 4 2 
370 4 7 6 5 
371 5 0 7 1 6 3 
372 4 0 3 1 5 2 
373 5 0 4 2 
374 6 7 5 4 
375 2 4 7 6 5 
376 3 0 4 1 5 
377 0 4 1 5 2 
378 6 5 7 4 
379 4 2 0 1 3 
380 4 0 
381 4 2 0 1 3 
382 4 7 6 5 
383 6 2 1 3 4 5 
384 0 6 7 4 2 
385 2 4 7 6 0 5 1 
386 3 5 7 2 
387 2 0 1 3 
388 3 4 0 
389 3 4 0 1 5 2 
390 7 5 
391 2 7 0 4 
392 1 5 7 4 
393 2 4 7 6 5 
394 2 0 1 3 
395 4 7 6 5 
396 5 2 3 
397 0 1 2 3 
398 0 3 7 2 1 5 
399 5 2 1 7 0 
400 3 0 1 2 
401 5 2 6 3 4 
402 4 6 7 2 
403 7 6 4 5 
404 4 1 2 3 
405 5 7 6 4 
406 5 4 7 6 
407 2 3 4 
408 3 6 2 0 1 4 5 
409 0 2 1 7 5 
410 6 0 7 1 5 3 
411 5 6 3 2 0 1 4 
412 4 1 7 0 6 2 
413 4 3 2 
414 5 0 4 1 3 
415 6 2 0 1 3 
416 0 7 3 2 5 
417 2 0 3 1 
418 3 0 1 2 
419 2 7 6 5 4 
420 3 6 7 2 5 
421 3 0 1 7 5 4 
422 7 0 1 4 5 
423 2 7 0 4 
424 1 6 7 4 2 
425 2 4 5 
426 2 7 5 
427 4 0 3 1 5 2 
428 5 2 0 3 
429 0 3 5 7 4 
430 0 2 7 5 
431 5 0 3 1 4 2 
432 3 5 7 6 2 
433 5 7 6 3 2 
434 4 7 6 5 
435 5 4 7 6 0 1 
436 4 1 0 3 
437 5 3 0 7 2 1 
438 5 0 4 1 
439 2 0 1 3 
440 3 0 1 4 5 
441 0 1 3 2 
442 6 7 2 3 5 
443 5 3 7 4 
444 4 2 7 0 5 
445 4 1 2 0 3 
446 5 0 4 2 
447 6 7 5 4 
448 0 1 4 3 
449 2 3 0 
450 3 4 6 5 2 
451 2 5 7 4 
452 3 5 7 6 2 
453 3 5 7 4 
454 7 5 2 
455 2 7 6 5 4 
456 1 2 0 4 7 5 
457 2 7 5 
458 2 0 1 4 3 
459 4 5 7 3 2 
460 5 3 2 
461 0 3 4 7 2 
462 0 4 3 5 2 
463 5 7 3 2 
464 3 4 7 6 5 
465 5 7 6 4 
466 4 3 5 7 
467 5 7 2 
468 4 3 2 
469 5 2 1 7 0 6 
470 5 2 3 
471 2 0 1 4 3 
472 3 7 6 5 4 
473 0 3 2 
474 6 7 4 2 
475 5 2 1 3 4 
476 4 7 6 5 
477 4 2 7 0 
478 5 2 4 
479 6 0 1 3 2 
480 0 3 5 7 4 
481 2 4 6 5 
482 3 7 6 5 4 
483 2 0 3 1 
484 3 2 0 4 7 6 1 
485 3 0 1 
486 7 5 6 4 
487 2 5 7 6 3 
488 1 0 4 3 
489 2 4 7 6 0 5 1 
490 2 7 6 4 5 
491 4 2 0 3 
492 5 2 0 4 7 
493 0 7 1 6 5 3 
494 0 4 5 1 
495 5 7 6 4 
496 3 1 2 0 
497 5 2 0 4 7 
498 4 0 1 7 5 
499 5 6 3 2 0 1 4 
500 4 0 
501 5 3 2 
502 5 1 0 4 7 2 
503 2 5 7 6 4 
504 3 7 2 6 0 5 
505 0 7 6 2 4 
506 6 2 0 4 7 5 
507 5 3 7 4 
508 4 1 5 0 7 2 
509 4 2 1 3 5 
510 5 2 0 3 
511 6 5 7 4 
512 0 2 1 7 5 
513 2 0 1 
514 3 1 0 4 
515 2 4 0 1 5 
516 3 0 4 5 1 
517 3 2 0 1 
518 7 0 1 3 2 
519 2 0 1 3 
520 1 7 6 5 4 
521 2 0 1 3 
522 2 4 7 6 5 
523 4 1 0 3 
524 5 2 6 3 4 
525 0 2 1 3 
526 0 1 3 2 
527 5 3 2 
528 3 0 1 7 5 4 
529 5 1 0 4 7 2 
530 4 2 3 
531 5 7 6 4 
532 4 7 6 5 
533 5 4 0 
534 5 1 2 3 
535 2 1 0 3 
536 3 2 0 
537 0 7 6 5 4 
538 6 7 5 4 
539 5 4 7 6 0 1 
540 4 0 1 5 2 
541 4 5 7 6 
542 5 7 6 4 
543 6 0 1 7 5 4 
544 0 4 1 5 2 
545 2 5 6 3 4 
546 3 2 0 4 7 5 
547 2 0 1 3 
548 3 5 2 6 4 
549 3 7 6 5 4 
550 7 2 4 5 
551 2 6 7 4 
552 1 7 6 2 4 
553 2 1 0 3 
554 2 7 3 5 
555 4 1 2 3 
556 5 6 7 2 3 
557 0 7 5 4 
558 0 7 6 5 4 
559 5 2 1 7 0 6 
560 3 2 7 0 5 
561 4 2 1 3 5 
562 4 7 6 2 
563 4 2 1 7 0 5 
564 4 3 5 2 
565 4 7 2 6 0 5 
566 4 0 5 1 
567 2 7 5 4 
568 3 5 7 4 
569 0 1 2 3 
570 6 0 4 1 5 3 
571 4 3 0 7 2 1 5 
572 4 2 0 1 3 
573 4 6 3 2 0 1 5 
574 4 0 1 2 3 
575 6 7 5 4 
576 0 4 7 6 5 
577 2 3 4 7 
578 3 7 6 2 4 
579 2 0 3 1 4 5 
580 3 2 0 1 
581 3 0 1 2 
582 7 1 0 3 4 
583 2 0 1 
584 1 4 7 6 5 
585 2 7 6 5 4 
586 2 4 6 5 
587 4 0 1 5 
588 4 2 3 
589 0 1 5 4 7 2 
590 0 7 6 4 2 
591 4 7 2 6 0 5 
592 3 0 1 4 
593 4 3 2 
594 4 2 1 7 0 5 
595 4 2 5 
596 4 5 7 3 2 
597 4 0 1 3 2 
598 4 0 1 
599 2 5 7 6 4 
600 3 7 6 2 4 
601 0 3 2 
602 6 3 0 2 
603 4 5 7 3 2 
604 4 5 7 2 
605 4 3 7 2 
606 4 3 5 7 
607 6 2 0 4 7 5 
608 0 3 7 2 1 5 
609 2 7 6 4 
610 3 7 5 4 
611 2 0 3 
612 3 2 0 4 7 5 
613 3 2 
614 7 6 4 2 
615 2 0 4 1 5 3 
616 1 0 3 2 
617 2 6 7 3 5 
618 2 3 0 
619 4 5 7 
620 4 7 3 2 5 
621 0 1 7 5 4 
622 0 7 5 4 
623 4 6 7 2 
624 3 4 7 6 0 5 1 
625 4 0 1 3 2 
626 4 0 1 3 
627 4 2 5 
628 4 6 5 2 
629 4 5 7 6 3 2 
630 4 0 1 7 5 
631 2 3 4 
632 3 0 1 
633 0 3 1 4 5 2 
634 6 7 5 4 
635 4 7 6 5 
636 4 7 6 2 
637 7 6 5 4 
638 7 5 3 2 4 
639 6 7 5 
640 0 7 1 6 5 3 
641 2 4 0 1 5 
642 3 7 6 5 4 
643 2 7 0 5 
644 3 2 1 4 5 
645 3 2 
646 7 2 0 5 
647 2 0 3 1 4 5 
648 1 2 4 5 
649 2 3 0 7 1 5 
650 2 1 7 0 5 
651 6 5 2 3 4 
652 7 6 4 2 
653 0 5 7 4 
654 0 4 7 6 5 
655 7 0 3 1 2 
656 3 1 0 4 
657 7 0 1 3 2 
658 6 4 3 5 2 
659 7 1 5 0 4 2 
660 7 2 0 4 6 1 3 
661 6 0 1 3 2 
662 6 7 2 4 
663 2 0 4 7 6 1 3 
664 3 7 6 5 4 
665 0 2 1 7 6 5 
666 6 7 4 5 
667 7 3 2 5 
668 6 1 0 3 4 
669 7 0 1 4 5 
670 7 5 2 
671 6 4 7 5 
672 0 4 7 6 5 
673 2 0 1 
674 3 0 4 1 5 
675 2 1 7 0 4 6 
676 3 2 1 4 5 
677 3 2 4 5 
678 7 0 1 4 3 
679 2 4 0 
680 1 3 2 
681 2 3 
682 2 7 6 4 5 
683 6 3 0 7 2 1 5 
684 7 4 6 0 5 1 
685 0 4 
686 0 2 7 5 
687 7 3 4 2 
688 3 7 5 4 
689 7 3 2 
690 6 5 7 4 
691 7 6 5 4 
692 7 6 2 4 
693 6 4 7 5 
694 6 2 0 1 3 
695 2 1 3 4 5 
696 3 5 7 2 4 
697 0 7 6 5 4 
698 6 1 5 0 4 7 2 
699 7 3 5 4 
700 6 4 0 1 5 2 
701 7 0 1 
702 7 4 3 5 2 
703 6 1 2 0 3 
704 0 1 5 4 7 2 
705 2 3 0 
706 3 0 1 2 
707 2 3 4 
708 3 0 4 2 
709 3 7 6 5 4 
710 7 6 5 4 
711 3 0 1 2 
712 1 2 7 0 5 
713 3 5 7 2 4 
714 3 1 2 0 
715 6 7 4 2 
716 7 2 0 4 5 
717 0 7 6 4 2 
718 0 3 1 2 
719 7 0 1 3 2 
720 3 7 6 2 4 
721 7 2 0 4 
722 6 5 7 4 
723 7 0 1 4 5 
724 6 0 1 7 5 4 
725 6 3 4 7 2 
726 6 0 7 1 5 3 
727 3 6 2 0 1 4 5 
728 3 1 0 4 
729 0 4 6 5 2 
730 6 7 3 2 5 
731 7 2 0 4 
732 6 4 3 5 2 
733 7 2 0 4 
734 7 0 1 4 5 
735 6 1 0 3 4 
736 0 2 1 3 
737 3 0 1 4 5 2 
738 3 5 7 6 4 
739 3 5 7 6 4 
740 1 2 7 0 6 5 
741 0 6 7 4 2 
742 7 2 0 4 6 1 3 
743 1 0 3 2 
744 1 0 3 2 
745 0 2 3 
746 1 2 7 0 4 
747 6 5 7 3 2 4 
748 7 4 6 5 
749 0 7 5 4 
750 0 7 2 6 5 
751 7 0 4 1 5 3 
752 0 2 1 7 6 5 
753 7 6 2 4 
754 6 3 2 0 1 4 5 
755 7 6 5 4 
756 7 1 2 3 
757 6 5 2 3 4 
758 6 3 0 7 2 1 5 
759 0 5 7 6 3 2 
760 1 0 4 5 
761 0 1 3 2 
762 6 4 5 2 
763 7 6 3 2 0 1 4 5 
764 6 4 0 1 5 2 
765 7 2 3 
766 7 2 0 1 3 
767 6 2 4 5 
768 0 1 3 2 
769 1 0 
770 1 5 7 6 3 2 
771 1 3 0 7 2 5 
772 1 7 6 5 4 
773 0 2 3 
774 7 2 1 3 4 5 
775 1 0 4 5 
776 1 5 7 4 
777 0 6 7 4 2 
778 1 3 0 7 2 5 
779 6 7 2 4 
780 7 2 3 
781 0 1 7 4 6 2 
782 0 4 7 6 5 
783 7 4 6 5 
784 0 6 3 2 1 4 5 
785 7 3 2 5 
786 6 0 4 1 5 3 
787 7 3 4 2 
788 7 6 4 2 
789 6 4 7 5 
790 6 0 1 3 2 
791 0 2 7 4 
792 1 7 0 4 6 2 
793 0 2 4 7 6 1 3 
794 6 4 0 
795 7 1 5 0 4 2 
796 6 2 3 
797 7 5 4 
798 7 0 3 1 2 
799 6 3 2 
800 0 1 2 3 
801 1 2 3 
802 1 0 3 2 
803 1 0 7 5 4 
804 1 0 4 5 
805 0 1 3 2 
806 7 4 6 5 2 
807 1 5 7 2 
808 1 0 3 2 
809 1 2 0 4 7 6 3 
810 1 0 3 2 
811 6 7 2 0 5 
812 7 5 6 3 2 
813 0 7 6 4 5 
814 0 3 2 
815 7 2 0 4 
816 0 1 4 3 
817 7 1 5 0 4 2 
818 6 1 7 0 4 2 
819 7 5 2 
820 7 0 4 2 
821 6 3 4 2 
822 6 4 3 5 2 
823 0 6 7 2 3 5 
824 1 5 7 2 
825 0 5 7 6 3 2 
826 6 2 0 4 7 1 3 
827 7 1 5 0 4 2 
828 6 0 3 1 2 
829 7 2 3 
830 6 0 1 7 5 4 
831 6 3 0 2 
832 0 7 5 
833 1 2 7 0 5 
834 1 7 6 4 5 
835 1 3 0 2 
836 1 7 5 
837 0 1 3 4 
838 7 3 2 
839 1 0 3 2 
840 1 3 2 
841 0 7 2 6 5 
842 1 0 7 6 5 3 
843 7 2 0 5 
844 7 5 4 
845 0 1 4 5 
846 0 4 5 1 
847 7 4 0 
848 1 3 4 2 
849 7 3 4 2 
850 6 2 1 7 0 5 
851 7 3 4 2 
852 7 0 4 2 
853 6 5 7 3 2 
854 6 3 2 0 1 4 5 
855 0 1 3 2 
856 1 0 3 2 
857 0 4 6 5 2 
858 6 4 7 0 5 1 
859 7 3 2 5 
860 6 0 1 4 5 
861 7 2 6 0 5 
862 7 5 4 
863 6 3 2 
864 0 3 1 4 5 2 
865 1 4 6 5 2 
866 1 5 7 6 4 
867 1 2 0 4 7 6 3 
868 1 0 4 2 
869 0 2 4 7 6 1 3 
870 7 2 0 1 3 
871 1 7 6 5 4 
872 1 3 0 7 2 5 
873 0 1 2 3 
874 1 0 3 2 
875 6 0 1 3 2 
876 7 0 4 2 
877 0 7 6 5 4 
878 0 1 
879 7 0 1 5 4 
880 0 2 1 7 5 
881 7 6 5 4 
882 6 2 1 7 0 5 
883 7 5 6 4 
884 7 4 3 5 2 
885 6 7 5 4 
886 6 0 1 3 2 
887 0 3 2 
888 1 5 7 4 
889 1 4 0 5 2 
890 6 2 0 1 3 
891 7 5 2 
892 6 1 7 0 4 2 
893 7 3 4 2 
894 7 0 4 1 5 3 
895 6 7 5 
896 1 3 0 2 
897 1 0 3 2 
898 1 2 0 3 
899 1 0 3 2 
900 1 7 3 2 5 
901 1 7 2 6 0 5 
902 7 2 3 
903 1 0 7 5 4 
904 1 0 4 5 3 
905 1 7 0 4 6 2 
906 1 0 4 3 
907 6 2 0 4 7 1 3 
908 7 6 2 3 5 
909 1 4 0 5 2 
910 1 0 3 2 
911 7 2 1 0 5 
912 1 0 3 4 5 2 
913 7 5 6 4 
914 6 2 3 
915 7 4 3 5 2 
916 7 1 2 3 
917 6 0 3 1 2 
918 6 3 2 
919 1 2 0 3 
920 1 0 3 2 
921 1 2 7 0 4 
922 6 4 7 0 5 1 
923 7 0 4 5 1 
924 6 0 1 3 2 
925 7 3 2 5 
926 7 2 0 4 5 
927 6 0 7 1 5 3 
928 1 0 2 3 
929 1 0 4 5 3 
930 1 4 3 5 2 
931 1 6 7 4 2 
932 1 0 7 6 5 3 
933 1 5 0 4 7 2 
934 7 6 5 4 
935 1 0 4 5 3 
936 1 7 5 
937 1 0 4 2 
938 1 4 0 
939 6 5 2 3 4 
940 7 3 2 5 
941 1 0 
942 1 0 3 4 5 2 
943 7 5 4 
944 1 4 7 6 5 
945 7 3 4 2 
946 6 0 4 1 5 3 
947 7 4 3 5 2 
948 7 1 2 3 
949 6 2 7 0 5 
950 6 4 5 2 
951 1 2 0 4 7 5 
952 1 0 2 3 
953 1 0 4 5 3 
954 6 4 7 5 
955 7 3 0 2 1 5 
956 6 3 4 2 
957 7 4 6 5 
958 7 2 0 5 
959 6 3 2 
960 1 3 2 
961 1 7 0 4 6 2 
962 1 0 3 2 
963 1 0 3 2 
964 1 5 0 4 7 2 
965 1 0 4 3 
966 6 7 5 4 
967 1 7 6 5 4 
968 1 0 7 6 5 3 
969 1 3 5 7 4 
970 1 4 0 
971 6 2 3 
972 6 1 2 0 3 
973 1 2 0 4 7 6 3 
974 1 6 3 2 0 4 5 
975 6 0 1 7 5 4 
976 1 4 3 5 2 
977 7 0 1 4 3 
978 7 3 2 
979 6 7 4 2 
980 7 2 1 0 5 
981 7 2 4 5 
982 7 1 0 4 6 2 
983 1 4 0 5 2 
984 1 0 4 5 3 
985 1 2 3 
986 6 3 2 0 1 4 5 
987 6 4 7 5 
988 6 1 2 3 
989 6 7 2 3 5 
990 7 4 6 0 5 1 
991 7 5 2 
992 1 5 7 6 4 
993 1 0 
994 1 7 2 6 0 5 
995 1 5 7 4 
996 1 4 6 5 2 
997 1 7 6 2 4 
998 7 0 4 1 5 3 
999 1 7 5 
1000 1 6 7 4 2 
1001 1 7 5 4 
1002 1 0 
1003 6 3 4 7 2 
1004 7 3 2 
1005 1 5 7 3 2 4 
1006 1 0 3 4 5 2 
1007 7 0 1 3 2 
1008 1 2 7 0 6 5 
1009 7 4 0 
1010 6 0 1 7 5 4 
1011 7 2 0 4 
1012 7 6 5 4 
1013 6 4 7 5 
1014 6 2 0 3 
1015 1 0 4 3 
1016 1 7 5 
1017 1 0 2 3 
1018 6 0 7 1 5 3 
1019 7 0 1 6 5 3 
1020 6 3 4 2 
1021 7 4 6 0 5 1 
1022 7 2 6 0 5 
1023 6 5 2 3 4 
