0 0 4 6 1 5 2 7 
1 6 7 2 0 4 1 3 5 
2 6 3 4 7 2 5 
3 6 5 2 3 4 
4 5 7 6 0 4 
5 0 4 3 7 1 5 
6 7 5 6 
7 6 3 2 7 5 
8 1 6 4 7 2 5 
9 6 2 0 3 5 
10 3 0 4 7 1 6 
11 3 5 1 0 7 6 
12 5 0 4 3 7 1 6 
13 6 2 4 1 3 7 
14 4 3 0 2 5 
15 2 4 5 0 7 
16 0 4 5 
17 3 0 4 7 1 6 
18 5 3 2 4 
19 7 2 0 3 4 1 5 
20 7 4 2 0 1 3 5 
21 4 0 7 1 6 
22 7 0 2 1 5 3 4 
23 3 6 7 5 4 
24 0 3 1 5 2 6 
25 2 3 1 0 5 
26 0 5 4 6 7 
27 4 3 2 5 
28 5 0 6 2 1 7 
29 0 3 1 5 2 6 
30 5 4 7 6 
31 2 7 6 5 3 4 
32 0 1 5 
33 6 7 5 
34 6 0 5 7 1 4 
35 7 4 3 6 2 
36 6 3 2 4 5 
37 5 4 0 7 
38 5 7 2 0 4 1 6 3 
39 0 1 3 4 7 5 
40 1 6 0 3 2 7 5 
41 3 4 7 5 6 
42 2 3 4 5 
43 5 0 7 6 1 4 
44 3 1 5 4 0 6 
45 7 4 2 0 1 3 5 
46 4 7 3 5 2 6 
47 1 0 4 6 5 
48 5 4 7 6 
49 3 5 2 6 0 7 
50 5 4 3 0 2 
51 1 3 6 4 7 2 5 
52 0 4 1 6 7 5 
53 4 7 5 6 0 
54 6 0 4 3 7 1 
55 5 7 3 2 6 
56 2 0 1 5 3 4 
57 3 2 0 5 
58 5 4 0 7 3 6 
59 5 2 3 4 
60 3 7 4 6 5 
61 2 3 5 6 0 7 
62 4 5 0 7 3 6 
63 1 5 2 3 4 
64 0 2 1 5 
65 5 0 2 4 3 1 7 
66 5 2 0 1 
67 5 1 4 2 6 7 
68 5 3 2 4 
69 0 7 3 5 2 6 
70 7 3 5 2 6 0 
71 5 4 0 6 7 
72 3 2 4 5 
73 5 3 4 6 2 7 
74 3 0 2 5 1 4 
75 2 4 0 6 7 5 
76 5 3 4 0 2 
77 6 4 5 0 7 3 
78 4 5 2 3 
79 2 0 7 4 1 5 
80 0 4 1 6 5 
81 3 0 1 5 
82 5 2 0 3 
83 7 0 2 4 6 1 3 5 
84 7 5 6 
85 4 6 7 2 5 
86 7 6 5 4 
87 3 5 6 4 0 7 
88 1 2 0 3 5 
89 2 0 1 5 3 4 
90 0 4 2 6 5 3 7 
91 4 6 7 2 5 
92 5 6 0 3 2 1 7 
93 0 3 2 4 5 
94 5 4 
95 2 3 5 1 0 7 6 
96 0 6 4 7 2 5 
97 6 3 1 0 2 5 
98 6 0 2 3 5 1 4 
99 7 1 3 4 0 5 
100 6 5 3 4 2 7 
101 5 4 
102 5 1 4 2 6 7 
103 0 4 7 3 1 5 
104 1 0 4 3 7 6 
105 3 6 7 5 4 
106 2 1 3 4 0 7 5 
107 5 1 3 4 0 7 
108 3 4 6 2 7 
109 7 3 5 2 6 
110 4 5 0 3 1 7 2 6 
111 0 3 1 5 4 6 
112 5 4 0 
113 3 0 4 5 
114 5 3 6 2 1 0 7 
115 1 5 3 4 6 2 7 
116 2 0 7 4 6 1 3 5 
117 4 2 0 1 3 5 
118 6 5 4 0 7 
119 5 3 4 6 2 7 
120 2 3 0 4 5 
121 3 5 2 4 
122 5 0 6 2 1 7 
123 6 3 5 1 0 7 
124 3 4 2 0 1 5 
125 2 3 1 0 5 
126 4 5 2 3 
127 1 3 5 0 7 6 
128 0 7 3 5 2 6 
129 5 4 0 7 3 6 
130 5 2 4 1 6 3 7 
131 5 1 3 4 0 7 
132 5 4 
133 0 1 5 
134 7 3 5 2 6 
135 5 4 3 7 0 6 
136 3 2 0 4 1 5 
137 4 0 1 6 7 5 
138 3 0 4 6 1 5 2 7 
139 3 4 7 0 1 5 
140 5 1 3 4 0 7 
141 6 5 4 3 7 0 
142 4 5 0 3 1 7 2 6 
143 2 0 1 5 3 4 
144 0 6 2 1 7 
145 3 0 2 5 1 4 
146 5 2 0 3 
147 7 0 2 4 3 5 1 
148 7 6 0 3 2 1 5 
149 4 5 0 6 7 
150 7 3 6 4 2 5 
151 3 4 0 1 6 7 5 
152 0 3 5 2 6 7 
153 2 1 4 5 6 7 
154 0 3 4 2 5 
155 4 3 1 5 0 6 
156 5 4 0 7 
157 0 3 6 4 7 2 5 
158 4 5 0 7 
159 2 0 6 1 7 
160 0 3 2 6 7 5 
161 6 3 2 7 5 
162 6 4 2 0 1 3 5 
163 7 5 3 0 6 1 4 2 
164 6 7 3 5 2 
165 5 2 0 3 
166 5 4 
167 0 7 2 4 1 6 3 5 
168 1 5 4 6 
169 3 7 4 6 5 
170 2 4 3 0 5 
171 5 7 6 0 4 
172 3 4 6 2 7 
173 7 2 0 1 5 
174 4 0 7 1 5 
175 1 0 4 3 7 6 
176 5 4 3 0 7 1 
177 3 6 4 7 2 5 
178 5 0 3 4 1 7 2 6 
179 1 3 0 5 2 6 
180 0 7 5 6 
181 4 3 0 2 5 
182 6 7 4 3 5 
183 5 6 4 7 2 
184 2 5 4 7 3 6 
185 3 1 4 2 5 6 7 
186 5 6 7 4 
187 5 7 2 0 4 1 6 3 
188 3 4 0 6 7 5 
189 2 5 3 6 1 0 7 
190 4 5 0 6 7 
191 1 0 5 7 6 4 
192 0 5 4 
193 5 7 4 6 3 
194 5 6 7 4 
195 6 3 1 5 4 0 
196 5 3 2 6 0 7 
197 0 4 7 1 6 
198 7 4 2 6 5 3 
199 5 3 4 6 2 7 
200 3 5 6 2 1 0 7 
201 5 3 0 6 1 4 2 7 
202 3 5 4 
203 2 0 7 4 6 1 3 5 
204 5 4 3 0 2 
205 6 7 5 3 2 4 
206 4 0 3 7 1 6 
207 2 3 1 5 6 7 
208 0 4 1 6 7 5 
209 0 4 5 
210 5 3 1 0 2 
211 7 6 4 2 5 
212 7 1 4 2 5 6 
213 4 5 0 6 7 
214 7 3 1 5 2 6 
215 3 5 1 0 7 6 
216 0 2 1 5 3 4 
217 2 3 1 0 5 
218 0 4 5 7 3 6 
219 4 3 2 6 7 5 
220 5 3 4 0 2 
221 0 4 5 7 3 6 
222 5 3 2 4 
223 2 4 0 5 
224 1 4 0 6 7 5 
225 6 7 4 3 5 
226 6 0 1 5 
227 7 4 0 6 5 
228 6 0 2 7 4 1 3 5 
229 5 0 1 
230 4 0 6 7 5 
231 0 4 3 7 1 6 
232 1 7 5 6 0 4 
233 0 5 3 4 6 2 7 
234 2 0 6 1 7 
235 5 3 1 0 7 6 
236 3 4 7 5 6 
237 7 5 3 0 6 1 4 2 
238 4 1 2 5 6 7 
239 1 4 0 5 
240 5 3 6 4 7 2 
241 2 1 4 5 6 7 
242 4 1 2 5 6 7 
243 1 2 0 5 
244 0 7 4 1 5 
245 4 5 3 6 2 1 0 7 
246 6 2 0 3 4 1 5 
247 4 5 0 6 7 
248 2 3 6 4 7 5 
249 3 4 0 2 5 
250 5 0 4 1 6 
251 5 3 1 0 2 6 
252 3 0 4 6 1 5 2 7 
253 2 5 3 0 6 1 4 7 
254 4 0 7 1 5 
255 1 5 6 4 0 7 
256 0 4 5 
257 4 6 7 2 5 
258 5 3 0 4 
259 4 7 5 6 
260 4 3 6 7 2 5 
261 1 3 2 4 5 
262 7 3 5 2 6 0 
263 6 4 3 2 7 
264 2 0 3 5 
265 6 0 2 4 3 5 1 7 
266 3 1 2 5 6 7 
267 2 1 3 4 0 7 5 
268 5 0 4 6 1 2 7 
269 6 3 1 5 4 0 
270 4 3 5 1 0 7 6 
271 2 5 4 0 6 7 
272 0 2 3 5 1 4 
273 3 2 4 5 
274 5 0 7 6 1 4 
275 7 3 1 2 5 6 
276 7 2 0 1 5 
277 4 0 6 7 5 
278 7 5 3 4 6 2 
279 3 2 4 1 6 7 
280 0 7 4 1 5 
281 2 3 4 5 
282 0 3 4 5 
283 4 0 7 1 5 
284 4 3 0 7 1 5 
285 1 2 4 6 3 7 
286 5 4 0 6 7 
287 2 5 4 
288 0 2 7 4 6 1 3 5 
289 6 3 1 5 4 0 
290 7 4 2 6 5 3 
291 7 2 0 3 5 
292 6 4 3 0 7 1 5 
293 5 3 0 4 
294 7 3 5 2 6 0 
295 0 2 3 4 1 5 
296 1 2 4 0 7 3 5 
297 3 4 0 2 5 
298 2 0 1 5 
299 5 3 2 4 
300 3 0 2 4 5 1 7 
301 7 5 4 
302 4 0 6 1 5 2 7 
303 1 0 2 5 3 4 
304 5 4 3 0 7 1 
305 3 2 6 7 5 
306 5 2 4 0 7 3 
307 1 6 7 5 4 
308 0 5 2 3 4 
309 4 0 1 5 
310 6 4 3 2 7 
311 6 5 0 3 4 1 7 2 
312 2 3 1 0 5 
313 3 5 6 4 0 7 
314 5 0 7 6 1 4 
315 5 3 1 0 2 
316 3 0 6 2 1 7 
317 2 4 7 5 6 
318 6 0 1 5 
319 1 3 5 2 6 0 7 
320 0 4 3 6 2 7 
321 6 7 5 0 4 
322 6 7 5 4 
323 5 4 7 0 3 1 
324 5 4 0 7 3 6 
325 0 5 3 4 1 7 2 6 
326 7 4 0 1 6 5 
327 4 5 3 7 0 6 
328 3 0 4 7 1 6 
329 5 4 2 0 1 3 
330 0 2 4 7 3 5 
331 2 3 1 0 5 
332 4 0 7 1 5 
333 6 3 5 1 0 7 
334 4 3 2 5 
335 1 2 4 0 7 3 5 
336 0 5 3 6 2 1 7 
337 2 0 3 4 1 5 
338 5 3 1 2 6 7 
339 7 6 5 3 2 4 
340 7 3 2 4 5 
341 4 3 5 2 6 0 7 
342 7 5 6 4 0 
343 3 0 2 4 5 1 7 
344 0 5 3 6 1 4 2 7 
345 2 3 4 0 5 
346 1 0 4 7 6 
347 4 3 1 5 0 6 
348 5 4 
349 0 2 3 4 1 5 
350 5 3 1 4 0 6 
351 2 5 4 6 
352 0 2 4 7 3 5 
353 6 0 4 3 7 1 
354 6 1 3 4 0 7 5 
355 7 4 5 0 3 6 
356 6 4 2 5 3 7 
357 5 0 4 1 6 
358 5 0 2 4 3 1 7 
359 0 4 5 7 3 6 
360 1 7 2 0 4 6 3 5 
361 3 7 4 6 5 
362 3 2 4 0 7 5 
363 5 3 1 2 6 7 
364 3 4 0 2 5 
365 7 2 4 1 6 3 
366 6 7 5 
367 1 4 3 0 2 5 
368 5 0 4 7 1 6 
369 3 4 5 0 7 6 
370 5 2 4 0 7 3 
371 1 4 3 0 7 5 
372 0 4 7 5 6 
373 4 3 5 1 0 7 6 
374 6 3 1 0 5 2 
375 5 0 2 1 3 4 
376 3 5 4 2 7 6 
377 3 0 2 7 4 6 1 5 
378 4 2 6 5 3 7 
379 5 3 1 2 6 7 
380 3 5 6 4 0 7 
381 2 3 1 5 6 7 
382 4 2 0 3 5 
383 1 3 5 4 0 6 
384 0 5 4 3 7 6 
385 5 0 6 2 1 7 
386 1 2 0 3 4 5 
387 5 4 6 
388 5 6 4 0 7 
389 0 2 7 4 6 1 3 5 
390 7 2 0 1 5 
391 5 0 3 4 1 7 2 6 
392 3 4 2 6 5 7 
393 5 7 4 6 3 
394 3 2 6 7 5 
395 2 0 3 5 
396 5 7 6 3 2 4 
397 6 5 2 3 4 
398 4 2 1 6 3 7 
399 2 0 5 7 6 1 4 
400 0 4 7 3 1 5 
401 3 1 0 2 5 
402 5 4 3 7 0 6 
403 7 2 4 0 3 5 
404 7 3 6 4 2 5 
405 4 2 0 7 3 5 
406 7 4 6 3 5 
407 3 5 4 6 2 7 
408 3 7 5 6 0 4 
409 2 0 5 7 6 1 4 
410 0 4 3 7 1 5 
411 4 7 5 6 0 
412 4 6 7 5 
413 1 5 3 0 6 4 2 7 
414 7 5 4 2 3 6 
415 2 3 1 5 6 7 
416 0 3 4 5 
417 6 4 2 0 1 3 5 
418 6 5 4 
419 7 0 2 4 3 5 1 
420 6 0 4 3 7 1 
421 5 6 0 3 2 1 7 
422 5 6 4 7 2 
423 1 5 0 3 4 7 2 6 
424 1 5 4 3 7 0 6 
425 3 0 1 5 
426 0 2 1 5 
427 4 7 5 6 
428 3 5 4 
429 7 5 4 0 6 
430 4 3 2 5 
431 1 4 7 5 6 
432 5 4 0 6 7 
433 3 4 0 6 7 5 
434 5 1 3 4 0 7 
435 1 0 6 2 7 
436 2 3 4 5 
437 4 2 1 6 3 7 
438 6 7 3 5 2 
439 5 2 3 4 
440 3 6 4 7 2 5 
441 3 4 7 0 1 5 
442 5 0 4 3 7 1 6 
443 4 5 0 6 7 
444 3 2 4 5 
445 2 0 7 4 1 5 
446 4 3 5 1 0 7 6 
447 1 3 0 5 2 6 
448 0 4 5 7 
449 5 3 2 6 0 7 
450 4 3 0 2 5 
451 5 4 2 6 3 7 
452 5 4 0 6 7 
453 0 4 2 6 5 3 7 
454 7 2 0 3 4 1 5 
455 5 0 2 4 3 1 7 
456 3 7 5 6 
457 5 2 0 1 
458 3 4 5 0 7 
459 2 1 4 5 6 7 
460 5 3 0 6 1 4 2 7 
461 6 4 0 1 7 5 
462 4 0 7 1 6 
463 2 3 0 4 5 
464 0 7 4 6 3 5 
465 3 2 4 0 7 5 
466 5 4 0 6 7 
467 7 2 0 3 4 1 5 
468 7 2 0 4 1 6 3 5 
469 4 3 0 2 5 
470 7 6 5 3 2 4 
471 3 4 5 0 7 
472 0 3 1 5 2 6 
473 2 5 3 0 6 1 4 7 
474 0 5 4 3 7 6 
475 4 3 1 5 0 6 
476 5 2 4 0 7 3 
477 0 5 3 4 1 7 2 6 
478 5 0 1 
479 2 4 7 0 3 1 5 
480 0 5 4 6 7 
481 6 3 4 0 2 5 
482 6 1 3 4 0 7 5 
483 7 4 2 0 1 3 5 
484 6 0 4 1 5 2 7 
485 5 3 1 2 6 7 
486 5 0 4 1 6 
487 0 4 6 7 5 
488 1 4 5 0 7 
489 3 0 6 2 1 7 
490 2 4 0 7 3 5 
491 5 4 
492 3 7 5 6 
493 7 4 3 0 1 5 
494 4 7 3 5 2 6 
495 1 0 2 4 3 5 7 
496 5 0 7 4 1 
497 3 7 5 6 
498 5 6 0 3 2 1 7 
499 1 7 5 6 0 4 
500 0 5 6 4 7 
501 4 5 3 0 6 1 2 7 
502 6 0 2 3 5 1 4 
503 5 0 4 1 6 
504 2 4 0 5 
505 3 5 6 2 1 0 7 
506 6 7 5 
507 5 4 0 6 7 
508 3 0 2 5 1 4 
509 2 3 1 5 4 0 6 
510 4 5 
511 0 4 1 6 5 
512 0 5 7 6 1 4 
513 5 3 1 2 6 7 
514 5 3 2 4 
515 5 0 2 7 4 6 1 3 
516 5 7 3 2 6 
517 0 3 1 5 2 6 7 
518 7 4 0 3 1 5 
519 5 3 1 2 6 7 
520 3 1 0 5 2 6 
521 5 3 2 6 7 
522 3 7 4 6 5 
523 2 3 4 5 
524 5 3 1 0 2 
525 6 3 1 5 2 7 
526 4 7 0 3 1 5 
527 2 7 0 4 1 6 3 5 
528 0 6 3 2 1 7 5 
529 3 0 2 5 1 4 
530 5 7 6 3 2 4 
531 7 0 2 4 3 5 1 
532 7 2 0 3 5 
533 4 5 6 0 7 
534 7 3 6 4 2 5 
535 3 0 7 4 1 5 
536 0 5 4 
537 2 3 1 0 5 6 
538 0 2 3 5 
539 4 0 6 2 1 7 
540 5 0 2 7 4 6 1 3 
541 0 4 1 6 5 
542 5 3 1 0 2 6 
543 2 6 0 3 1 7 5 
544 0 2 7 4 6 1 3 5 
545 6 3 1 0 2 5 
546 6 7 5 
547 7 4 0 3 1 5 
548 6 3 1 0 2 5 
549 5 3 1 0 2 6 
550 5 0 1 
551 0 5 4 3 7 6 
552 1 5 3 6 2 0 7 
553 3 0 7 4 1 5 
554 2 3 0 4 5 
555 5 3 6 4 7 2 
556 3 0 4 7 1 6 
557 7 4 3 6 2 
558 4 2 0 3 5 
559 1 4 3 0 2 5 
560 5 3 2 4 
561 3 1 5 4 0 6 
562 5 3 6 2 1 0 7 
563 1 0 5 7 6 4 
564 1 0 4 7 6 
565 4 0 5 
566 6 7 3 5 2 
567 5 4 3 6 2 7 
568 2 5 4 0 6 7 
569 3 5 2 4 
570 4 5 2 7 3 6 
571 6 2 4 1 3 7 
572 2 3 1 5 6 7 
573 2 7 5 6 0 4 
574 6 5 2 3 4 
575 1 0 2 4 3 5 7 
576 0 7 4 6 3 5 
577 6 4 0 1 7 5 
578 6 5 3 2 1 0 7 
579 6 4 7 5 
580 4 3 1 5 2 6 7 
581 0 5 2 3 4 
582 7 3 2 4 5 
583 6 3 1 2 5 7 
584 3 0 2 1 5 4 
585 6 0 2 4 3 5 1 7 
586 3 4 0 2 5 
587 2 6 4 7 5 
588 4 7 6 5 3 2 
589 6 0 2 3 5 1 4 
590 4 5 0 7 3 6 
591 2 4 0 5 
592 0 4 5 7 
593 3 5 4 6 2 7 
594 4 0 5 7 6 1 
595 7 0 1 5 
596 7 1 4 2 5 6 
597 4 7 0 3 1 5 
598 7 3 1 2 5 6 
599 3 0 4 1 6 5 
600 0 5 3 6 2 1 7 
601 2 7 0 4 1 6 3 5 
602 0 3 5 2 6 7 
603 4 1 2 5 6 7 
604 4 2 0 3 1 5 
605 0 4 1 6 7 5 
606 6 5 4 0 7 
607 2 7 5 6 
608 0 2 4 1 6 3 7 
609 6 4 5 0 7 3 
610 6 4 3 2 7 
611 7 5 4 
612 6 7 5 
613 4 7 2 0 1 6 3 5 
614 7 4 5 0 3 6 
615 0 5 4 2 7 3 6 
616 1 3 2 6 7 5 
617 3 0 4 7 1 6 
618 2 3 5 6 0 7 
619 7 4 2 6 5 3 
620 3 0 4 5 
621 7 6 0 3 2 1 5 
622 6 4 3 2 7 
623 1 5 4 3 7 0 6 
624 4 0 6 2 1 7 
625 3 4 7 0 1 5 
626 4 5 0 7 
627 1 0 5 
628 0 3 4 2 5 
629 7 4 0 6 5 
630 6 0 3 2 1 7 5 
631 6 5 3 4 2 7 
632 2 3 1 5 6 7 
633 3 4 7 5 6 
634 6 1 3 4 0 7 5 
635 6 3 1 0 5 2 
636 3 4 5 0 7 6 
637 2 1 3 4 0 7 5 
638 6 1 4 2 5 7 
639 0 2 1 5 
640 0 4 3 7 1 5 
641 6 0 2 7 4 1 3 5 
642 6 1 3 4 0 7 5 
643 6 3 2 4 5 
644 4 3 1 5 0 6 
645 0 7 6 5 3 2 4 
646 7 3 2 4 5 
647 6 4 7 5 
648 3 0 1 5 
649 7 2 4 1 6 3 
650 3 0 5 7 6 1 4 
651 2 3 1 0 5 
652 4 5 3 7 0 6 
653 6 4 2 5 3 7 
654 4 0 2 1 5 3 
655 2 4 0 1 3 5 
656 0 3 2 4 5 
657 3 5 4 6 
658 4 0 7 1 6 
659 7 0 2 3 5 1 4 
660 7 0 4 6 1 5 2 
661 4 5 6 
662 7 5 3 6 2 1 0 
663 2 0 4 6 1 5 7 
664 0 2 3 5 
665 2 4 3 0 5 
666 0 2 4 7 3 5 
667 4 3 0 5 
668 4 3 2 5 
669 0 6 4 7 2 5 
670 6 2 0 3 4 1 5 
671 2 7 4 6 3 5 
672 0 7 4 6 3 5 
673 6 3 1 2 5 7 
674 6 5 4 2 7 3 
675 7 6 5 4 
676 6 3 1 5 4 0 
677 4 0 1 5 
678 7 4 5 0 
679 0 5 6 4 7 
680 1 5 3 0 6 4 2 7 
681 3 5 0 6 1 4 2 7 
682 2 4 0 7 3 5 
683 7 2 4 1 6 3 
684 3 0 6 2 1 7 
685 7 5 6 4 0 
686 6 3 2 4 5 
687 1 4 0 6 7 5 
688 4 3 6 2 7 
689 3 7 2 0 4 1 6 5 
690 4 2 6 5 3 7 
691 1 3 4 0 7 5 
692 0 5 3 6 2 1 7 
693 7 0 2 1 5 3 4 
694 7 3 1 5 2 6 
695 6 3 1 5 4 0 
696 2 1 4 5 6 7 
697 3 2 0 5 
698 6 0 2 3 5 1 4 
699 7 5 4 0 6 
700 3 0 2 7 4 6 1 5 
701 2 3 1 5 6 7 
702 7 0 4 1 6 
703 1 0 7 4 5 
704 0 2 3 5 1 4 
705 7 3 5 2 6 0 
706 6 5 4 
707 6 5 3 4 2 7 
708 4 3 5 1 0 7 6 
709 0 3 1 5 2 6 
710 7 2 0 3 5 
711 6 5 4 
712 3 0 5 7 6 1 4 
713 6 1 4 2 5 7 
714 3 0 7 4 1 5 
715 2 4 5 0 7 3 6 
716 4 7 5 6 
717 6 4 5 0 7 3 
718 4 2 0 1 3 5 
719 2 3 6 7 5 
720 0 5 3 6 2 1 7 
721 3 5 0 4 1 7 2 6 
722 4 0 1 6 5 
723 7 6 4 2 5 
724 7 6 0 3 2 1 5 
725 4 0 1 6 7 5 
726 7 4 3 0 1 5 
727 3 7 5 6 0 4 
728 0 3 2 4 5 
729 2 3 4 0 5 
730 0 3 4 5 
731 4 5 0 3 1 7 2 6 
732 4 0 7 1 6 
733 0 5 3 4 1 7 2 6 
734 7 6 4 2 5 
735 2 3 4 5 
736 0 3 1 5 2 6 7 
737 7 4 5 6 
738 6 0 4 1 5 
739 7 0 4 1 6 5 
740 6 4 3 0 2 5 
741 4 5 3 7 0 6 
742 7 0 4 6 1 5 2 
743 0 3 2 6 7 5 
744 1 4 2 0 3 5 
745 3 5 4 
746 2 5 0 3 4 1 7 6 
747 7 1 4 2 5 6 
748 2 0 1 5 3 4 
749 7 4 3 6 2 
750 6 4 0 5 
751 0 5 4 2 7 3 6 
752 4 3 0 2 5 
753 3 5 6 2 1 0 7 
754 4 7 5 6 0 
755 1 3 0 5 2 6 
756 0 3 6 4 7 2 5 
757 7 3 1 0 2 5 
758 7 2 4 1 6 3 
759 6 4 0 7 5 
760 2 7 3 5 6 
761 3 5 4 6 
762 6 3 4 0 2 5 
763 6 7 5 0 4 
764 3 0 2 7 4 6 1 5 
765 2 7 6 5 3 4 
766 6 3 1 5 2 7 
767 1 0 5 
768 0 4 7 3 1 5 
769 6 3 1 2 5 7 
770 6 4 0 7 5 
771 6 2 4 1 3 7 
772 4 1 3 0 7 5 
773 0 7 6 5 3 2 4 
774 7 3 1 5 4 0 6 
775 6 7 3 5 2 
776 3 4 2 6 5 7 
777 6 5 4 3 7 0 
778 3 2 4 1 6 7 
779 2 5 3 6 1 0 7 
780 4 7 6 5 3 2 
781 6 7 5 4 
782 4 7 6 3 5 
783 2 0 1 5 3 4 
784 0 7 5 6 4 
785 3 0 4 5 
786 4 5 2 7 3 6 
787 7 4 0 1 6 5 
788 7 5 4 3 0 6 
789 4 0 2 1 5 3 
790 7 3 2 6 5 
791 3 5 0 4 1 7 2 6 
792 0 6 7 5 4 
793 2 0 4 6 1 5 7 
794 0 5 6 4 7 
795 4 0 2 3 5 1 
796 4 7 6 5 3 2 
797 0 4 3 6 2 7 
798 7 4 2 0 1 3 5 
799 2 7 0 4 1 6 3 5 
800 0 5 2 3 4 
801 6 3 4 7 2 5 
802 6 3 2 7 5 
803 7 6 0 3 2 1 5 
804 6 7 3 5 2 
805 4 7 0 3 1 5 
806 7 3 4 0 2 5 
807 0 2 3 4 1 5 
808 1 5 4 6 
809 2 0 4 6 1 5 7 
810 2 5 4 6 
811 7 4 0 5 
812 3 4 0 6 7 5 
813 7 2 4 0 3 5 
814 6 5 3 0 1 4 2 7 
815 1 5 0 3 4 7 2 6 
816 4 5 0 7 
817 3 0 2 5 1 4 
818 4 6 7 5 
819 1 2 0 3 4 5 
820 0 3 5 1 7 6 
821 7 5 3 4 6 2 
822 6 0 4 7 1 
823 7 0 4 3 1 6 
824 2 0 3 4 1 5 
825 3 4 0 6 7 5 
826 6 0 4 1 5 2 7 
827 6 0 2 3 5 1 4 
828 3 4 2 0 1 5 
829 2 7 6 5 3 4 
830 6 0 3 2 1 7 5 
831 1 3 5 2 6 0 7 
832 0 2 1 5 
833 6 0 5 7 1 4 
834 6 2 4 0 7 3 5 
835 7 3 5 2 6 0 
836 4 2 0 1 5 
837 0 3 2 4 5 
838 7 2 0 4 1 6 3 5 
839 7 3 2 6 5 
840 3 5 0 6 1 4 2 7 
841 6 4 0 5 
842 3 4 0 7 1 5 
843 2 3 4 5 
844 4 2 6 5 3 7 
845 6 4 7 2 5 
846 4 7 3 5 2 6 
847 2 5 6 4 0 7 
848 0 5 3 4 6 2 7 
849 3 4 0 1 6 7 5 
850 4 3 0 2 5 
851 7 4 0 1 6 5 
852 7 3 5 1 0 6 
853 4 0 6 7 5 
854 7 5 6 0 4 
855 3 4 7 0 1 5 
856 0 4 7 3 1 5 
857 2 3 4 0 5 
858 1 0 6 2 7 
859 4 3 0 5 
860 4 6 7 2 5 
861 1 4 0 5 
862 7 4 2 6 5 3 
863 2 5 3 0 6 1 4 7 
864 1 4 7 5 6 
865 6 3 4 0 2 5 
866 6 0 4 1 5 
867 7 0 4 6 1 5 2 
868 6 3 5 1 0 7 
869 4 0 6 1 5 2 7 
870 7 3 1 5 2 6 
871 1 0 2 4 3 5 7 
872 3 2 4 1 6 7 
873 3 0 7 4 1 5 
874 2 4 0 1 3 5 
875 7 3 2 6 5 
876 3 5 1 0 7 6 
877 7 0 2 4 3 5 1 
878 7 3 1 2 5 6 
879 2 6 0 3 1 7 5 
880 4 0 5 7 6 1 
881 3 0 2 4 5 1 7 
882 4 3 0 2 5 
883 1 0 4 6 5 
884 2 0 4 7 1 6 
885 7 4 3 6 2 
886 6 5 4 
887 6 7 2 0 4 1 3 5 
888 2 4 6 5 3 7 
889 3 0 2 7 4 6 1 5 
890 6 3 1 5 2 7 
891 6 2 0 3 4 1 5 
892 3 6 7 5 4 
893 2 5 3 4 6 7 
894 6 5 4 2 7 3 
895 1 2 0 5 
896 1 3 5 2 6 0 7 
897 7 5 4 6 
898 6 3 1 5 2 7 
899 1 4 7 0 3 5 
900 7 3 0 4 5 
901 1 4 0 5 
902 1 7 6 5 3 2 4 
903 7 6 0 3 2 1 5 
904 1 5 4 2 7 3 6 
905 0 6 7 5 4 
906 0 4 5 7 
907 1 0 4 6 5 2 7 
908 4 0 3 7 1 6 
909 7 0 2 4 6 1 3 5 
910 4 5 6 
911 1 0 5 7 6 4 
912 1 4 7 5 6 
913 3 0 4 1 6 5 
914 4 7 6 5 3 2 
915 7 0 4 1 6 
916 7 3 6 4 2 5 
917 4 2 0 1 3 5 
918 7 5 3 0 6 1 4 2 
919 1 0 7 4 5 
920 1 4 2 0 3 5 
921 2 5 0 3 4 1 7 6 
922 1 0 6 2 7 
923 4 7 3 5 2 6 
924 4 3 2 6 7 5 
925 1 3 0 4 5 
926 1 7 5 6 
927 1 4 3 0 7 5 
928 1 5 2 3 4 
929 7 5 4 2 3 6 
930 1 0 4 7 6 
931 1 5 4 3 7 0 6 
932 2 4 3 0 7 1 5 
933 1 0 2 3 5 4 
934 2 3 1 0 5 6 
935 1 5 4 2 7 3 6 
936 3 2 0 1 5 
937 0 3 5 1 7 6 
938 0 5 6 4 7 
939 2 3 1 0 5 
940 0 3 4 5 
941 2 3 1 5 6 7 
942 1 4 7 5 6 
943 2 4 3 6 7 
944 1 7 4 6 3 5 
945 1 4 0 6 7 5 
946 1 5 4 2 7 3 6 
947 1 0 4 7 6 
948 2 3 6 4 7 5 
949 1 3 2 4 5 
950 2 3 4 0 5 
951 1 7 5 6 
952 2 5 3 4 
953 2 5 4 7 3 6 
954 1 0 2 5 3 4 
955 2 4 1 6 3 7 
956 1 5 3 4 6 2 7 
957 2 0 1 5 3 4 
958 1 3 2 4 5 
959 1 5 3 0 6 4 2 7 
960 1 7 2 0 4 6 3 5 
961 1 6 7 5 4 
962 1 5 4 6 
963 1 3 2 6 7 5 
964 1 0 2 3 5 4 
965 1 4 5 0 7 
966 1 0 2 4 3 5 7 
967 0 1 3 4 7 5 
968 1 4 3 0 7 5 
969 0 5 4 6 7 
970 0 5 6 4 7 
971 1 7 6 5 3 2 4 
972 4 0 7 1 5 
973 7 0 4 6 1 5 2 
974 4 7 5 6 0 
975 1 6 0 3 2 7 5 
976 1 0 4 7 6 
977 0 4 5 7 
978 4 7 2 0 1 6 3 5 
979 7 5 4 3 0 6 
980 7 0 5 6 1 4 
981 4 0 1 5 
982 7 6 5 4 
983 1 0 2 7 4 6 3 5 
984 3 5 4 2 7 6 
985 1 3 6 4 7 2 5 
986 1 7 5 6 0 4 
987 1 0 2 5 3 4 
988 1 3 6 4 7 2 5 
989 1 0 4 3 7 6 
990 1 0 6 2 7 
991 1 2 0 3 4 5 
992 1 0 4 6 5 
993 1 3 2 5 6 7 
994 1 4 0 5 
995 1 4 2 6 5 3 7 
996 2 3 4 0 5 
997 1 5 3 6 2 0 7 
998 2 5 4 7 3 6 
999 1 2 0 5 
1000 3 5 4 7 0 6 
1001 0 4 3 6 2 7 
1002 2 3 1 5 6 7 
1003 2 4 0 1 6 7 5 
1004 3 7 2 0 4 1 6 5 
1005 2 1 4 5 6 7 
1006 1 4 7 5 6 
1007 2 5 4 6 
1008 1 4 3 0 2 5 
1009 3 5 6 4 0 7 
1010 1 6 0 3 2 7 5 
1011 1 5 0 3 4 7 2 6 
1012 2 3 1 0 5 6 
1013 1 7 4 6 3 5 
1014 2 5 4 
1015 1 4 5 0 7 
1016 2 0 1 5 
1017 2 5 3 4 
1018 2 4 3 0 7 1 5 
1019 2 4 3 0 7 1 5 
1020 2 5 3 4 6 7 
1021 2 0 6 1 7 
1022 1 4 0 5 
1023 1 3 0 2 5 
