0 5 4 3 2 0 
1 2 6 1 4 7 0 
2 5 6 4 0 
3 5 6 4 7 
4 1 6 4 5 7 0 
5 3 0 4 6 
6 4 5 
7 4 1 0 
8 2 6 1 3 4 7 0 
9 0 3 2 4 
10 6 3 0 2 
11 1 0 7 6 4 
12 6 5 4 7 1 
13 5 6 1 4 0 
14 4 6 1 3 2 7 0 
15 3 4 1 5 0 
16 4 0 2 6 3 7 1 
17 4 6 3 2 5 7 0 
18 0 6 3 2 4 1 
19 5 0 2 3 1 
20 5 4 6 
21 1 4 2 6 3 7 0 
22 0 4 2 1 3 5 
23 4 3 2 1 0 
24 0 4 2 1 3 5 
25 7 3 5 0 
26 7 2 5 4 3 6 
27 7 6 3 5 2 0 
28 5 1 0 4 
29 7 6 1 3 4 2 0 
30 7 3 6 2 0 
31 4 6 5 7 1 
32 1 4 7 6 0 
33 4 6 3 2 7 
34 6 0 4 7 2 1 
35 1 6 3 4 2 0 7 
36 3 1 5 4 2 0 
37 0 4 6 
38 1 4 6 
39 0 4 1 5 
40 6 4 
41 2 1 5 3 4 0 
42 2 4 6 7 0 
43 1 3 7 6 2 0 
44 2 6 1 3 4 0 7 
45 5 0 2 6 3 7 1 4 
46 7 6 5 4 
47 0 3 2 4 
48 5 6 1 4 7 0 
49 4 3 7 2 6 0 
50 6 2 0 5 3 7 
51 7 0 2 6 3 1 4 
52 6 4 0 2 3 
53 1 0 5 4 
54 1 6 3 4 2 7 0 
55 6 4 7 1 0 
56 0 6 1 3 4 2 7 
57 7 6 1 4 0 
58 2 0 6 3 1 
59 0 2 3 6 7 
60 6 2 3 4 1 
61 5 3 2 1 0 
62 1 0 4 6 5 7 
63 3 1 4 2 6 7 0 
64 5 1 2 3 0 
65 2 5 4 
66 5 4 6 
67 5 4 1 0 
68 0 7 4 5 6 
69 3 2 6 5 7 1 
70 4 2 3 5 6 0 
71 4 6 7 0 1 
72 2 0 4 7 6 1 
73 0 1 6 4 
74 6 3 2 1 0 
75 1 0 4 7 6 2 
76 6 1 4 0 
77 5 3 0 2 6 
78 4 2 6 3 1 
79 3 6 5 7 2 0 
80 4 1 0 6 
81 4 0 6 
82 0 6 7 1 
83 5 4 
84 5 2 4 7 3 6 
85 1 6 3 4 2 7 0 
86 0 6 7 4 1 
87 4 6 5 7 
88 0 4 6 7 
89 7 3 2 1 0 
90 7 6 0 4 1 
91 7 6 0 4 1 
92 5 4 7 1 6 0 
93 7 0 4 6 2 1 
94 7 2 0 1 3 6 
95 7 4 6 0 
96 1 2 0 6 3 
97 6 3 2 1 0 
98 6 2 3 0 
99 0 4 6 
100 3 6 1 4 2 7 0 
101 1 0 7 6 4 
102 1 0 2 3 5 
103 0 1 4 
104 5 3 7 2 6 0 
105 2 6 7 0 4 1 
106 2 0 4 6 5 1 7 
107 1 3 5 2 4 
108 2 3 5 0 
109 5 0 2 3 1 
110 7 0 1 6 4 
111 1 4 5 0 
112 5 0 7 1 6 4 
113 4 3 2 5 0 
114 5 6 4 7 
115 7 0 2 6 3 1 4 
116 6 0 2 3 7 
117 1 5 4 
118 0 2 3 7 4 6 
119 6 2 0 3 1 
120 0 5 4 
121 6 3 5 7 2 0 
122 1 0 3 2 4 
123 0 1 5 4 
124 6 3 0 1 
125 7 4 2 3 5 6 0 
126 1 3 2 0 
127 3 6 7 1 0 
128 5 6 4 7 0 
129 2 6 7 4 1 
130 5 6 1 4 7 0 
131 5 3 0 2 6 
132 2 6 1 4 0 
133 3 5 2 4 
134 6 4 
135 4 2 0 5 3 7 6 
136 2 5 0 4 6 
137 0 1 5 4 
138 6 3 5 0 
139 1 5 4 
140 6 5 4 7 1 
141 4 2 0 5 3 7 6 
142 4 6 7 1 0 
143 3 6 2 7 4 
144 4 6 5 7 
145 4 3 2 5 0 
146 0 2 3 7 4 6 
147 4 2 0 6 3 1 
148 4 6 7 0 
149 1 4 3 2 5 0 
150 0 5 4 
151 4 5 
152 0 2 6 3 4 1 
153 7 1 4 2 6 3 0 
154 7 4 5 6 
155 7 0 4 6 2 1 
156 5 2 0 3 7 6 
157 7 2 3 0 
158 7 5 4 
159 4 0 2 3 6 
160 1 6 3 4 2 5 7 0 
161 4 7 1 6 0 
162 6 4 7 1 0 
163 0 2 3 
164 3 2 0 5 7 6 
165 1 3 2 0 
166 1 4 6 
167 0 3 1 2 
168 5 3 7 2 6 0 
169 2 4 1 3 5 0 
170 2 3 7 6 0 
171 1 6 3 2 7 4 
172 2 3 0 
173 4 2 3 0 
174 7 4 1 5 0 
175 0 6 1 4 7 
176 5 4 2 3 6 0 
177 4 0 6 5 1 7 
178 5 7 4 6 
179 7 2 3 0 4 6 
180 6 2 3 4 1 
181 1 0 5 4 
182 1 0 2 3 6 7 
183 6 3 2 4 0 1 
184 0 2 1 3 6 
185 7 6 1 4 0 
186 1 6 5 4 7 
187 0 6 1 4 
188 6 4 
189 5 6 3 4 2 7 0 
190 1 7 4 5 6 
191 3 5 0 
192 5 4 6 
193 2 6 5 4 7 1 
194 5 2 0 1 3 6 
195 5 4 3 2 0 
196 0 1 6 4 
197 3 4 6 
198 4 3 5 1 2 
199 4 2 3 7 0 6 
200 2 6 3 0 
201 0 1 4 2 6 3 7 
202 6 3 5 1 2 4 
203 2 4 1 3 5 0 
204 6 0 2 3 1 5 
205 5 6 4 0 
206 4 6 0 
207 3 6 1 4 2 7 0 
208 4 5 
209 4 6 3 5 7 2 0 
210 0 2 3 
211 5 2 0 3 7 6 
212 5 4 2 1 3 0 
213 1 0 2 3 5 
214 2 4 3 5 6 0 
215 4 6 7 0 
216 0 3 7 2 6 
217 7 4 3 2 5 0 
218 7 1 4 2 6 3 0 
219 7 6 0 4 1 
220 5 2 3 0 
221 7 4 3 2 5 0 
222 7 2 0 5 3 6 
223 4 6 3 5 7 2 0 
224 0 3 2 4 
225 4 1 0 
226 6 1 2 3 0 5 
227 0 2 6 3 4 1 
228 3 4 6 
229 1 0 2 6 3 7 4 
230 1 5 4 
231 1 5 4 
232 4 7 1 6 0 
233 2 4 3 5 6 0 
234 2 6 3 0 
235 1 3 0 2 6 
236 2 6 5 4 7 
237 5 2 6 3 0 
238 7 4 5 6 
239 0 4 6 
240 7 6 1 3 4 2 0 
241 4 2 0 6 3 1 
242 4 0 2 3 6 
243 7 0 2 6 3 1 4 
244 6 5 0 4 
245 0 1 5 4 
246 1 2 0 5 3 7 6 
247 6 7 0 4 1 
248 0 1 6 4 
249 7 0 2 3 1 5 
250 0 6 1 4 
251 0 2 6 5 3 7 1 
252 6 4 5 7 0 
253 5 4 
254 0 4 1 5 
255 3 6 1 4 2 0 7 
256 5 6 7 1 0 
257 2 3 5 1 4 
258 5 3 2 4 
259 7 6 1 4 0 
260 0 3 1 2 
261 3 1 4 0 
262 4 2 5 7 3 6 
263 4 3 2 1 0 
264 2 4 6 
265 2 6 3 5 7 0 
266 6 4 3 2 5 0 
267 1 2 3 7 0 4 6 
268 6 3 7 2 0 
269 5 6 4 7 1 
270 4 2 3 7 0 6 
271 3 6 2 4 0 1 
272 4 3 0 1 
273 4 6 7 1 
274 0 6 3 2 7 4 
275 5 4 2 1 3 0 
276 5 0 2 3 1 
277 0 5 4 
278 0 3 5 2 4 
279 6 4 
280 1 4 0 2 3 6 
281 7 2 6 5 3 1 
282 7 3 6 2 0 
283 7 3 0 1 
284 5 6 4 7 
285 7 3 0 2 6 
286 6 2 3 0 
287 4 3 5 2 
288 1 3 5 2 4 
289 4 2 3 0 
290 3 4 6 
291 2 4 6 
292 3 0 2 6 7 
293 1 6 4 0 
294 1 5 4 
295 0 1 5 3 4 2 
296 5 3 7 2 6 0 
297 2 0 6 3 7 1 4 
298 2 6 5 3 7 1 
299 1 4 6 7 0 
300 2 3 5 0 
301 5 2 3 0 
302 7 6 3 2 4 
303 0 4 3 2 5 
304 5 2 3 0 
305 4 6 1 3 2 0 7 
306 5 6 3 7 2 0 
307 6 5 4 
308 6 3 1 2 0 
309 1 6 4 0 
310 1 2 6 3 0 
311 6 2 5 4 7 3 
312 0 4 6 
313 2 5 4 7 3 6 
314 1 6 4 0 
315 1 4 3 2 5 0 
316 6 1 2 3 0 5 
317 5 6 4 7 1 
318 1 0 2 3 6 7 
319 3 4 7 1 6 0 
320 5 2 0 6 3 1 
321 2 0 7 1 6 4 
322 4 6 1 3 2 7 0 
323 4 6 1 3 2 0 7 
324 0 6 4 5 7 
325 3 2 0 1 6 
326 4 2 0 5 3 7 6 
327 4 2 6 5 3 7 1 
328 2 6 1 4 7 0 
329 1 0 5 4 
330 6 1 4 0 
331 3 2 0 
332 6 2 0 3 1 
333 5 3 7 2 6 0 
334 5 2 0 1 3 6 
335 3 4 0 2 6 
336 4 2 6 3 1 
337 4 1 0 
338 0 5 1 4 
339 7 6 4 5 0 
340 5 6 1 4 7 0 
341 1 0 2 6 3 7 4 
342 0 2 3 
343 4 5 0 6 
344 0 6 4 5 7 
345 6 2 0 3 1 
346 6 3 5 0 
347 6 4 2 1 3 5 0 
348 7 6 1 3 4 2 0 
349 7 6 3 4 2 5 0 
350 7 6 1 3 4 2 0 
351 4 3 2 1 0 
352 3 5 4 
353 4 2 6 3 1 
354 6 0 4 7 2 1 
355 0 2 3 7 4 6 
356 3 5 2 4 
357 1 3 0 2 6 
358 1 4 7 6 0 
359 3 1 0 5 4 
360 5 6 1 3 4 2 0 7 
361 2 6 5 3 7 1 
362 2 3 7 0 4 6 
363 2 6 3 7 4 
364 2 0 3 6 7 
365 5 2 3 0 
366 6 4 2 3 5 0 
367 0 6 7 1 
368 4 3 1 2 0 
369 6 4 0 
370 5 2 6 3 7 1 
371 7 0 2 3 6 
372 6 5 4 
373 1 3 2 0 
374 1 6 4 0 
375 6 7 1 0 
376 0 3 2 4 
377 7 4 0 2 3 6 
378 1 4 2 6 3 7 0 
379 0 5 4 6 
380 6 0 2 3 7 
381 5 3 7 6 2 0 
382 1 0 2 3 5 
383 3 6 7 0 4 1 
384 6 0 3 2 4 
385 2 3 1 0 
386 5 4 1 0 
387 5 6 4 7 0 
388 0 4 2 1 3 5 
389 3 1 2 0 
390 4 3 7 2 6 0 
391 4 1 2 3 0 5 
392 2 0 6 3 1 
393 0 1 2 3 5 
394 6 4 5 7 0 
395 1 4 0 
396 6 3 0 2 
397 5 4 0 2 3 6 
398 4 1 2 6 3 7 0 
399 3 0 1 
400 4 2 6 3 0 
401 4 2 3 0 
402 0 6 1 4 
403 2 3 5 0 
404 5 3 0 1 
405 1 0 4 6 5 7 
406 0 4 6 
407 4 7 5 6 
408 0 2 6 3 4 1 
409 6 0 2 3 7 
410 7 1 4 2 6 3 0 
411 7 6 4 1 
412 5 6 3 2 7 4 
413 7 3 2 6 0 
414 7 2 3 0 4 6 
415 4 0 2 3 6 7 
416 1 6 4 0 
417 4 6 7 1 0 
418 6 4 1 5 0 
419 1 3 5 2 4 
420 3 5 0 4 6 
421 1 0 5 4 
422 1 5 3 4 2 0 
423 0 4 6 7 
424 5 2 3 7 0 4 6 
425 2 1 5 3 4 0 
426 2 4 0 3 6 
427 1 2 3 0 5 
428 2 0 3 4 
429 7 3 5 1 2 4 
430 7 6 3 2 4 0 1 
431 0 3 5 
432 5 6 1 3 4 2 0 7 
433 4 0 7 1 6 
434 5 6 4 7 1 
435 7 0 3 2 4 
436 6 3 2 1 0 
437 1 4 0 
438 1 6 3 4 2 5 7 0 
439 6 3 2 7 4 
440 0 4 2 3 5 6 
441 7 0 4 6 
442 1 6 3 5 7 2 0 
443 0 6 3 4 2 5 7 
444 6 2 3 0 
445 4 6 7 0 1 
446 1 2 6 5 3 7 
447 3 0 2 6 7 1 4 
448 5 2 6 3 7 1 
449 3 0 4 6 5 1 7 
450 5 4 6 
451 5 4 
452 0 1 2 3 5 
453 3 4 1 5 0 
454 4 6 0 
455 4 5 
456 2 1 4 6 3 7 0 
457 0 3 2 4 
458 6 3 0 1 
459 1 6 3 5 7 2 0 
460 6 4 0 2 3 
461 5 4 2 1 3 0 
462 4 1 0 
463 3 7 2 6 0 
464 4 3 0 2 6 
465 4 0 7 1 6 
466 1 6 7 0 
467 5 3 1 2 4 
468 5 6 7 1 0 
469 1 0 2 3 5 
470 0 1 6 4 
471 4 2 5 7 3 6 
472 0 1 5 3 4 2 
473 7 0 4 6 5 1 
474 7 6 5 4 
475 7 2 3 0 
476 5 0 4 6 1 7 
477 7 0 1 6 4 
478 7 1 0 5 4 
479 4 0 3 2 
480 1 0 5 4 
481 4 0 7 6 2 1 
482 6 0 4 7 2 1 
483 0 5 4 
484 3 2 6 0 
485 1 3 5 0 
486 1 6 7 0 
487 0 3 2 6 
488 5 4 2 1 3 0 
489 2 6 3 4 1 
490 2 0 1 3 6 
491 1 4 6 
492 2 0 3 4 
493 5 2 6 3 7 1 
494 7 4 1 6 0 
495 0 3 2 1 
496 5 4 
497 4 6 0 
498 5 2 0 6 3 1 
499 7 3 1 2 0 
500 6 5 0 4 
501 1 3 7 6 2 0 
502 1 6 3 2 7 4 
503 6 5 0 4 
504 0 6 3 5 7 2 
505 7 4 2 3 5 6 0 
506 1 3 2 0 
507 0 6 3 2 4 1 
508 6 3 5 1 2 4 
509 5 4 
510 1 4 5 0 
511 3 6 2 4 0 1 
512 4 0 5 1 
513 2 3 7 6 0 
514 5 2 6 3 0 
515 5 0 4 6 1 7 
516 0 4 7 1 6 
517 3 0 5 1 4 
518 4 0 5 1 
519 6 7 4 1 
520 2 6 7 1 0 
521 0 6 1 4 
522 6 4 2 3 5 0 
523 1 4 0 2 3 6 
524 6 4 3 2 5 0 
525 5 6 3 4 2 7 0 
526 4 1 5 3 2 0 
527 3 0 5 1 4 
528 4 3 2 1 0 
529 4 3 7 6 2 0 
530 0 2 3 7 4 6 
531 5 2 6 3 0 
532 5 3 2 4 
533 1 6 3 2 4 0 
534 0 3 2 1 
535 4 2 6 3 1 
536 0 6 3 2 4 1 
537 7 0 5 1 4 
538 7 6 4 5 0 
539 7 6 4 5 0 
540 5 3 0 1 
541 6 2 3 7 0 4 
542 7 6 3 4 2 5 0 
543 4 5 
544 1 6 3 2 4 0 
545 4 6 7 1 
546 6 3 5 0 
547 0 2 5 3 7 6 
548 3 6 5 7 2 0 
549 1 6 3 4 2 5 7 0 
550 0 7 4 5 6 
551 0 1 4 
552 5 4 
553 2 4 1 5 0 
554 2 4 3 5 0 
555 1 0 5 4 
556 2 5 4 
557 5 4 
558 7 2 0 1 3 6 
559 0 2 3 1 5 
560 5 4 
561 4 6 0 
562 5 4 0 2 3 6 
563 7 0 4 6 2 1 
564 6 4 1 5 0 
565 1 2 6 3 0 
566 1 2 0 3 6 
567 6 2 5 4 7 3 
568 0 6 7 1 
569 7 0 4 6 
570 1 3 2 0 
571 0 1 4 2 6 3 7 
572 6 0 4 
573 5 3 2 4 
574 1 5 0 4 6 
575 3 6 4 2 5 7 0 
576 5 0 2 3 1 
577 2 4 7 1 6 0 
578 5 3 2 4 
579 5 1 3 4 2 0 
580 0 2 3 1 5 
581 3 5 0 
582 4 5 
583 4 0 2 3 6 
584 2 0 6 3 7 1 4 
585 0 4 6 
586 6 3 7 2 0 
587 1 4 6 
588 6 4 0 
589 7 3 6 2 0 
590 4 6 7 0 
591 3 1 2 0 
592 7 6 1 0 
593 4 6 1 3 2 0 7 
594 0 5 4 6 
595 5 3 1 2 0 
596 5 4 6 7 0 
597 1 2 3 0 
598 0 1 5 4 
599 4 2 3 0 
600 0 4 6 
601 7 0 4 6 5 1 
602 7 6 3 4 2 5 0 
603 7 1 0 5 4 
604 5 4 
605 7 4 6 0 
606 7 6 5 4 
607 4 2 6 3 1 
608 1 4 5 0 
609 4 0 6 5 1 7 
610 6 4 7 1 0 
611 0 3 1 2 
612 3 2 5 4 7 6 
613 1 3 0 
614 1 5 4 
615 0 4 7 1 6 
616 5 3 2 1 0 
617 2 4 0 3 6 
618 2 3 0 6 
619 1 5 4 
620 2 6 3 7 4 
621 5 3 2 1 0 
622 7 3 2 1 0 
623 0 3 2 1 
624 5 3 1 2 4 
625 4 5 
626 5 4 0 2 3 6 
627 7 2 6 5 3 1 
628 6 1 0 4 
629 1 3 2 0 
630 1 6 3 2 4 0 
631 6 0 3 2 4 
632 0 4 6 
633 7 0 5 1 4 
634 1 0 5 4 
635 0 6 4 5 7 
636 6 1 4 7 0 
637 5 2 4 7 3 6 
638 1 3 0 
639 3 4 2 5 0 
640 5 3 2 1 0 
641 2 1 0 5 4 
642 5 4 1 0 
643 5 4 6 
644 0 6 4 
645 3 6 1 4 7 0 
646 4 1 0 6 
647 4 6 1 3 2 0 7 
648 2 5 4 7 3 6 
649 0 6 3 5 7 2 
650 6 4 2 3 5 0 
651 1 6 7 0 4 
652 6 2 0 1 3 
653 5 6 1 4 7 0 
654 4 1 0 6 
655 3 2 1 0 
656 4 6 0 
657 4 0 2 3 6 7 
658 0 1 2 3 5 
659 5 2 4 7 3 6 
660 5 0 4 6 1 7 
661 1 4 2 6 3 7 0 
662 0 6 3 2 7 4 
663 4 2 3 0 
664 0 6 3 4 2 5 7 
665 7 5 4 
666 7 1 2 3 0 5 
667 7 4 2 3 5 6 0 
668 5 1 0 6 4 
669 7 1 0 6 4 
670 7 2 3 0 4 6 
671 4 3 2 1 0 
672 1 4 2 3 5 6 0 
673 4 1 2 3 0 5 
674 6 3 7 2 0 
675 0 3 1 2 
676 3 0 7 1 6 4 
677 1 0 2 6 3 7 4 
678 1 4 0 2 3 6 
679 0 2 3 
680 5 0 4 6 
681 2 3 5 1 4 
682 2 0 6 3 7 1 4 
683 1 4 6 7 0 
684 2 6 7 4 1 
685 5 0 4 7 6 2 1 
686 7 4 6 0 
687 0 3 7 6 2 
688 5 6 3 2 7 4 
689 4 1 0 
690 5 1 4 0 
691 7 3 0 2 6 
692 6 0 7 1 4 
693 1 6 7 4 
694 1 3 2 0 
695 6 1 0 5 4 
696 0 3 2 6 
697 7 6 5 4 1 
698 1 3 5 2 4 
699 0 3 2 1 
700 6 0 7 1 4 
701 4 6 5 7 
702 1 7 4 5 6 
703 3 2 0 1 6 
704 5 1 3 4 2 0 
705 2 1 4 6 3 7 0 
706 5 2 3 0 
707 5 6 3 2 7 4 
708 0 2 6 3 1 
709 3 4 6 7 0 
710 4 6 3 2 0 1 
711 4 3 0 2 6 
712 2 0 3 6 7 
713 0 6 1 4 
714 6 2 3 0 
715 1 6 5 4 7 
716 6 4 2 3 5 0 
717 5 7 4 6 
718 4 6 1 0 
719 3 1 2 0 
720 4 0 3 2 
721 4 3 5 1 2 
722 0 3 5 1 2 4 
723 5 6 7 4 1 
724 5 2 3 0 
725 1 4 0 
726 0 3 5 
727 4 3 2 1 0 
728 0 2 3 
729 7 3 6 2 0 
730 7 1 0 5 4 
731 7 2 0 5 3 6 
732 5 3 0 1 
733 6 3 2 1 0 
734 7 0 2 3 6 
735 4 2 6 3 1 
736 1 6 4 7 0 
737 4 0 6 
738 6 3 0 1 
739 0 6 1 3 4 2 7 
740 3 1 0 6 4 
741 1 4 2 3 5 0 
742 0 5 4 
743 0 2 3 6 7 
744 5 0 4 7 6 2 1 
745 2 3 1 0 
746 2 3 1 0 
747 0 5 4 6 
748 2 1 4 6 3 7 0 
749 5 3 2 4 
750 7 2 6 3 4 1 
751 0 3 7 2 6 
752 5 0 7 1 6 4 
753 4 6 7 1 
754 5 6 7 0 4 1 
755 7 0 2 3 6 
756 6 5 4 7 1 
757 1 6 4 5 7 0 
758 1 6 7 4 
759 6 1 0 4 
760 0 4 7 1 6 
761 7 0 4 6 2 1 
762 2 0 5 3 7 6 
763 0 7 4 5 6 
764 6 3 5 2 4 
765 5 1 0 6 4 
766 1 3 2 0 
767 3 5 4 
768 4 6 5 7 
769 2 6 1 3 4 0 7 
770 5 0 1 4 
771 5 6 4 7 1 
772 0 2 3 1 5 
773 3 2 6 0 
774 4 5 
775 4 2 6 3 0 
776 2 0 1 3 6 
777 0 6 7 4 1 
778 6 1 5 3 4 2 0 
779 1 4 6 
780 6 3 0 1 
781 5 3 0 
782 5 4 2 3 6 0 
783 3 6 4 2 5 7 0 
784 4 5 
785 4 2 6 5 3 7 1 
786 0 6 3 2 4 1 
787 5 7 4 6 
788 4 2 6 5 3 7 1 
789 1 3 2 0 
790 0 7 4 5 6 
791 4 2 0 1 3 6 
792 0 1 6 4 
793 7 2 3 0 
794 7 6 1 4 0 
795 7 0 4 6 2 1 
796 5 6 3 2 7 4 
797 7 2 0 1 3 6 
798 7 6 1 0 
799 4 0 2 6 3 7 1 
800 1 5 3 4 2 0 
801 4 3 7 6 2 0 
802 6 7 4 1 
803 0 3 2 1 
804 3 7 2 6 0 
805 1 2 0 3 6 
806 1 6 4 7 0 
807 0 3 7 2 6 
808 4 5 0 6 
809 2 0 6 3 1 
810 2 6 1 3 4 7 0 
811 1 3 0 2 6 
812 2 1 5 3 4 0 
813 4 2 6 5 3 7 1 
814 7 6 4 1 
815 0 2 3 6 7 
816 4 2 3 0 
817 4 6 3 2 0 1 
818 6 2 0 3 1 
819 7 2 6 3 0 
820 6 0 4 7 2 1 
821 1 6 4 0 
822 1 4 7 6 0 
823 6 1 3 4 2 0 7 
824 0 1 5 4 
825 7 2 6 3 4 1 
826 1 3 0 
827 2 6 1 4 0 
828 6 2 3 0 
829 7 0 4 6 5 1 
830 1 6 5 4 7 
831 3 5 2 4 
832 6 2 5 3 7 1 
833 2 4 6 7 0 
834 4 1 0 5 
835 7 2 3 0 
836 0 2 3 
837 3 4 2 1 5 0 
838 6 4 
839 6 5 4 7 1 
840 2 5 4 
841 0 3 2 1 
842 6 4 
843 1 4 2 3 5 6 0 
844 6 4 
845 6 2 3 7 0 4 
846 7 0 3 2 4 
847 3 6 1 4 0 
848 7 6 5 4 1 
849 6 0 4 
850 1 0 7 6 4 
851 6 0 4 5 1 7 
852 7 1 0 5 4 
853 1 5 4 
854 1 5 4 
855 6 5 4 7 1 
856 0 4 1 5 
857 7 5 4 
858 7 1 0 6 4 
859 6 5 4 
860 7 5 4 
861 7 6 1 0 
862 7 2 3 0 
863 7 5 4 
864 1 6 4 0 
865 6 0 4 
866 6 1 4 2 3 7 0 
867 2 1 4 0 
868 3 1 4 2 6 7 0 
869 2 6 1 3 4 7 0 
870 3 4 2 5 0 
871 3 2 5 4 7 6 
872 6 4 0 
873 2 0 4 6 
874 2 6 7 0 4 1 
875 2 3 0 6 
876 2 6 4 5 7 0 
877 7 3 5 1 2 4 
878 7 6 3 5 2 0 
879 3 4 6 
880 7 6 1 3 4 2 0 
881 6 3 5 7 2 0 
882 6 2 3 4 1 
883 7 0 4 6 
884 6 0 7 1 4 
885 2 4 1 5 0 
886 3 0 2 1 5 
887 6 2 3 4 1 
888 2 4 6 
889 7 0 4 6 5 1 
890 2 0 4 7 6 1 
891 2 6 7 1 0 
892 6 5 0 4 
893 3 5 4 
894 3 6 5 4 7 
895 3 1 5 4 2 0 
896 2 3 5 1 4 
897 2 0 6 3 7 1 4 
898 4 6 7 1 
899 2 0 1 3 6 
900 2 1 4 6 3 7 0 
901 3 4 7 1 6 0 
902 6 3 5 0 
903 3 1 2 0 5 
904 2 3 7 6 0 
905 2 3 7 6 0 
906 6 2 0 3 1 
907 2 5 4 7 3 6 
908 6 1 0 4 
909 3 2 0 
910 7 0 5 1 4 
911 3 0 2 1 5 
912 2 6 1 4 7 0 
913 6 1 3 4 2 7 0 
914 3 0 2 4 
915 2 0 5 3 7 6 
916 7 6 1 3 4 2 0 
917 3 0 1 
918 3 1 4 0 
919 2 4 3 5 0 
920 2 4 6 
921 7 4 6 
922 3 2 0 5 7 6 
923 3 0 1 
924 6 0 5 1 4 
925 3 6 4 5 7 0 
926 3 2 0 
927 2 1 5 3 4 0 
928 3 7 4 5 6 
929 2 1 5 3 4 0 
930 3 0 2 6 
931 2 3 5 1 4 
932 3 6 5 4 7 1 
933 2 6 3 7 4 
934 3 5 0 
935 3 1 2 0 5 
936 2 0 4 6 5 1 7 
937 3 0 4 7 6 2 1 
938 2 1 3 0 5 
939 2 3 7 6 0 
940 2 4 1 3 5 0 
941 3 6 5 4 7 
942 3 4 6 7 0 
943 3 5 4 
944 2 5 0 4 6 
945 2 1 4 0 
946 2 6 4 5 7 0 
947 3 6 4 5 7 0 
948 3 5 1 2 4 
949 2 1 5 3 4 0 
950 3 0 4 6 5 1 7 
951 3 0 7 1 6 4 
952 3 6 1 4 2 7 0 
953 2 6 7 0 4 1 
954 2 6 3 4 5 7 0 
955 3 0 2 4 
956 3 4 6 7 0 
957 3 1 2 0 5 
958 3 4 2 1 5 0 
959 3 5 0 
960 2 0 3 1 5 
961 2 6 1 4 7 0 
962 4 6 3 5 7 2 0 
963 7 5 0 4 6 
964 2 6 7 4 1 
965 3 5 0 4 6 
966 6 2 5 4 7 3 
967 6 4 0 2 3 
968 2 6 1 3 4 7 0 
969 3 5 4 
970 6 2 3 0 
971 2 5 4 7 3 6 
972 6 3 5 2 4 
973 7 6 3 2 4 0 1 
974 7 3 6 2 0 
975 3 2 0 
976 7 0 1 6 4 
977 6 3 7 2 0 
978 3 0 1 
979 7 1 2 3 0 5 
980 7 3 2 1 0 
981 3 2 0 
982 2 3 5 1 4 
983 6 0 2 3 7 1 4 
984 2 6 3 4 5 7 0 
985 7 6 3 2 4 
986 6 4 
987 6 3 2 4 0 1 
988 6 7 4 5 
989 3 2 0 1 6 
990 3 6 2 4 0 1 
991 2 1 4 0 
992 3 1 2 0 5 
993 2 4 3 5 0 
994 3 2 0 6 1 
995 2 7 4 5 6 
996 3 0 5 1 4 
997 3 4 2 1 5 0 
998 3 2 0 5 7 6 
999 3 2 7 0 4 6 
1000 2 7 4 5 6 
1001 3 6 7 0 4 1 
1002 3 2 0 6 1 
1003 2 0 4 6 
1004 3 6 4 0 
1005 3 6 7 0 4 1 
1006 3 6 5 4 7 
1007 3 6 7 4 1 
1008 2 5 0 4 6 
1009 2 6 3 5 7 0 
1010 3 0 2 6 7 1 4 
1011 3 6 7 0 4 1 
1012 3 2 6 5 7 1 
1013 3 5 2 4 
1014 3 6 4 2 5 7 0 
1015 3 4 2 5 6 0 
1016 3 2 0 5 7 6 
1017 2 6 1 3 4 0 7 
1018 2 3 1 0 
1019 3 6 5 4 7 
1020 3 2 7 0 4 6 
1021 3 4 6 
1022 3 4 2 1 5 0 
1023 3 2 5 4 7 6 
