0 5 1 2 3 4 
1 3 5 2 4 
2 2 0 6 5 4 
3 4 2 5 3 1 0 
4 2 1 5 3 4 
5 2 3 4 7 5 6 0 
6 4 6 7 2 
7 3 2 4 6 7 5 1 
8 0 6 2 7 1 
9 7 1 2 5 3 4 
10 6 4 7 5 1 0 
11 2 1 5 3 4 
12 4 7 5 6 2 3 
13 4 6 5 7 0 
14 1 6 4 7 
15 0 1 4 6 
16 6 0 1 4 
17 7 4 2 5 3 1 0 
18 4 0 7 6 1 
19 3 0 1 6 7 
20 0 7 5 6 2 3 
21 1 3 2 0 7 
22 7 2 0 1 3 
23 7 2 6 3 4 1 
24 1 2 4 6 7 5 3 
25 6 7 5 2 3 
26 6 0 1 
27 6 3 0 1 7 
28 6 3 2 0 1 4 
29 6 0 1 
30 2 4 6 5 3 0 
31 1 6 7 4 0 
32 2 3 1 0 
33 4 5 2 3 
34 1 2 5 3 4 
35 4 2 0 6 5 7 3 
36 1 6 2 4 
37 7 3 0 1 6 
38 5 3 2 0 6 
39 0 4 1 
40 1 0 6 
41 3 2 0 6 5 7 4 
42 0 6 5 4 7 
43 0 7 6 
44 4 3 6 2 5 7 
45 5 2 4 6 7 1 3 
46 2 4 1 5 0 
47 1 4 5 0 
48 3 6 7 4 1 0 
49 0 6 7 1 
50 5 3 0 2 6 
51 1 6 5 4 7 0 
52 3 0 7 1 6 
53 3 6 5 7 1 4 
54 6 3 0 5 2 
55 5 1 6 2 4 
56 7 6 
57 2 1 3 0 7 
58 5 3 4 7 6 0 
59 0 2 3 1 4 
60 6 3 0 5 2 
61 4 7 5 1 6 0 
62 7 6 5 4 0 
63 7 6 0 2 1 
64 5 6 7 2 1 
65 3 7 5 6 2 
66 2 0 6 5 7 3 4 
67 6 0 1 2 5 4 
68 2 1 3 4 5 0 6 
69 3 7 2 6 0 
70 4 7 2 6 0 
71 3 6 7 2 4 
72 0 2 4 
73 7 0 6 2 1 
74 7 2 6 3 4 1 
75 2 0 6 7 1 
76 5 7 4 0 
77 4 6 3 2 5 0 
78 1 0 3 2 4 5 
79 0 4 7 6 5 
80 6 1 2 5 3 4 
81 4 0 1 6 
82 4 1 0 6 3 7 
83 3 2 5 
84 0 6 5 7 1 4 
85 1 2 4 0 5 6 
86 7 6 4 1 0 
87 7 6 0 2 1 
88 1 2 5 3 
89 6 0 1 4 
90 6 7 4 5 0 1 
91 6 1 2 4 
92 6 7 2 0 
93 7 3 4 5 6 0 
94 2 0 1 6 
95 1 7 6 
96 2 6 4 7 5 1 3 
97 4 1 3 5 2 0 6 
98 1 2 0 6 5 7 3 4 
99 4 3 0 1 6 7 
100 0 4 2 5 3 1 
101 7 4 6 5 
102 5 0 7 6 1 
103 0 2 1 3 
104 1 3 6 2 5 7 
105 3 5 2 4 
106 0 6 4 2 7 5 1 3 
107 0 1 2 5 4 
108 4 7 6 
109 5 4 2 3 1 0 
110 2 4 0 1 
111 1 4 5 0 
112 3 4 0 1 
113 1 2 6 3 7 0 
114 5 2 6 3 7 0 
115 1 4 2 5 3 0 
116 3 0 5 2 6 4 1 
117 3 7 6 
118 6 2 1 7 0 
119 5 7 6 0 
120 7 6 1 2 5 4 0 
121 2 0 6 5 4 
122 4 2 6 7 5 1 3 
123 0 3 5 2 6 4 1 
124 6 3 1 0 2 
125 4 7 6 0 
126 7 6 0 2 1 
127 7 2 0 1 3 
128 5 3 4 7 6 0 
129 2 1 6 7 0 
130 2 3 1 4 
131 6 0 3 7 1 
132 2 4 5 1 0 
133 3 6 1 2 5 4 0 
134 4 7 2 6 0 
135 3 1 2 5 4 
136 0 6 4 2 7 5 1 3 
137 5 2 3 
138 6 2 3 7 0 
139 2 7 6 
140 7 5 4 6 
141 4 2 5 3 
142 0 1 3 2 7 
143 0 7 2 6 
144 6 2 1 7 0 
145 7 3 2 0 6 
146 4 7 2 6 0 
147 3 0 1 6 
148 0 2 3 1 4 
149 1 7 6 
150 7 4 0 1 
151 7 6 4 1 0 
152 1 6 4 2 7 5 3 
153 6 0 3 7 1 
154 6 0 3 5 2 4 1 
155 6 0 3 7 1 
156 7 3 1 0 2 
157 6 2 0 3 4 
158 2 3 0 1 4 
159 1 6 7 4 5 0 
160 2 4 0 
161 4 0 7 6 1 
162 1 3 2 0 6 
163 4 2 6 7 5 1 3 
164 0 3 6 2 5 7 
165 7 1 0 6 3 
166 5 4 1 0 
167 0 6 7 2 4 
168 1 3 0 5 2 6 
169 3 0 7 6 1 
170 0 2 6 5 7 3 4 
171 0 7 6 
172 4 0 3 2 5 1 
173 5 1 2 3 4 
174 2 4 5 3 1 0 
175 1 6 4 7 
176 3 1 0 
177 0 3 1 2 
178 5 4 0 1 
179 1 4 2 5 3 0 
180 3 6 5 7 1 4 
181 3 6 7 1 0 
182 6 2 1 7 0 
183 5 2 1 3 4 
184 7 6 1 0 
185 2 6 7 4 
186 4 6 0 2 7 1 
187 0 3 2 6 
188 6 2 3 7 0 
189 5 7 4 0 
190 7 6 4 5 0 1 
191 7 6 4 2 5 1 3 
192 5 3 0 2 6 
193 3 2 4 0 
194 2 3 6 5 7 
195 4 3 0 1 6 7 
196 2 1 3 4 5 0 6 
197 3 2 0 1 
198 4 6 7 2 1 
199 3 2 4 6 7 5 1 
200 1 0 2 5 4 
201 7 6 0 
202 6 1 3 2 7 0 
203 2 1 6 7 0 
204 4 6 7 1 
205 4 7 5 1 6 0 
206 1 0 7 6 
207 0 1 6 
208 5 1 2 4 0 6 
209 7 4 1 5 0 
210 4 6 0 2 7 1 
211 3 0 7 1 6 
212 0 6 4 2 7 5 1 3 
213 1 6 7 2 4 
214 7 4 5 1 6 0 
215 7 0 3 2 4 5 1 
216 1 0 4 6 
217 7 3 2 0 6 
218 6 1 2 5 3 4 
219 6 0 5 2 4 
220 6 0 3 7 1 
221 6 2 5 3 
222 2 0 3 4 5 1 
223 1 2 4 6 7 5 3 
224 2 4 6 5 3 0 
225 4 7 6 
226 1 6 7 4 5 0 
227 4 3 6 2 5 7 
228 0 1 
229 5 2 3 
230 5 2 0 3 4 
231 0 3 4 7 5 6 
232 1 2 4 0 
233 3 7 6 
234 0 1 
235 0 7 6 
236 4 1 5 0 
237 4 3 2 0 1 
238 2 0 1 4 6 
239 1 0 6 7 5 3 4 
240 3 7 6 
241 0 3 5 2 6 
242 5 2 1 3 4 
243 1 0 7 6 
244 3 1 0 6 7 
245 3 2 6 4 1 
246 6 5 7 4 0 
247 5 7 6 2 3 
248 7 0 6 1 
249 2 0 3 4 
250 4 7 6 
251 0 5 7 4 
252 6 4 5 1 0 
253 4 6 7 5 0 1 
254 7 6 1 0 
255 7 3 4 5 6 0 
256 5 4 2 3 1 0 
257 3 0 7 6 1 
258 2 0 6 7 5 3 1 4 
259 6 2 3 4 1 
260 2 7 6 
261 0 1 
262 4 1 3 2 7 6 0 
263 3 6 5 4 7 0 
264 3 0 1 2 5 4 
265 7 6 0 2 1 
266 6 0 5 2 4 
267 2 7 6 0 
268 4 6 5 7 1 
269 4 1 3 2 7 6 0 
270 1 3 6 2 5 7 
271 1 2 6 3 4 
272 6 0 1 4 
273 7 0 6 5 3 1 4 
274 4 1 6 2 
275 2 4 6 5 3 0 
276 0 1 6 3 7 
277 1 7 5 6 2 3 
278 7 4 6 5 3 0 2 
279 5 6 7 2 4 
280 1 6 3 2 5 4 0 
281 6 4 7 5 1 0 
282 7 6 4 1 
283 6 1 2 4 0 5 
284 4 0 3 5 2 6 1 
285 6 0 7 5 3 1 4 
286 2 1 3 7 6 0 
287 1 2 6 7 0 
288 2 1 6 7 0 4 
289 4 6 7 2 1 
290 1 0 6 7 5 3 4 
291 4 6 7 5 0 1 
292 0 7 6 
293 7 4 5 1 6 0 
294 5 0 6 2 4 
295 0 1 6 
296 0 2 6 3 7 
297 3 0 1 6 
298 0 1 3 2 7 6 
299 0 5 7 4 
300 4 0 6 5 2 
301 5 6 3 2 4 0 
302 2 5 4 6 
303 3 0 6 7 5 1 4 
304 3 0 7 1 6 
305 0 6 4 7 1 
306 5 1 6 2 4 
307 1 3 4 5 2 0 6 
308 1 2 4 0 
309 2 6 7 1 0 
310 6 2 1 7 0 
311 5 0 3 2 4 1 
312 7 6 4 2 5 1 3 
313 2 0 6 7 1 
314 4 6 0 2 7 1 
315 0 2 6 5 7 3 4 
316 6 4 7 5 
317 4 2 1 5 3 
318 7 2 6 3 0 
319 6 7 2 4 
320 5 2 0 1 3 
321 3 2 0 4 
322 2 5 4 6 
323 4 1 0 
324 2 1 4 0 5 6 
325 3 6 4 7 1 
326 4 1 3 2 0 7 
327 3 2 1 5 4 
328 0 1 2 5 4 
329 7 5 4 0 
330 6 0 1 4 
331 2 6 7 4 1 0 
332 7 6 
333 4 6 7 2 1 
334 1 3 2 0 7 
335 1 4 7 6 5 
336 7 1 3 2 6 0 
337 7 3 2 0 1 4 
338 4 1 0 6 3 7 
339 3 4 7 5 6 0 
340 0 1 6 7 4 
341 1 4 7 6 5 
342 7 2 4 6 5 1 3 
343 7 3 4 5 6 0 
344 1 6 7 0 
345 6 7 2 0 
346 6 0 7 5 3 1 4 
347 6 7 1 0 
348 6 0 7 5 3 1 4 
349 5 6 4 7 0 
350 2 7 6 
351 1 2 4 0 5 6 
352 2 0 6 7 1 
353 4 7 2 6 0 
354 1 6 4 7 
355 4 0 1 
356 0 2 3 4 
357 7 6 0 2 1 
358 5 0 1 2 4 
359 2 3 0 5 6 
360 0 2 1 6 7 
361 2 6 3 7 0 
362 0 3 5 2 6 4 1 
363 0 5 2 3 4 
364 5 0 1 4 6 
365 4 6 3 2 5 0 
366 2 6 7 4 
367 1 6 0 2 7 
368 3 1 4 5 2 0 6 
369 0 3 2 4 5 1 
370 5 4 1 0 
371 1 6 7 0 4 
372 1 6 4 2 7 5 3 
373 3 1 6 2 4 
374 7 2 1 5 3 4 
375 5 2 3 4 
376 7 0 6 5 2 4 
377 2 5 7 4 0 
378 4 6 3 2 5 0 
379 0 3 6 2 5 7 
380 6 7 4 1 0 
381 4 1 0 
382 7 0 6 5 3 1 4 
383 7 6 5 1 4 
384 5 2 0 6 7 3 4 
385 3 6 7 2 4 
386 1 0 3 7 6 
387 6 3 4 7 5 0 
388 2 6 7 4 
389 0 3 6 2 5 7 
390 5 3 6 2 7 
391 3 4 6 5 0 2 
392 0 7 6 
393 7 1 3 2 6 0 
394 6 2 1 5 3 4 
395 3 2 5 
396 4 0 1 6 
397 4 6 1 2 5 0 
398 1 6 7 4 5 0 
399 0 1 3 2 7 6 
400 6 3 1 0 2 
401 7 2 1 6 0 
402 4 7 6 
403 3 2 6 7 0 
404 0 7 6 
405 1 4 7 6 5 
406 7 6 4 2 5 1 3 
407 7 4 2 5 3 1 0 
408 1 7 5 6 2 3 
409 6 3 2 0 1 4 
410 6 0 5 2 4 
411 6 7 1 0 
412 6 5 2 3 4 
413 6 1 2 5 4 0 
414 2 6 3 5 4 0 
415 1 2 0 6 5 7 3 4 
416 2 4 1 5 0 
417 4 7 6 5 
418 1 3 2 0 4 
419 4 7 5 6 2 3 
420 0 2 3 1 4 
421 7 6 1 2 5 4 0 
422 5 0 1 2 4 
423 0 3 2 6 
424 1 6 7 0 4 
425 3 7 6 
426 0 1 6 3 7 
427 0 5 2 3 4 
428 4 3 1 0 2 
429 5 7 6 2 3 
430 2 6 7 1 0 
431 1 0 
432 3 1 6 7 0 4 
433 1 6 7 0 
434 5 0 3 2 6 4 1 
435 1 3 4 5 2 0 6 
436 2 0 1 3 
437 3 1 2 0 7 
438 6 5 2 3 4 
439 5 2 3 
440 7 6 2 1 
441 2 6 7 1 0 
442 4 6 5 7 1 
443 0 1 6 2 4 
444 6 5 2 3 4 
445 4 6 7 1 
446 7 6 5 1 4 
447 7 1 3 4 5 2 0 6 
448 5 1 3 4 2 0 6 
449 3 0 2 4 5 1 
450 2 4 6 5 3 0 
451 6 3 0 5 2 
452 2 7 6 
453 1 0 6 2 7 
454 4 1 0 6 3 7 
455 3 4 7 5 6 0 
456 0 6 5 4 7 
457 7 3 0 1 6 
458 6 0 7 1 
459 2 1 5 3 4 
460 4 1 3 2 0 7 
461 4 6 7 2 1 
462 1 6 5 4 7 0 
463 0 1 
464 6 2 4 7 5 1 3 
465 7 6 2 1 
466 4 2 0 1 3 
467 3 0 1 6 7 
468 1 0 7 6 
469 1 6 2 5 4 0 
470 7 4 5 1 0 
471 7 2 6 0 
472 1 2 4 6 7 5 3 
473 6 2 3 1 4 
474 6 5 4 
475 6 7 
476 6 0 1 
477 6 2 5 3 
478 2 1 5 3 4 
479 1 2 0 3 4 
480 2 5 4 6 
481 5 0 6 2 4 
482 1 4 6 5 3 0 2 
483 4 3 0 1 6 7 
484 0 6 7 2 1 
485 7 6 
486 5 2 3 1 4 
487 0 1 3 2 7 
488 1 3 2 0 4 
489 3 6 2 5 4 0 
490 0 3 1 2 
491 0 6 7 1 
492 4 1 6 7 0 
493 5 6 7 2 4 
494 2 0 1 6 
495 1 3 2 7 6 0 
496 3 2 6 4 1 
497 0 3 2 6 
498 5 0 1 2 4 
499 1 2 3 4 
500 3 2 1 5 4 
501 3 5 7 4 0 
502 6 4 1 5 0 
503 5 1 3 2 7 6 0 
504 7 0 3 2 4 5 1 
505 2 6 3 4 1 
506 4 1 3 2 0 7 
507 0 1 3 2 7 
508 6 1 2 4 0 5 
509 4 1 2 0 5 6 
510 7 4 6 5 3 0 2 
511 7 0 6 2 1 
512 5 6 4 7 0 
513 3 2 6 4 1 
514 2 0 1 5 4 
515 7 1 3 2 0 
516 2 0 3 5 6 4 1 
517 3 6 7 1 0 
518 4 2 1 6 7 0 
519 3 6 1 2 5 4 0 
520 0 3 7 1 6 
521 7 6 2 1 
522 6 2 1 5 3 4 
523 2 4 7 5 1 6 0 
524 4 6 7 1 
525 4 0 3 7 1 6 
526 1 5 7 4 0 
527 0 1 4 6 
528 6 0 7 5 3 1 4 
529 7 2 4 0 
530 4 0 1 6 
531 3 0 5 2 6 4 1 
532 0 1 2 5 4 
533 1 6 3 2 5 4 0 
534 7 3 0 1 6 
535 7 6 4 1 
536 1 6 4 7 
537 6 2 3 1 4 
538 6 0 1 
539 6 7 5 2 3 
540 6 7 2 0 
541 6 0 7 1 
542 2 1 3 7 6 0 
543 1 0 2 5 4 
544 2 5 3 4 
545 4 6 7 1 
546 1 4 5 0 
547 4 7 6 0 
548 0 2 1 6 7 
549 7 6 0 
550 5 2 6 3 7 0 
551 0 1 3 2 7 
552 1 5 7 4 0 
553 3 6 2 5 7 
554 0 6 7 4 1 
555 0 3 2 1 4 
556 4 1 3 5 2 0 6 
557 5 0 6 7 3 1 4 
558 2 6 5 4 7 0 
559 1 6 7 4 0 
560 3 1 0 2 
561 0 3 6 2 5 7 
562 5 2 0 6 7 3 4 
563 1 5 7 4 0 
564 3 6 5 7 1 4 
565 3 0 6 5 2 4 
566 6 3 2 5 7 
567 5 6 4 2 7 1 3 
568 7 2 4 6 5 1 3 
569 2 3 0 1 6 7 
570 4 2 6 3 7 0 
571 0 3 2 6 
572 6 1 0 3 7 
573 4 2 6 3 1 
574 7 2 0 6 5 3 4 
575 7 0 1 2 5 4 
576 5 6 7 1 4 
577 3 1 0 
578 2 0 1 3 
579 6 0 2 7 1 
580 2 3 0 1 4 
581 3 6 5 4 7 0 
582 4 1 0 
583 3 1 4 5 2 0 6 
584 0 7 2 6 
585 7 6 2 1 
586 6 3 2 5 7 
587 2 1 6 7 0 4 
588 4 6 5 7 1 
589 4 2 0 
590 1 2 0 3 4 
591 3 2 6 4 1 
592 6 2 3 4 1 
593 7 5 2 3 4 
594 4 3 0 1 6 7 
595 3 2 1 5 4 
596 0 4 1 
597 1 6 2 5 4 0 
598 7 2 0 1 3 
599 7 2 3 1 4 
600 1 2 5 3 
601 6 4 5 3 0 2 
602 6 2 5 3 
603 6 2 0 1 3 
604 6 0 1 4 
605 6 3 2 0 
606 2 1 4 0 5 6 
607 1 6 5 4 7 0 
608 2 6 0 7 1 
609 4 6 7 2 
610 1 6 7 2 4 
611 4 5 6 
612 0 6 7 4 5 1 
613 7 2 1 6 0 
614 5 0 3 2 4 1 
615 0 4 1 5 
616 1 4 7 5 6 0 
617 3 2 6 4 1 
618 0 6 2 7 1 
619 0 3 5 2 6 
620 4 3 2 0 1 
621 5 2 3 4 
622 2 4 0 
623 1 0 2 5 4 
624 3 6 0 2 7 1 
625 0 7 6 1 
626 5 0 6 2 4 
627 1 4 7 5 6 0 
628 3 4 6 5 0 2 
629 3 7 6 
630 6 4 5 1 0 
631 5 1 0 6 3 7 
632 7 2 6 3 4 1 
633 2 6 1 5 4 0 
634 4 1 6 2 
635 0 6 7 4 5 1 
636 6 0 1 4 
637 4 6 1 2 5 0 
638 7 6 0 
639 7 6 5 4 0 
640 5 6 4 7 0 
641 3 7 6 
642 2 0 3 5 6 4 1 
643 6 3 2 0 
644 2 3 0 6 
645 3 7 2 6 0 
646 4 3 1 0 2 
647 3 1 2 0 7 
648 0 4 5 1 
649 7 4 6 5 
650 6 1 2 5 4 0 
651 2 6 3 5 4 0 
652 4 1 3 2 0 7 
653 4 6 5 7 1 
654 1 7 2 6 0 
655 0 2 6 3 7 
656 6 2 4 7 5 1 3 
657 7 3 6 2 5 
658 4 1 6 2 
659 3 2 0 6 5 7 4 
660 0 2 4 
661 1 6 7 4 5 0 
662 7 5 6 2 3 
663 7 4 2 5 3 1 0 
664 1 0 6 3 7 
665 6 2 0 1 3 
666 6 1 0 3 7 
667 6 2 1 5 3 4 
668 6 4 7 5 1 0 
669 6 7 0 
670 2 1 5 3 4 
671 1 3 4 5 2 0 6 
672 2 1 6 7 0 
673 4 1 6 2 
674 1 0 6 2 7 
675 4 6 7 1 0 
676 0 4 6 5 3 2 
677 7 3 1 0 2 
678 5 7 4 0 
679 0 7 2 6 
680 1 3 2 0 6 
681 3 4 7 5 6 0 
682 0 2 6 3 7 
683 0 2 6 3 7 
684 4 0 1 
685 5 1 0 
686 2 6 7 4 
687 1 0 
688 3 2 0 1 
689 0 6 3 2 5 4 
690 5 7 2 6 0 
691 1 0 2 5 4 
692 3 0 2 4 5 1 
693 3 1 2 5 4 
694 6 3 0 5 2 
695 5 4 6 3 0 2 
696 7 0 6 2 1 
697 2 0 6 7 1 
698 4 5 1 0 
699 0 3 1 6 7 
700 6 1 3 4 5 2 0 
701 4 2 0 
702 7 3 4 5 6 0 
703 7 6 
704 5 0 6 2 4 
705 3 2 1 6 7 0 
706 2 0 3 5 6 4 1 
707 6 3 4 7 5 0 
708 2 0 3 5 6 4 1 
709 3 4 7 6 5 
710 4 6 3 2 5 0 
711 3 6 0 2 7 1 
712 0 3 5 2 6 4 1 
713 7 0 6 2 1 
714 6 2 4 7 5 1 3 
715 2 4 5 1 0 
716 4 6 7 5 0 1 
717 4 2 3 1 
718 1 2 6 7 0 
719 0 5 7 4 
720 6 3 0 1 7 
721 7 2 0 3 4 
722 4 5 7 0 
723 3 1 6 7 0 4 
724 0 2 5 3 
725 1 6 7 4 5 0 
726 7 1 6 2 4 
727 7 4 2 5 3 1 0 
728 1 3 0 2 
729 6 2 0 5 7 3 4 
730 6 7 2 1 
731 6 2 4 7 5 1 3 
732 6 0 3 7 1 
733 6 1 0 
734 2 3 0 5 6 
735 1 2 0 3 
736 2 4 0 
737 4 5 6 
738 1 0 7 6 
739 4 7 6 
740 0 7 6 
741 7 4 5 1 0 
742 5 2 1 6 7 0 
743 0 1 3 4 5 2 6 
744 1 2 6 3 4 
745 3 6 7 1 0 
746 0 2 6 5 7 3 4 
747 0 4 1 5 
748 4 1 6 7 0 
749 5 2 3 
750 2 1 0 6 3 7 
751 1 7 6 0 
752 3 1 0 
753 0 3 2 6 
754 5 6 7 2 1 
755 1 0 6 
756 3 1 2 5 4 
757 3 6 7 2 1 
758 6 7 
759 5 1 2 4 0 6 
760 7 2 0 1 3 
761 2 3 1 0 
762 4 6 5 7 1 
763 0 1 3 2 7 6 
764 6 2 0 3 4 
765 4 7 5 1 6 0 
766 7 2 1 5 3 4 
767 6 4 5 1 0 
768 5 3 0 2 6 
769 3 4 2 5 1 0 
770 2 7 6 
771 6 1 7 0 4 
772 0 1 6 3 7 
773 3 0 7 1 6 
774 4 2 0 
775 3 2 0 1 
776 0 3 2 6 
777 7 6 4 1 0 
778 6 4 5 1 0 
779 2 6 0 7 1 
780 4 0 1 
781 4 6 5 7 0 
782 1 6 7 0 4 
783 0 6 7 4 5 1 
784 6 7 1 0 
785 7 4 0 1 
786 4 1 0 
787 3 6 7 2 4 
788 0 5 4 6 
789 1 4 0 
790 7 4 6 5 3 0 2 
791 7 6 2 4 
792 1 2 4 0 5 6 
793 6 0 7 1 
794 6 4 5 1 0 
795 6 4 7 5 
796 6 1 2 4 0 5 
797 6 7 0 
798 2 4 0 1 
799 1 4 6 5 3 0 2 
800 2 3 1 0 
801 5 0 6 7 3 1 4 
802 1 0 6 3 7 
803 4 6 5 7 1 
804 0 4 7 6 5 
805 7 3 0 1 6 
806 5 0 3 2 6 4 1 
807 0 5 4 6 
808 1 2 4 0 5 6 
809 3 2 6 7 0 
810 0 5 4 6 
811 0 1 2 4 5 6 
812 4 0 3 2 5 1 
813 5 1 0 6 3 7 
814 2 7 5 6 3 
815 1 7 5 6 2 3 
816 3 2 1 5 4 
817 0 1 4 6 
818 5 4 7 6 
819 1 6 4 2 7 5 3 
820 3 4 1 5 0 
821 3 4 7 5 1 6 0 
822 6 3 2 5 4 0 
823 5 1 3 2 0 7 
824 7 6 5 1 4 
825 2 6 4 7 1 
826 4 0 3 5 2 6 1 
827 0 1 3 2 7 6 
828 6 1 7 0 4 
829 4 1 5 0 
830 7 0 6 1 
831 7 0 6 5 3 1 4 
832 5 2 3 1 4 
833 3 2 4 0 
834 2 6 4 7 5 1 3 
835 6 2 3 7 0 
836 2 7 6 0 
837 3 0 7 1 6 
838 4 5 6 
839 3 0 5 2 6 
840 0 6 5 2 4 
841 7 0 3 2 4 5 1 
842 6 0 2 7 1 
843 2 6 3 5 4 0 
844 4 1 2 0 5 6 
845 4 1 0 
846 0 4 2 5 3 1 
847 0 2 3 1 4 
848 7 6 0 2 1 
849 7 0 6 2 1 
850 4 5 6 
851 3 1 6 2 4 
852 1 2 0 3 4 
853 1 0 4 6 
854 7 4 0 1 
855 7 5 4 0 
856 1 2 0 3 4 
857 6 7 
858 6 2 4 7 5 1 3 
859 6 7 4 1 0 
860 7 4 5 1 6 0 
861 6 0 5 2 4 
862 2 4 5 1 0 
863 1 3 2 7 6 0 
864 2 3 0 1 4 
865 4 7 6 
866 1 0 4 6 
867 4 0 1 
868 0 6 1 2 5 4 
869 7 4 1 5 0 
870 5 1 6 2 4 
871 0 2 1 3 
872 1 5 2 3 4 
873 3 0 1 6 7 
874 1 2 5 3 
875 0 1 2 5 4 
876 5 6 7 4 0 1 
877 5 4 2 3 1 0 
878 2 0 3 5 6 4 1 
879 1 3 2 0 4 
880 3 6 1 2 5 4 0 
881 0 6 3 2 5 4 
882 5 0 3 2 4 1 
883 1 6 4 7 
884 3 4 7 6 5 
885 3 5 2 4 
886 6 3 1 0 2 
887 5 1 6 2 4 
888 7 0 6 5 2 4 
889 2 6 1 5 4 0 
890 5 2 6 3 7 0 
891 0 4 2 5 3 1 
892 7 6 1 0 
893 5 6 7 2 1 
894 7 4 1 5 0 
895 7 1 6 2 4 
896 5 4 0 1 
897 3 2 0 4 
898 1 3 2 0 4 
899 6 1 2 4 
900 0 3 2 6 
901 2 5 3 4 
902 5 2 0 3 4 
903 3 6 7 4 1 0 
904 3 0 5 2 6 
905 5 0 3 2 4 1 
906 5 2 3 
907 2 6 3 5 4 0 
908 5 3 1 0 2 
909 5 1 2 3 4 
910 2 4 7 6 5 
911 0 3 1 2 
912 5 6 4 2 7 1 3 
913 4 7 5 1 6 0 
914 5 3 6 2 7 
915 3 6 7 2 1 
916 2 4 6 5 3 0 
917 3 2 4 0 
918 7 2 0 3 4 
919 5 2 3 1 4 
920 2 1 4 0 5 6 
921 4 0 6 7 5 3 1 
922 5 2 3 1 4 
923 7 2 0 3 4 
924 4 1 3 5 2 0 6 
925 5 1 3 4 2 0 6 
926 3 1 2 5 4 
927 3 7 6 
928 2 1 5 3 4 
929 5 4 7 6 
930 2 4 7 5 1 6 0 
931 5 7 4 0 
932 2 3 1 4 
933 5 3 2 0 1 4 
934 5 0 3 2 4 1 
935 2 3 0 5 6 
936 2 4 7 6 5 
937 3 0 2 4 5 1 
938 0 1 6 7 4 
939 1 3 0 6 7 
940 5 6 4 7 1 
941 5 2 1 3 4 
942 2 0 6 5 4 
943 3 2 0 1 4 
944 2 4 0 
945 2 0 3 7 1 6 
946 5 1 2 4 0 6 
947 1 6 4 7 
948 3 2 0 6 5 7 4 
949 3 0 1 6 
950 5 6 3 2 4 0 
951 5 7 6 2 3 
952 4 6 5 7 1 
953 3 4 2 5 1 0 
954 5 7 6 
955 1 3 2 7 6 0 
956 5 4 1 0 
957 5 0 7 6 1 
958 5 6 4 2 7 1 3 
959 5 4 1 0 
960 5 3 0 2 6 
961 3 2 6 4 1 
962 2 0 3 5 6 4 1 
963 4 6 5 7 1 
964 2 1 3 0 7 
965 3 6 7 4 1 0 
966 5 6 1 2 4 0 
967 3 7 5 6 2 
968 3 4 0 1 
969 7 3 2 0 6 
970 6 0 2 7 1 
971 2 5 4 6 
972 5 1 6 7 0 4 
973 5 2 0 6 7 3 4 
974 2 5 3 4 
975 2 6 7 4 1 0 
976 6 7 
977 7 2 0 3 4 
978 5 0 3 7 1 6 
979 3 0 6 2 7 1 
980 2 1 0 6 3 7 
981 3 2 0 6 5 7 4 
982 7 1 6 0 4 
983 7 6 2 1 
984 2 0 1 5 4 
985 7 0 6 5 3 1 4 
986 7 6 4 5 0 1 
987 7 0 1 4 6 
988 4 5 6 
989 5 0 3 7 1 6 
990 2 5 3 
991 3 4 6 5 0 2 
992 2 6 3 4 1 
993 5 3 4 7 6 0 
994 2 7 6 0 
995 5 0 6 7 3 1 4 
996 2 5 4 6 
997 5 6 4 7 0 
998 5 1 3 4 2 0 6 
999 0 1 6 
1000 1 4 5 0 
1001 3 7 5 6 2 
1002 0 6 7 4 1 
1003 0 6 1 2 5 4 
1004 5 4 7 1 6 0 
1005 5 6 4 2 7 1 3 
1006 2 7 6 0 
1007 1 6 7 4 0 
1008 3 4 7 5 6 0 
1009 0 2 4 
1010 5 1 6 7 0 4 
1011 1 3 2 0 4 
1012 3 6 4 2 7 5 1 
1013 3 5 4 6 
1014 5 1 2 3 4 
1015 5 3 4 7 6 0 
1016 4 1 2 5 3 
1017 2 3 6 5 7 
1018 5 1 3 2 7 6 0 
1019 1 0 6 2 7 
1020 5 4 1 0 
1021 5 2 4 6 7 1 3 
1022 5 6 7 4 0 1 
1023 5 2 3 1 4 
