0 7 4 2 5 6 
1 7 4 2 5 6 3 
2 6 1 7 0 4 2 
3 3 5 6 4 7 
4 6 4 7 5 1 2 
5 1 0 3 6 4 2 
6 0 3 6 1 4 2 
7 5 6 1 4 2 7 
8 1 7 4 3 6 
9 3 1 0 6 2 
10 3 1 0 2 
11 1 4 2 5 7 3 0 6 
12 5 4 1 6 0 2 7 
13 3 7 1 0 
14 2 1 0 3 
15 4 6 3 2 
16 6 4 1 0 2 5 7 
17 7 4 1 6 0 2 5 
18 2 1 3 6 
19 6 1 3 2 
20 7 5 4 6 
21 1 4 7 5 3 6 
22 4 1 0 2 
23 7 0 3 1 2 
24 7 3 1 0 2 
25 7 4 5 3 6 
26 6 3 1 0 2 
27 6 3 1 7 2 
28 6 1 5 7 0 4 2 
29 1 0 3 2 
30 2 4 5 7 3 0 6 
31 6 1 3 7 2 
32 5 4 2 6 3 7 
33 0 7 6 1 2 
34 7 1 0 6 4 2 
35 6 1 2 0 3 
36 0 1 2 3 
37 2 4 7 5 6 
38 3 1 0 2 
39 3 0 1 2 
40 6 0 7 1 2 
41 2 1 0 3 
42 7 6 4 3 
43 3 6 5 1 7 0 2 
44 3 0 1 2 
45 0 1 6 5 7 4 2 
46 5 4 2 7 6 
47 6 1 4 3 5 
48 7 1 4 5 3 6 2 
49 3 0 1 2 
50 2 4 0 6 5 1 7 
51 5 6 1 4 2 7 
52 4 7 5 6 1 2 
53 4 5 6 
54 7 1 0 6 
55 3 1 0 2 
56 6 0 7 1 2 
57 7 1 0 6 
58 7 2 4 6 3 
59 4 0 1 5 3 2 7 
60 0 7 6 1 2 
61 2 0 1 
62 0 5 4 7 6 
63 3 4 1 6 2 5 0 7 
64 7 4 1 0 6 2 5 
65 7 1 0 2 6 
66 6 5 4 7 
67 3 6 1 7 2 
68 4 0 7 1 6 2 
69 1 4 5 2 7 6 
70 0 7 4 3 6 
71 5 7 4 6 
72 1 4 0 6 5 2 7 
73 3 1 2 
74 3 4 6 
75 1 4 6 0 2 5 7 
76 5 1 7 0 6 4 2 
77 3 6 4 5 7 
78 2 4 5 6 3 7 
79 4 2 7 5 6 
80 6 1 0 7 
81 6 1 0 3 2 
82 0 7 6 1 2 
83 6 2 4 
84 6 3 1 0 2 
85 1 4 7 2 5 6 
86 4 1 2 0 3 
87 6 4 0 5 1 2 7 
88 7 4 6 
89 7 4 1 6 2 5 0 
90 6 5 4 
91 6 1 2 0 3 
92 6 2 3 1 0 
93 1 4 6 0 2 5 7 
94 2 4 6 5 7 1 3 
95 6 2 4 
96 5 4 0 6 1 2 7 
97 0 1 4 3 5 6 
98 7 4 5 2 6 
99 5 1 3 2 6 
100 0 4 6 5 7 
101 2 4 6 3 7 
102 3 4 1 5 0 6 7 
103 3 1 0 2 
104 7 5 6 4 
105 2 3 1 0 
106 7 6 2 1 3 
107 3 4 6 
108 3 7 6 1 0 2 
109 0 2 5 6 4 3 
110 5 7 1 0 3 
111 6 4 3 5 2 
112 7 1 6 5 0 4 2 
113 3 4 6 5 7 
114 2 4 5 6 3 7 
115 5 4 7 6 1 2 
116 4 1 3 2 6 
117 4 2 6 
118 6 1 4 2 7 
119 3 0 1 2 
120 1 3 0 2 
121 4 0 6 5 1 2 7 
122 7 1 3 0 6 2 
123 4 7 6 
124 0 1 3 2 
125 2 0 1 
126 0 1 3 2 
127 3 4 7 5 6 
128 4 0 7 1 6 2 
129 7 1 0 3 2 
130 7 4 6 
131 3 1 0 2 
132 6 1 7 0 2 
133 1 2 3 0 
134 0 4 1 6 2 5 7 
135 6 3 1 0 2 
136 1 6 4 5 7 
137 3 1 2 0 
138 3 4 5 2 7 6 
139 1 4 5 0 6 7 3 
140 5 6 1 7 0 2 
141 3 4 7 5 6 
142 2 1 7 0 6 
143 4 0 1 2 
144 6 0 3 1 4 2 
145 7 1 0 2 
146 2 7 1 0 6 
147 6 1 0 7 
148 7 2 5 6 4 3 
149 1 4 0 6 5 2 7 
150 4 0 7 1 6 2 
151 6 1 3 7 2 
152 7 6 3 1 2 
153 7 6 1 4 2 
154 6 4 1 2 5 0 7 
155 6 1 4 2 7 
156 6 4 0 5 1 2 7 
157 1 7 0 2 6 
158 2 6 1 4 7 
159 6 4 1 5 0 7 3 
160 5 6 4 3 7 
161 0 4 1 5 3 6 
162 7 0 1 5 4 2 
163 6 1 7 0 4 2 
164 0 2 5 6 4 3 
165 2 7 4 6 
166 3 6 4 5 7 
167 3 2 4 6 7 
168 7 4 6 5 1 3 2 
169 2 4 1 6 0 5 7 
170 7 4 6 
171 3 5 4 7 2 
172 3 0 7 1 6 2 
173 0 4 1 5 3 6 
174 5 7 1 0 2 6 
175 6 1 7 0 2 
176 7 2 1 6 3 
177 3 4 2 5 7 0 6 
178 2 4 6 5 7 
179 5 6 4 3 7 
180 4 5 6 7 
181 4 7 5 6 1 2 
182 7 0 1 6 2 
183 3 1 4 5 6 2 
184 6 4 2 5 3 7 
185 7 2 4 6 
186 7 4 6 5 1 3 2 
187 4 7 6 2 1 3 
188 0 1 2 
189 2 1 3 0 6 
190 0 5 4 3 7 2 
191 3 7 4 6 
192 7 2 4 6 
193 7 4 5 3 6 
194 6 4 5 2 7 
195 3 6 2 
196 6 1 0 3 2 
197 1 7 6 2 3 
198 0 5 4 7 6 
199 5 4 1 0 3 6 
200 1 4 2 5 7 3 0 6 
201 3 4 6 5 7 
202 3 6 1 7 2 
203 0 5 4 3 7 2 
204 5 4 2 7 3 0 6 
205 3 0 1 5 4 2 7 
206 2 6 3 1 7 
207 4 2 7 5 6 
208 6 4 7 5 3 
209 7 0 1 2 
210 2 4 6 5 7 1 3 
211 6 4 
212 6 1 0 7 
213 1 0 5 3 4 2 7 
214 4 7 6 1 0 2 
215 6 4 2 7 5 
216 7 4 2 5 6 
217 7 4 0 6 5 1 2 
218 6 7 4 3 
219 6 4 1 0 2 5 7 
220 6 4 1 0 5 3 
221 1 4 2 7 5 6 
222 2 7 6 1 3 
223 6 4 2 5 7 3 0 
224 5 4 3 7 2 
225 0 4 2 5 7 3 6 
226 7 1 3 2 
227 6 7 1 0 3 
228 0 1 7 6 4 2 
229 2 4 0 6 5 1 7 
230 3 1 4 5 6 2 
231 3 4 2 7 5 6 
232 7 4 0 6 5 1 2 
233 2 4 5 6 3 7 
234 7 0 1 5 3 4 2 
235 3 6 1 4 2 7 
236 3 7 1 0 
237 0 1 3 2 
238 5 0 3 6 1 4 2 
239 6 0 7 1 2 
240 6 4 1 2 5 0 7 
241 0 2 4 6 3 7 
242 2 1 3 6 
243 5 7 6 1 2 
244 1 7 6 2 3 
245 4 0 7 1 6 2 
246 7 4 6 5 
247 3 4 1 6 0 2 5 7 
248 6 5 4 7 
249 6 3 1 0 2 
250 7 5 4 3 2 
251 4 1 3 0 6 2 
252 0 1 2 
253 2 4 7 5 6 
254 0 5 4 7 6 
255 3 1 4 5 6 2 
256 6 5 4 
257 6 5 4 7 
258 1 3 0 2 
259 3 6 4 7 
260 6 1 3 7 2 
261 1 2 0 3 
262 0 2 5 6 4 3 
263 5 4 6 
264 1 4 2 7 5 6 
265 3 1 4 5 6 2 
266 2 1 7 0 6 
267 1 7 6 2 3 
268 5 7 6 2 1 3 
269 3 5 4 7 6 
270 2 4 6 5 7 
271 5 6 4 7 
272 6 4 1 0 2 5 7 
273 7 5 4 6 
274 2 7 4 6 
275 6 4 1 2 5 0 7 
276 7 2 5 6 4 3 
277 2 4 1 0 6 5 7 
278 5 4 7 3 6 
279 6 5 4 7 
280 7 6 1 4 2 
281 7 6 4 5 
282 6 1 3 0 2 
283 6 7 1 0 2 
284 6 1 5 7 0 4 2 
285 1 4 2 5 6 3 7 
286 2 6 3 
287 6 4 
288 5 4 2 7 3 0 6 
289 0 1 4 3 5 6 
290 7 6 1 0 2 
291 6 1 3 7 2 
292 1 2 7 6 3 
293 1 6 3 2 
294 3 4 1 6 2 5 0 7 
295 3 1 0 2 
296 7 5 4 6 
297 2 4 3 5 6 
298 7 2 5 6 4 3 
299 3 6 1 7 2 
300 3 4 1 0 6 2 5 7 
301 0 4 6 5 1 2 7 
302 5 4 2 7 6 
303 6 4 2 5 7 3 0 
304 7 6 3 2 
305 3 7 4 6 
306 0 1 2 
307 5 1 0 2 
308 4 1 3 5 6 
309 4 0 1 2 
310 7 1 0 6 2 
311 2 1 7 0 6 4 
312 6 4 5 7 1 3 2 
313 7 4 1 0 5 3 6 
314 5 0 1 4 2 7 
315 4 2 5 7 3 0 6 
316 0 4 5 2 7 6 
317 2 0 1 
318 0 3 1 2 
319 3 1 0 6 2 
320 7 1 0 2 6 
321 4 7 3 6 
322 6 1 3 2 
323 3 5 4 6 
324 6 5 4 7 
325 0 1 7 6 
326 0 5 4 6 
327 5 7 4 6 
328 1 6 5 7 0 2 
329 2 7 1 6 3 
330 3 5 4 7 6 
331 1 4 7 2 5 6 
332 5 1 4 3 6 
333 2 4 6 5 7 
334 2 1 0 3 
335 4 1 5 3 6 2 
336 5 4 6 7 1 3 2 
337 7 4 0 6 5 1 2 
338 2 7 1 0 3 
339 6 3 1 7 2 
340 7 4 1 6 0 2 5 
341 1 7 6 2 3 
342 4 1 3 2 6 
343 4 7 1 0 3 
344 6 4 1 2 5 0 7 
345 7 5 4 6 
346 6 2 4 3 7 
347 6 4 5 2 7 
348 4 5 6 
349 1 5 4 3 7 2 
350 2 4 1 6 5 0 7 
351 5 0 1 3 4 2 7 
352 5 1 7 0 6 4 2 
353 1 7 4 6 
354 7 2 4 6 3 
355 7 4 5 6 1 2 
356 0 4 2 5 6 3 7 
357 2 1 4 3 5 6 
358 2 4 7 5 6 1 
359 3 7 6 1 0 2 
360 4 6 5 7 1 3 2 
361 2 1 0 
362 7 4 2 5 6 3 
363 3 6 1 7 2 
364 2 4 1 0 5 3 6 
365 0 1 5 3 4 2 7 
366 5 4 7 1 2 6 
367 4 0 3 1 2 
368 7 4 6 5 1 3 2 
369 2 4 3 5 6 
370 2 4 7 5 3 6 
371 5 0 7 1 6 2 
372 5 6 4 7 
373 4 1 0 6 2 5 7 
374 7 6 3 1 2 
375 0 6 1 4 2 7 
376 4 1 0 3 2 
377 7 2 4 6 
378 7 1 3 2 
379 4 6 5 1 7 0 2 
380 0 6 3 2 
381 2 0 3 1 
382 1 7 4 6 
383 3 6 5 1 7 0 2 
384 7 4 5 3 6 
385 7 6 1 2 
386 6 4 1 5 0 7 3 
387 2 4 1 5 0 6 7 3 
388 6 1 3 2 
389 1 4 5 2 7 6 
390 0 5 6 4 7 
391 7 6 5 1 0 2 
392 1 4 6 5 7 3 2 
393 3 2 7 1 6 
394 3 7 1 0 
395 1 3 2 
396 5 2 4 6 3 7 
397 2 6 4 5 7 
398 1 5 4 6 
399 4 6 3 1 7 2 
400 5 4 1 0 6 2 7 
401 7 1 3 2 
402 0 5 4 7 6 
403 7 6 1 4 2 
404 7 1 0 6 
405 3 1 2 
406 4 1 6 0 2 5 7 
407 6 7 4 
408 7 4 5 2 6 
409 4 0 7 1 6 2 
410 7 6 1 0 2 
411 7 4 1 0 6 2 5 
412 7 4 6 5 
413 1 6 4 5 7 
414 2 7 6 1 0 
415 5 1 0 2 
416 5 4 6 7 1 3 2 
417 0 4 1 5 3 6 
418 5 0 1 4 2 7 
419 6 1 3 0 2 
420 0 1 7 6 
421 1 4 3 5 6 
422 3 4 2 5 7 0 6 
423 2 1 6 5 7 0 4 
424 4 5 3 7 2 
425 2 1 3 6 
426 4 1 3 5 6 
427 3 7 4 6 
428 3 1 2 6 
429 0 2 3 1 
430 5 1 4 3 6 
431 4 2 7 1 6 3 
432 4 1 6 3 7 2 
433 3 1 2 6 
434 2 0 1 
435 2 0 1 5 4 7 
436 4 5 6 7 
437 4 7 5 6 1 2 
438 5 0 1 2 
439 2 6 4 3 7 
440 6 5 4 7 
441 7 4 6 
442 7 1 6 3 2 
443 4 5 2 7 6 
444 0 1 3 2 
445 2 1 0 3 
446 0 4 2 7 5 6 
447 3 7 6 1 2 
448 7 1 0 2 6 
449 7 4 1 0 5 3 6 
450 6 4 2 5 7 3 0 
451 3 1 0 2 
452 6 1 3 2 
453 1 4 5 0 6 7 3 
454 0 6 3 2 
455 5 6 4 3 7 
456 1 4 5 0 6 7 3 
457 3 5 4 7 6 
458 3 4 5 2 7 6 
459 1 2 4 6 3 7 
460 5 1 0 3 2 
461 3 7 1 0 2 6 
462 2 1 7 0 6 
463 4 7 6 
464 6 4 
465 7 4 1 2 5 6 
466 2 1 3 0 6 
467 6 2 4 
468 7 6 2 1 3 
469 3 4 0 6 5 1 2 7 
470 4 7 5 6 1 2 
471 6 1 3 0 2 
472 7 1 3 2 6 
473 7 2 3 1 0 
474 6 7 1 2 
475 6 1 4 5 3 2 
476 6 3 1 0 2 
477 1 4 6 
478 2 7 1 6 3 
479 6 4 3 5 2 
480 5 4 6 7 
481 0 5 4 7 6 
482 7 4 2 5 6 3 
483 6 4 2 5 7 3 0 
484 0 2 4 6 3 7 
485 2 6 4 5 7 
486 3 5 4 7 6 
487 3 5 4 7 6 
488 7 5 4 3 2 
489 2 0 1 5 3 4 7 
490 7 4 1 6 2 5 0 
491 3 4 1 5 0 6 7 
492 3 4 1 0 5 6 
493 0 4 6 5 7 
494 5 0 1 3 4 2 7 
495 6 1 3 2 
496 7 4 1 0 5 3 6 
497 3 6 5 1 7 0 2 
498 2 1 7 0 6 4 
499 5 3 1 0 2 
500 4 1 3 5 6 
501 4 2 7 1 6 3 
502 7 1 0 6 
503 3 2 1 0 
504 6 4 7 1 2 5 
505 7 1 0 2 
506 7 4 1 0 6 2 5 
507 4 2 3 1 0 
508 0 4 3 5 2 6 
509 2 7 6 1 
510 0 1 2 
511 3 1 2 6 
512 7 6 1 2 
513 7 4 6 
514 6 0 3 1 2 
515 3 1 4 5 6 
516 6 4 1 0 2 5 7 
517 1 4 2 5 6 3 7 
518 0 6 4 5 7 
519 5 4 2 7 6 
520 1 4 7 2 5 6 
521 3 7 6 1 0 2 
522 3 6 2 
523 3 6 4 7 
524 5 1 6 7 0 4 2 
525 3 0 7 1 6 2 
526 2 1 7 0 6 
527 4 1 6 3 7 2 
528 7 5 4 6 
529 7 4 1 6 2 5 0 
530 2 1 0 3 
531 6 5 1 7 0 2 
532 7 4 6 
533 3 1 6 7 2 
534 4 1 3 2 6 
535 6 1 2 0 3 
536 7 4 1 0 5 3 6 
537 7 1 2 0 3 
538 6 4 1 0 2 5 7 
539 6 4 5 7 
540 6 4 1 0 5 3 
541 1 4 6 2 5 0 7 
542 2 4 6 
543 6 7 2 1 3 
544 5 6 1 7 0 2 
545 0 1 3 2 6 
546 7 5 4 6 
547 6 1 0 3 2 
548 0 3 6 1 4 2 
549 2 1 6 3 7 
550 3 0 7 1 6 2 
551 3 0 1 5 4 2 7 
552 7 1 0 2 6 
553 2 4 6 5 7 
554 7 1 0 2 6 
555 3 6 2 
556 3 7 6 1 2 
557 0 2 5 6 4 3 
558 5 1 0 7 6 
559 6 4 7 5 3 
560 7 1 6 5 0 4 2 
561 3 7 6 2 1 
562 2 4 7 1 5 6 
563 5 7 4 3 6 
564 4 6 1 2 7 
565 4 1 0 7 6 
566 7 4 1 0 6 2 5 
567 3 4 1 0 6 2 5 7 
568 6 0 1 2 
569 7 1 0 2 
570 7 4 5 3 6 
571 4 1 5 0 6 7 3 
572 0 2 4 6 3 7 
573 2 4 7 5 6 1 
574 0 2 4 6 3 7 
575 3 2 5 6 4 
576 7 1 6 5 0 4 2 
577 7 0 1 6 2 
578 6 1 7 0 2 
579 3 1 0 2 
580 6 1 0 3 2 
581 1 2 7 6 3 
582 0 5 4 7 6 
583 5 4 7 6 
584 1 6 3 7 2 
585 3 2 5 6 4 
586 3 5 4 6 
587 3 7 4 6 
588 5 4 7 6 1 2 
589 3 1 0 2 
590 2 0 3 6 1 4 
591 4 1 0 5 3 6 
592 6 4 3 7 
593 7 1 6 3 2 
594 2 5 6 4 3 
595 6 3 2 
596 7 2 1 6 3 
597 3 4 7 1 2 5 6 
598 4 1 0 7 6 
599 6 4 7 1 2 5 
600 7 1 3 0 6 2 
601 7 4 2 5 6 
602 6 7 4 
603 6 4 1 0 2 5 7 
604 6 5 4 7 
605 1 7 4 3 6 
606 2 1 3 6 
607 6 2 3 1 0 
608 5 0 1 4 2 7 
609 0 4 3 5 2 6 
610 7 4 5 2 6 
611 6 4 2 5 3 7 
612 0 2 4 6 3 7 
613 2 4 1 0 6 5 7 
614 3 7 6 1 0 2 
615 3 1 0 2 
616 7 4 1 5 0 6 3 
617 2 5 6 4 7 
618 6 7 1 0 2 
619 3 7 6 2 1 
620 3 1 6 5 7 0 4 2 
621 0 6 5 1 7 2 
622 5 4 6 7 
623 7 1 0 3 2 
624 7 0 1 5 4 2 
625 3 6 1 7 2 
626 2 4 3 5 6 
627 5 4 3 2 6 
628 4 0 3 6 1 2 
629 4 2 6 
630 7 0 3 6 1 4 2 
631 3 1 2 0 
632 6 7 4 3 
633 7 1 0 6 2 
634 7 2 4 6 3 
635 4 0 1 2 
636 0 3 1 2 
637 2 0 1 
638 0 4 1 6 2 5 7 
639 3 1 2 
640 7 0 3 6 1 4 2 
641 7 6 4 3 
642 6 4 7 1 2 5 
643 3 1 0 2 
644 6 4 2 5 7 3 0 
645 1 0 2 
646 0 1 3 2 
647 5 7 4 6 
648 1 2 0 3 
649 3 1 6 5 7 0 4 2 
650 3 5 4 7 2 
651 3 5 4 7 2 
652 5 6 4 7 
653 3 5 6 4 7 
654 2 1 0 3 
655 4 3 1 0 2 
656 6 3 2 
657 7 6 1 4 2 
658 2 3 1 0 
659 6 4 5 2 7 
660 7 0 3 1 2 
661 3 2 4 6 7 
662 4 1 3 2 
663 6 4 
664 7 0 1 5 4 2 
665 7 0 3 1 2 
666 6 1 2 0 3 
667 6 3 1 0 2 
668 6 4 7 5 3 
669 1 0 2 
670 2 1 6 5 7 0 4 
671 6 7 2 1 3 
672 5 6 4 3 7 
673 0 4 6 5 7 1 3 2 
674 7 0 1 5 4 2 
675 6 1 3 0 2 
676 0 3 1 2 
677 2 7 1 0 6 
678 3 0 1 5 4 2 7 
679 3 1 7 0 6 2 
680 6 5 4 7 
681 2 0 1 5 4 7 
682 7 6 3 2 
683 3 0 1 2 
684 3 4 7 5 6 1 2 
685 0 4 1 6 2 5 7 
686 5 4 3 7 2 
687 6 0 1 2 
688 7 1 3 0 6 2 
689 3 4 6 5 7 1 2 
690 2 6 3 
691 5 2 6 4 3 
692 4 0 3 6 1 2 
693 4 7 6 
694 7 2 3 1 0 
695 3 1 4 5 6 2 
696 6 2 4 
697 5 1 6 7 0 4 2 
698 4 7 1 0 2 6 
699 4 7 6 2 1 3 
700 0 7 4 3 6 
701 2 4 7 5 6 1 
702 0 3 1 2 
703 3 5 4 7 2 
704 4 5 6 7 
705 4 2 7 5 6 
706 5 1 4 3 6 
707 3 4 1 0 5 6 
708 4 6 3 7 
709 1 7 0 6 2 
710 0 7 4 6 
711 5 6 4 7 
712 1 7 0 6 2 
713 3 1 0 2 
714 3 2 7 1 6 
715 3 7 4 6 
716 5 4 1 6 2 0 7 
717 3 0 1 2 
718 1 5 4 6 
719 4 1 5 0 6 7 3 
720 5 4 1 0 6 2 7 
721 5 1 3 0 6 2 
722 0 7 1 3 
723 4 0 1 5 3 2 7 
724 5 6 4 3 7 
725 3 7 6 2 1 
726 4 5 7 6 
727 5 1 7 0 6 4 2 
728 4 6 5 7 
729 4 1 5 3 6 2 
730 5 1 4 3 6 2 
731 6 4 
732 4 3 1 0 2 
733 1 7 4 6 
734 1 7 4 6 
735 5 4 6 7 
736 5 2 6 4 3 
737 0 7 4 3 6 
738 4 6 1 2 7 
739 5 4 1 0 3 6 
740 0 7 4 3 6 
741 1 4 2 5 6 3 7 
742 0 7 4 3 6 
743 1 0 3 6 4 2 
744 4 2 5 6 3 
745 0 1 2 
746 4 2 6 3 7 
747 1 0 3 2 
748 1 5 4 7 6 
749 0 2 5 6 4 3 
750 5 0 1 2 
751 5 1 6 7 0 4 2 
752 4 1 6 3 7 2 
753 0 3 6 1 4 2 
754 0 7 1 3 
755 5 6 1 7 0 2 
756 4 1 0 3 2 
757 4 6 
758 5 6 1 4 2 7 
759 1 6 4 2 7 
760 4 6 5 7 1 3 2 
761 4 2 6 
762 4 5 7 6 
763 5 4 2 7 6 
764 0 7 1 3 
765 0 3 6 1 4 2 
766 0 1 3 6 2 
767 1 2 4 6 
768 5 1 0 2 
769 5 7 4 6 
770 5 7 4 3 6 
771 0 6 3 2 
772 4 2 6 
773 1 7 6 0 2 
774 0 1 3 2 
775 5 6 4 7 
776 1 4 3 5 2 6 
777 1 7 6 0 2 
778 1 0 7 6 2 
779 3 1 0 2 
780 5 1 3 2 
781 0 1 2 3 
782 1 0 5 4 2 7 
783 4 0 1 5 2 7 
784 5 1 2 0 3 
785 5 4 3 2 6 
786 0 7 1 3 
787 4 7 6 1 2 
788 5 1 7 0 6 2 
789 3 1 0 2 
790 4 6 5 1 7 0 2 
791 4 5 3 7 2 
792 4 7 6 1 2 
793 4 6 
794 5 4 1 6 2 0 7 
795 6 4 2 5 3 7 
796 4 2 6 
797 1 3 0 2 
798 1 2 7 6 3 
799 5 4 7 3 6 
800 5 7 6 1 2 
801 0 4 7 5 6 1 2 
802 4 1 6 5 7 0 2 
803 5 1 6 3 7 2 
804 0 7 1 2 6 
805 1 4 7 2 5 6 
806 0 1 2 
807 1 7 0 2 6 
808 4 0 1 2 
809 0 5 4 6 
810 4 6 5 7 
811 1 5 4 7 6 
812 1 7 6 0 2 
813 0 3 6 1 4 2 
814 5 1 0 3 2 
815 4 0 6 5 1 2 7 
816 4 3 1 0 2 
817 0 1 2 
818 1 6 5 7 0 2 
819 5 2 3 1 0 
820 4 6 3 1 7 2 
821 4 2 5 6 3 
822 5 4 6 
823 0 1 6 5 7 4 2 
824 4 0 6 5 1 2 7 
825 4 0 7 1 6 2 
826 4 2 5 7 3 0 6 
827 4 5 6 
828 0 4 1 6 2 5 7 
829 0 4 2 5 7 3 6 
830 0 1 4 5 3 6 2 
831 1 7 6 0 2 
832 4 7 6 1 0 2 
833 5 0 1 4 2 7 
834 5 2 7 1 6 3 
835 0 2 7 1 6 3 
836 5 4 1 0 6 7 3 
837 1 0 7 6 
838 0 1 7 6 
839 5 1 4 3 6 2 
840 1 0 2 
841 1 7 0 6 4 2 
842 1 4 7 2 5 6 
843 3 4 7 1 2 5 6 
844 5 3 1 0 2 
845 0 1 7 6 2 
846 1 5 4 7 6 
847 4 6 5 7 
848 5 0 3 1 2 
849 5 1 4 3 6 
850 1 2 3 0 
851 4 0 1 2 
852 5 1 6 3 7 2 
853 3 2 1 0 
854 4 7 1 2 5 6 
855 4 0 1 5 2 7 
856 4 1 3 0 6 2 
857 4 7 1 0 2 6 
858 5 4 1 0 6 7 3 
859 6 3 1 0 2 
860 4 7 1 0 3 
861 1 6 3 7 2 
862 1 7 4 6 
863 5 1 3 2 
864 5 2 4 6 
865 0 1 6 3 7 2 
866 4 5 7 6 
867 5 4 1 6 0 2 7 
868 0 3 1 2 
869 1 5 6 4 7 
870 0 2 3 1 
871 1 7 4 6 
872 5 4 7 6 1 2 
873 0 1 3 2 
874 0 7 1 3 
875 1 4 0 5 3 6 
876 1 7 0 6 4 2 
877 0 7 1 3 
878 1 0 2 
879 0 1 4 3 5 6 
880 0 4 1 6 2 5 7 
881 2 0 3 6 1 4 
882 2 7 4 6 
883 2 0 1 
884 1 2 3 0 
885 2 5 4 7 6 
886 0 1 2 3 
887 2 6 3 1 7 
888 1 4 6 5 7 3 2 
889 0 1 2 
890 1 5 6 4 7 
891 0 1 7 6 4 2 
892 0 2 5 6 4 3 
893 1 0 5 3 4 2 7 
894 0 1 2 
895 1 5 6 4 7 
896 1 6 3 7 2 
897 2 4 1 6 5 0 7 
898 1 7 6 2 
899 0 4 1 5 6 7 3 
900 1 2 4 6 
901 1 6 3 7 2 
902 0 6 5 1 7 2 
903 1 7 4 3 6 
904 1 4 6 5 7 3 2 
905 1 7 4 6 
906 1 2 0 3 
907 2 4 3 5 6 
908 2 1 3 
909 2 3 1 0 
910 2 5 6 4 7 
911 1 6 4 3 7 
912 2 1 4 3 5 6 
913 5 3 1 0 2 
914 2 1 6 5 7 0 4 
915 4 0 3 6 1 2 
916 5 7 6 1 2 
917 2 1 4 3 5 6 
918 4 7 5 3 6 
919 4 6 3 7 
920 4 6 3 7 
921 4 3 1 0 2 
922 5 7 4 6 
923 6 4 5 2 7 
924 4 7 3 6 
925 1 6 3 2 
926 2 6 4 5 7 
927 1 7 6 2 3 
928 1 6 4 5 7 
929 0 1 7 6 4 2 
930 1 0 2 
931 1 4 6 5 7 3 2 
932 1 0 5 3 4 2 7 
933 2 3 1 0 
934 2 6 3 
935 2 1 3 6 
936 1 4 6 2 5 0 7 
937 2 6 1 4 7 
938 0 3 1 2 
939 3 4 7 5 6 
940 2 7 4 6 
941 1 0 2 
942 1 5 4 7 6 
943 1 0 5 3 4 2 7 
944 0 1 7 6 4 2 
945 2 0 3 1 
946 2 0 1 
947 2 7 1 6 3 
948 1 4 2 5 6 3 7 
949 2 0 1 5 3 4 7 
950 0 4 7 5 3 6 
951 2 4 1 5 0 6 7 3 
952 1 4 5 3 6 2 
953 0 1 7 6 
954 1 4 5 0 6 7 3 
955 0 4 7 5 6 1 2 
956 1 2 7 6 3 
957 2 4 3 5 6 
958 0 7 6 1 2 
959 2 4 5 6 3 7 
960 1 4 6 2 5 0 7 
961 2 7 6 1 
962 1 4 5 2 7 6 
963 0 5 4 3 7 2 
964 1 0 3 2 
965 1 4 6 
966 0 6 5 1 7 2 
967 1 4 5 3 6 2 
968 1 2 7 6 3 
969 1 7 6 0 2 
970 1 4 2 7 5 6 
971 2 4 3 5 6 
972 2 4 6 
973 2 3 1 0 
974 2 5 4 6 
975 1 6 4 3 7 
976 5 4 7 1 2 6 
977 5 0 1 2 
978 2 1 7 0 6 
979 4 7 3 6 
980 5 1 0 7 6 
981 2 4 3 5 6 
982 4 1 7 0 6 2 
983 4 6 5 7 
984 4 1 7 0 6 2 
985 4 2 6 3 7 
986 5 1 4 3 6 2 
987 6 5 4 
988 4 0 1 5 3 2 7 
989 1 0 5 4 2 7 
990 2 4 6 
991 5 4 7 6 
992 5 0 1 4 2 7 
993 0 7 1 3 
994 4 5 7 6 
995 5 4 0 6 1 2 7 
996 0 5 4 3 7 2 
997 2 1 4 5 3 6 
998 2 1 6 3 7 
999 2 4 6 
1000 5 1 3 0 6 2 
1001 2 7 1 0 3 
1002 4 1 0 3 2 
1003 3 4 7 5 6 1 2 
1004 2 1 0 3 
1005 0 7 6 1 2 
1006 5 6 1 7 0 2 
1007 5 2 3 1 0 
1008 4 1 0 3 2 
1009 2 4 7 1 5 6 
1010 2 4 3 5 6 
1011 5 4 3 7 2 
1012 5 2 3 1 0 
1013 4 1 7 0 6 2 
1014 5 4 1 6 0 2 7 
1015 2 3 1 0 
1016 5 4 7 6 
1017 5 0 3 1 2 
1018 5 0 1 2 
1019 5 4 3 2 6 
1020 0 1 5 4 2 7 
1021 2 7 4 6 
1022 0 1 3 2 
1023 2 1 3 6 
