0 2 7 3 6 5 
1 3 5 7 2 1 
2 7 5 6 1 
3 3 1 0 4 
4 3 1 4 0 5 
5 7 2 5 0 3 
6 6 3 2 5 0 1 
7 6 3 5 2 7 1 
8 3 5 6 2 7 1 
9 0 6 5 7 3 2 
10 6 1 7 5 4 0 
11 7 5 0 1 6 3 2 
12 2 7 5 1 
13 7 4 5 1 
14 4 3 2 7 5 
15 6 2 5 0 3 
16 3 5 7 6 1 4 0 
17 2 3 5 4 
18 6 5 7 1 
19 7 5 2 3 
20 1 0 5 
21 6 5 3 4 2 
22 7 0 3 5 1 2 
23 7 2 0 3 1 
24 6 3 7 5 4 2 
25 3 2 
26 2 0 7 3 5 1 
27 6 7 5 2 
28 7 4 6 5 3 
29 7 3 4 5 2 1 
30 0 1 4 3 
31 2 0 7 5 6 3 1 
32 1 2 3 
33 3 5 1 0 7 2 6 
34 3 1 0 2 
35 6 3 2 7 5 
36 7 1 5 6 4 0 
37 2 1 0 3 
38 6 2 3 7 0 5 1 
39 5 3 2 0 1 
40 7 4 0 2 1 5 3 
41 6 2 4 1 3 5 0 
42 3 6 4 7 5 2 
43 2 5 7 3 
44 5 2 6 4 7 0 
45 7 6 2 5 3 
46 2 3 4 5 
47 2 4 0 1 5 3 
48 4 2 6 5 7 0 
49 6 5 3 4 2 
50 1 4 0 2 5 3 
51 5 4 3 
52 0 7 2 5 6 3 
53 6 1 7 5 4 0 
54 1 4 7 6 5 
55 6 7 2 5 3 
56 3 7 6 2 5 
57 2 0 1 3 
58 7 2 0 3 1 
59 2 5 0 3 4 1 
60 3 5 4 2 
61 3 6 1 5 7 0 
62 7 5 2 4 3 
63 6 5 7 3 2 
64 2 7 6 1 5 0 
65 3 7 5 6 4 2 
66 5 3 4 2 
67 3 7 6 1 5 0 
68 3 4 7 6 5 
69 4 1 0 5 3 
70 5 3 7 6 4 2 
71 6 5 7 2 4 3 
72 2 0 1 3 
73 0 1 4 3 
74 4 5 2 0 3 1 
75 6 3 5 4 2 
76 2 7 6 5 3 
77 7 5 3 4 2 
78 4 2 3 5 
79 5 7 6 1 
80 3 6 5 7 2 4 
81 2 4 5 
82 7 2 0 3 1 
83 4 1 7 0 3 
84 1 7 0 3 
85 4 7 6 1 5 0 
86 7 5 0 1 6 3 2 
87 4 2 3 
88 4 2 1 3 
89 3 7 6 5 
90 2 1 3 
91 6 7 5 1 2 
92 5 7 2 6 3 
93 4 5 0 1 
94 0 3 2 7 5 
95 2 5 3 7 1 
96 1 0 7 5 6 3 2 
97 3 7 6 2 5 
98 3 0 7 5 1 2 
99 5 7 6 2 
100 7 6 5 
101 2 0 1 3 
102 6 3 1 2 
103 5 2 3 4 
104 7 2 0 3 1 
105 5 4 0 1 
106 3 7 0 1 
107 2 3 7 5 6 4 
108 5 7 6 2 3 
109 7 3 2 
110 2 0 5 1 
111 2 1 0 3 
112 4 7 6 5 2 
113 4 7 0 1 3 
114 1 4 0 2 5 3 
115 5 2 3 
116 0 7 5 6 3 1 2 
117 5 2 4 1 3 0 
118 1 2 3 4 5 
119 6 5 2 4 3 
120 3 5 4 
121 2 0 5 7 3 1 
122 5 3 2 
123 2 6 5 7 4 3 
124 3 7 0 1 
125 3 1 0 2 
126 7 0 1 3 
127 6 7 5 
128 2 3 
129 3 5 7 2 
130 5 3 2 0 1 
131 2 0 7 5 6 3 1 
132 3 7 5 6 4 2 
133 7 4 6 5 3 
134 5 2 0 3 4 1 
135 6 5 7 0 1 3 2 
136 3 7 2 5 6 
137 0 5 7 6 1 4 
138 4 7 6 2 5 3 
139 6 7 0 1 3 
140 2 4 5 1 
141 7 6 5 3 
142 4 3 5 2 1 
143 5 6 4 7 3 2 
144 3 6 5 7 2 
145 2 6 4 7 5 3 
146 7 5 1 2 
147 7 6 2 3 0 5 1 
148 1 0 7 6 4 3 
149 4 0 2 1 5 3 
150 7 3 1 2 
151 4 0 5 7 3 1 
152 4 1 0 5 3 
153 2 4 7 6 5 
154 2 5 4 3 
155 6 5 7 1 4 0 
156 5 3 2 7 
157 4 2 3 5 
158 0 5 7 6 1 4 
159 2 1 3 
160 1 7 5 2 
161 3 0 1 2 
162 3 7 5 1 2 
163 4 3 1 0 2 
164 7 5 3 4 2 
165 2 3 4 5 
166 6 7 5 3 
167 5 7 0 1 6 3 2 
168 7 1 0 3 
169 5 7 3 2 6 
170 2 4 0 1 5 3 
171 2 4 1 6 3 5 0 
172 5 1 4 0 3 
173 7 3 2 5 
174 2 3 4 5 1 
175 2 4 1 3 5 0 
176 4 2 1 6 3 5 0 
177 4 3 2 
178 1 5 7 6 4 0 
179 5 4 0 3 1 2 
180 0 5 7 3 2 
181 5 7 1 2 
182 1 0 7 3 5 2 
183 6 2 1 3 
184 3 2 
185 2 0 1 3 
186 4 3 2 
187 2 3 1 0 
188 3 5 1 0 7 2 6 
189 3 2 5 0 1 
190 7 5 6 1 4 0 
191 6 1 7 0 3 
192 2 3 1 0 
193 3 2 5 0 1 
194 5 3 2 7 
195 3 5 2 0 4 1 
196 3 1 0 4 
197 4 2 5 0 3 
198 4 1 0 3 2 
199 6 5 7 2 4 3 
200 3 4 5 1 
201 0 7 2 5 6 3 
202 4 2 1 3 
203 7 2 3 4 5 
204 2 6 4 7 5 3 
205 6 2 5 0 3 
206 5 2 4 1 6 3 0 
207 4 1 7 5 6 0 
208 3 5 7 2 
209 2 0 1 3 
210 7 3 2 
211 4 5 7 6 1 0 
212 1 3 5 6 2 7 
213 4 1 5 2 0 3 
214 7 1 4 0 5 3 
215 7 5 2 4 3 
216 4 7 6 2 5 3 
217 3 2 5 0 1 
218 2 0 1 3 
219 6 0 5 1 
220 5 6 7 2 4 3 
221 4 2 1 3 
222 0 5 3 4 2 
223 2 6 4 7 5 3 
224 1 2 3 
225 3 2 
226 3 2 4 1 6 5 0 
227 5 1 0 3 2 
228 7 3 2 5 0 1 
229 2 5 4 3 
230 6 5 7 3 2 
231 5 3 2 
232 7 6 5 3 
233 5 3 1 0 2 
234 3 7 2 5 6 
235 2 4 7 6 5 
236 5 2 3 4 
237 7 4 6 5 3 
238 2 4 1 3 5 0 
239 0 2 3 
240 4 7 6 5 
241 4 5 7 6 1 0 
242 1 5 2 4 3 
243 5 4 0 3 1 2 
244 0 7 2 5 6 3 
245 5 1 0 3 2 
246 1 7 6 5 3 
247 6 2 5 0 3 
248 1 0 5 7 3 
249 2 3 5 6 7 1 
250 5 1 2 0 3 
251 2 5 4 3 
252 0 5 7 3 1 
253 1 4 5 
254 7 6 2 5 3 
255 6 2 3 4 5 
256 1 5 7 0 6 3 2 
257 3 1 4 0 5 
258 5 1 0 7 2 6 3 
259 1 7 6 5 3 
260 3 1 5 2 0 
261 4 5 2 
262 5 6 7 3 2 
263 6 5 7 1 
264 0 7 6 5 3 
265 0 3 4 5 2 1 
266 4 5 2 
267 7 6 5 3 
268 2 4 1 6 3 5 0 
269 7 4 5 2 
270 4 7 2 5 6 3 
271 5 1 0 3 2 
272 3 5 4 
273 0 6 5 7 3 2 
274 7 5 1 2 
275 4 5 3 
276 1 3 2 
277 4 2 1 6 3 5 0 
278 7 5 6 4 1 0 
279 4 0 3 1 2 
280 5 3 4 2 
281 3 7 6 5 
282 0 7 6 5 3 
283 6 5 7 2 4 3 
284 5 4 1 
285 7 6 4 5 3 2 
286 0 1 3 2 
287 1 4 5 
288 1 4 0 3 2 
289 1 7 6 5 
290 3 0 5 7 1 
291 4 3 1 2 
292 7 3 2 5 
293 2 4 0 3 1 
294 6 0 1 3 2 
295 5 4 1 
296 7 5 1 2 
297 5 2 4 1 3 0 
298 3 1 7 0 
299 2 6 5 7 3 
300 4 5 2 
301 6 4 7 5 3 2 
302 1 4 5 
303 0 2 6 5 4 7 
304 4 0 5 7 3 1 
305 5 3 2 
306 1 2 3 
307 5 7 3 2 6 
308 0 7 6 5 3 
309 5 4 6 7 3 
310 1 5 3 4 2 
311 6 7 1 5 0 
312 1 7 6 5 3 
313 2 5 7 3 
314 5 0 7 3 1 2 
315 2 7 6 5 3 
316 0 6 2 3 7 5 1 
317 1 5 7 6 
318 7 5 6 4 1 0 
319 6 2 7 0 3 1 
320 1 7 5 2 
321 2 4 1 6 3 5 0 
322 7 0 1 3 2 
323 1 6 5 7 0 
324 3 0 5 1 
325 4 1 0 5 3 
326 5 0 7 6 3 1 2 
327 6 1 5 2 0 3 
328 3 2 7 5 
329 0 5 7 3 2 
330 4 5 1 
331 7 3 1 2 
332 2 4 0 1 5 3 
333 7 5 6 1 
334 4 5 7 6 1 
335 5 7 6 1 
336 3 2 4 1 5 0 
337 0 2 7 3 1 
338 7 3 2 5 
339 4 3 5 2 
340 1 5 0 7 2 6 3 
341 4 6 7 5 3 2 
342 7 6 5 2 4 3 
343 4 7 5 1 2 
344 4 7 6 5 
345 3 6 5 7 2 4 
346 0 4 5 2 
347 6 3 4 5 2 1 
348 5 4 1 
349 4 0 7 3 5 1 2 
350 0 1 3 2 
351 1 5 7 6 4 0 
352 1 3 5 4 2 
353 1 0 7 3 5 2 
354 2 7 3 6 5 
355 4 5 3 7 2 1 
356 7 5 6 4 1 0 
357 2 0 7 1 6 4 3 
358 6 5 2 4 3 
359 4 5 3 7 2 1 
360 7 5 0 1 6 3 2 
361 5 2 3 
362 3 4 0 1 2 
363 2 1 3 
364 5 0 7 6 3 1 2 
365 7 5 2 3 
366 1 2 3 
367 0 7 5 6 3 1 2 
368 4 5 2 7 3 
369 6 2 3 7 0 5 1 
370 1 5 3 7 2 
371 5 1 2 0 3 
372 0 6 2 3 7 5 1 
373 5 6 4 1 0 
374 0 2 6 5 4 7 
375 6 2 5 4 7 0 
376 1 5 6 4 0 
377 2 1 3 
378 5 1 2 0 3 
379 2 0 5 1 
380 0 5 1 7 2 6 3 
381 1 4 7 6 5 
382 7 2 3 
383 6 4 5 2 
384 1 5 3 4 2 
385 3 6 5 7 2 
386 5 1 4 0 3 
387 1 6 5 7 0 
388 3 5 6 4 1 0 
389 4 7 6 5 
390 5 1 0 7 2 6 3 
391 6 5 2 4 3 
392 1 3 4 5 2 
393 0 5 1 7 2 6 3 
394 4 5 0 1 
395 7 3 2 6 5 
396 2 5 7 6 1 4 0 
397 7 3 5 6 4 2 
398 4 6 5 7 2 3 
399 5 3 1 2 
400 3 5 7 0 1 6 2 
401 0 5 7 3 1 
402 7 5 1 0 2 6 3 
403 4 3 2 
404 1 5 2 7 3 
405 5 3 1 0 2 
406 7 2 5 6 3 
407 4 1 0 5 3 
408 4 7 5 1 2 
409 3 2 
410 0 2 4 1 3 5 
411 6 4 0 2 1 5 3 
412 7 6 1 5 0 
413 4 3 5 2 1 
414 0 5 4 1 
415 1 4 5 
416 0 2 5 3 
417 1 5 6 4 0 
418 3 1 0 2 
419 4 0 3 1 2 
420 7 1 0 3 
421 2 3 1 0 
422 6 3 2 
423 5 0 7 6 3 1 2 
424 7 3 2 
425 5 0 7 1 6 4 3 
426 3 4 6 5 7 
427 2 3 5 4 
428 5 3 7 6 4 2 
429 7 3 5 4 2 
430 1 7 5 6 4 0 
431 0 7 5 1 2 
432 4 7 6 1 5 0 
433 5 1 7 0 3 
434 1 4 6 5 7 3 
435 5 7 6 2 
436 0 5 7 3 2 
437 5 7 6 2 
438 1 7 6 5 2 
439 6 3 2 7 5 
440 0 4 5 2 
441 2 5 7 0 1 6 3 
442 5 2 7 0 3 1 
443 2 3 
444 0 4 3 1 2 
445 1 7 6 5 3 
446 7 5 6 4 1 0 
447 6 7 5 2 
448 1 7 6 5 
449 3 1 2 
450 5 7 6 
451 1 3 2 
452 2 5 3 7 1 
453 4 6 5 7 3 
454 5 0 7 1 6 4 3 
455 6 3 5 4 2 
456 1 4 0 3 2 
457 0 1 4 3 
458 4 1 0 5 3 
459 7 6 2 5 3 
460 2 6 3 7 0 5 1 
461 7 5 3 2 
462 4 1 0 3 2 
463 5 3 7 2 1 
464 3 5 6 2 7 1 
465 0 7 6 5 3 
466 7 4 5 1 
467 4 1 7 5 6 0 
468 1 5 4 0 
469 4 2 6 5 7 0 
470 7 4 5 1 
471 4 6 2 3 7 0 5 1 
472 4 1 5 2 0 3 
473 3 5 7 2 1 
474 0 2 5 3 
475 6 7 5 3 
476 5 0 7 6 3 1 2 
477 5 3 7 2 1 
478 0 7 3 2 6 5 
479 1 2 4 6 3 5 0 
480 1 3 5 6 2 7 
481 1 0 4 3 
482 3 7 6 2 5 
483 4 1 5 2 0 3 
484 7 6 5 2 
485 2 5 3 7 1 
486 6 1 7 0 3 
487 5 2 4 1 6 3 0 
488 7 0 5 6 3 1 2 
489 5 0 7 1 6 4 3 
490 3 5 2 0 4 1 
491 2 5 7 0 1 6 3 
492 5 3 4 2 
493 7 0 5 1 
494 1 5 2 4 3 
495 0 3 1 2 
496 4 3 2 7 5 
497 4 6 5 7 2 3 
498 1 0 7 5 6 3 2 
499 5 1 7 0 3 
500 0 5 7 3 2 
501 5 3 1 2 
502 1 2 4 6 3 5 0 
503 6 5 2 4 3 
504 1 6 5 7 3 2 
505 2 3 
506 5 7 0 1 3 
507 2 7 6 1 5 0 
508 0 3 4 5 2 1 
509 1 0 7 3 5 2 
510 7 5 4 3 
511 6 5 4 0 1 
512 1 5 7 3 2 
513 3 2 4 1 6 5 0 
514 5 0 7 3 1 
515 0 6 5 7 2 4 3 
516 3 7 6 5 
517 4 3 5 2 
518 5 2 0 3 
519 6 3 2 7 5 
520 1 3 0 2 
521 0 3 5 4 2 
522 4 7 6 5 3 
523 7 5 1 0 2 6 3 
524 2 6 5 4 7 0 
525 7 3 2 5 
526 4 7 3 2 6 5 
527 5 2 6 4 7 0 
528 3 2 
529 1 0 7 5 6 3 2 
530 7 5 2 3 
531 4 3 2 
532 1 3 2 
533 4 3 5 6 2 7 1 
534 7 5 2 3 
535 4 5 2 3 
536 4 0 3 1 2 
537 3 2 4 1 5 0 
538 0 1 4 3 
539 6 5 4 1 0 
540 5 7 0 1 6 3 2 
541 4 3 1 0 2 
542 0 3 4 5 2 1 
543 1 6 5 7 2 4 3 
544 1 2 3 4 5 
545 1 6 5 7 3 2 
546 3 5 2 4 
547 4 3 5 2 
548 7 6 5 3 
549 2 1 4 0 5 3 
550 6 5 7 1 
551 5 6 4 7 3 2 
552 7 4 6 5 3 
553 5 3 6 2 7 1 
554 3 0 5 7 1 
555 2 3 
556 5 0 7 3 1 2 
557 7 3 5 6 2 1 
558 0 5 1 
559 0 4 5 2 
560 4 2 3 
561 4 5 2 0 3 1 
562 1 5 0 7 2 6 3 
563 5 2 1 3 
564 0 4 7 6 5 
565 5 2 4 1 6 3 0 
566 1 5 4 3 
567 6 1 5 7 0 
568 1 2 3 
569 2 0 1 3 
570 5 6 2 3 7 0 1 
571 2 5 4 0 1 
572 0 5 2 4 3 
573 1 4 0 2 5 3 
574 7 2 3 4 5 
575 6 5 3 4 2 
576 1 7 6 5 
577 3 6 1 5 7 0 
578 5 1 0 3 2 
579 1 2 4 6 3 5 0 
580 3 1 5 2 0 
581 4 1 0 5 3 
582 5 1 7 0 3 
583 6 7 3 2 5 
584 1 0 3 2 
585 0 5 7 3 1 
586 4 5 7 6 1 0 
587 7 2 0 3 1 
588 2 7 3 6 5 
589 7 5 3 2 
590 4 0 7 3 5 1 2 
591 5 7 6 2 
592 3 5 4 
593 0 2 3 
594 7 1 5 6 4 0 
595 4 5 6 1 0 
596 1 7 5 2 
597 4 2 1 6 3 5 0 
598 7 0 1 6 4 3 
599 4 0 7 3 5 1 2 
600 4 5 7 3 2 
601 3 6 5 7 2 4 
602 0 2 4 1 3 5 
603 6 5 4 1 0 
604 5 2 1 3 
605 4 3 7 5 6 2 
606 0 1 4 3 
607 1 7 5 6 4 0 
608 1 3 2 
609 1 7 6 2 5 3 
610 3 5 7 2 1 
611 4 3 7 5 6 2 
612 7 2 5 0 3 
613 2 5 6 4 1 0 
614 6 3 2 
615 5 7 6 3 
616 7 2 0 3 1 
617 5 1 0 4 3 
618 3 2 
619 2 5 0 3 4 1 
620 5 6 1 7 0 
621 7 1 4 0 5 3 
622 1 5 7 6 
623 1 3 4 5 2 
624 4 2 6 5 7 0 
625 4 3 2 
626 1 2 7 0 3 
627 5 3 4 2 1 
628 0 1 3 2 
629 5 7 6 1 0 
630 1 3 5 6 2 7 
631 6 5 2 0 3 4 1 
632 1 0 7 6 4 3 
633 2 5 7 6 1 
634 5 6 2 3 7 0 1 
635 2 7 6 5 
636 0 4 3 1 2 
637 1 4 0 5 3 
638 7 5 3 2 1 
639 6 1 7 5 4 0 
640 1 4 5 
641 3 0 1 2 
642 5 1 7 6 4 0 
643 1 5 7 3 2 
644 3 5 7 0 1 6 2 
645 4 2 6 5 7 0 
646 5 3 2 
647 6 7 2 5 3 
648 1 7 0 3 
649 0 1 5 2 3 
650 4 0 3 1 2 
651 7 0 5 1 
652 2 6 1 5 7 0 
653 7 5 2 0 3 4 1 
654 4 7 0 1 3 
655 5 1 2 0 3 
656 3 6 5 7 2 
657 0 3 2 5 1 
658 7 3 2 6 5 
659 4 5 3 2 
660 1 3 2 7 5 
661 4 6 5 7 3 2 
662 7 3 2 5 0 1 
663 4 3 5 2 
664 4 1 0 3 
665 3 1 7 5 6 4 0 
666 0 4 3 1 2 
667 6 1 5 2 0 3 
668 5 3 4 2 
669 4 5 2 
670 0 1 4 5 3 
671 1 5 4 0 
672 1 7 2 5 6 3 
673 1 5 7 6 4 0 
674 3 0 1 2 
675 4 5 3 7 2 1 
676 7 2 4 1 3 5 0 
677 2 3 
678 6 5 1 0 7 2 3 
679 5 0 7 3 1 
680 7 6 5 2 
681 5 3 7 6 4 2 
682 3 4 6 5 7 
683 2 7 6 5 3 
684 5 0 7 6 3 1 2 
685 7 5 4 3 
686 1 5 2 7 3 
687 0 2 5 3 
688 4 3 2 7 5 
689 4 0 1 3 2 
690 1 3 2 5 0 
691 5 4 2 
692 0 7 6 5 
693 5 7 6 2 3 
694 1 5 2 0 3 4 
695 6 4 5 2 
696 1 3 2 
697 2 7 5 6 3 
698 5 4 6 7 3 
699 2 3 7 5 6 4 
700 0 7 6 5 2 
701 1 4 0 2 5 3 
702 7 0 1 6 4 3 
703 6 5 2 7 3 
704 2 0 7 3 5 1 
705 3 2 4 1 5 0 
706 5 7 6 1 
707 1 6 2 3 7 0 5 
708 3 1 0 2 
709 4 7 6 5 3 
710 5 2 1 3 
711 6 1 7 0 3 
712 1 5 7 6 
713 0 5 6 4 1 
714 4 5 1 
715 7 6 1 5 0 
716 2 7 6 5 
717 7 6 4 5 3 2 
718 4 5 2 3 
719 5 7 6 2 
720 3 7 6 5 
721 1 4 0 3 2 
722 7 4 0 2 1 5 3 
723 5 4 6 7 3 
724 1 5 2 4 3 
725 4 5 7 6 1 0 
726 6 4 0 2 1 5 3 
727 4 2 3 5 
728 4 0 7 1 6 3 
729 3 6 2 7 0 5 1 
730 0 2 4 1 3 5 
731 6 5 4 3 
732 5 7 6 1 
733 4 7 6 5 
734 0 7 6 5 3 
735 1 2 7 0 3 
736 1 4 5 
737 1 7 6 5 3 
738 3 1 7 5 6 4 0 
739 4 0 7 1 6 3 
740 7 2 4 1 6 3 5 0 
741 2 4 0 1 5 3 
742 6 2 5 0 3 
743 5 2 7 3 
744 7 6 1 5 0 
745 5 0 7 6 3 1 2 
746 3 5 7 0 1 6 2 
747 2 6 5 7 3 
748 5 3 2 0 1 
749 7 6 5 3 
750 1 7 0 3 
751 1 7 6 5 3 
752 4 5 2 
753 4 0 2 1 5 3 
754 1 3 5 6 2 7 
755 7 5 6 1 
756 0 7 6 5 2 
757 5 3 7 6 4 2 
758 1 0 4 3 
759 6 5 2 4 3 
760 1 3 5 6 2 7 
761 2 4 0 3 1 
762 5 7 0 1 3 
763 2 6 5 4 7 0 
764 0 2 6 5 4 7 
765 1 2 5 0 3 
766 7 6 5 3 
767 6 0 5 1 
768 1 5 3 7 2 
769 3 0 5 7 1 
770 4 2 3 5 
771 1 3 4 5 2 
772 3 7 6 1 5 0 
773 4 5 2 
774 5 2 7 0 3 1 
775 6 7 5 2 
776 1 3 2 
777 0 7 1 6 4 3 
778 4 7 3 2 6 5 
779 7 0 5 1 
780 2 5 7 6 1 4 0 
781 7 5 1 2 
782 4 6 5 7 2 3 
783 6 2 5 4 7 0 
784 3 2 1 
785 0 5 4 1 
786 7 3 2 5 
787 7 5 1 0 2 6 3 
788 1 3 7 5 6 4 2 
789 6 7 1 5 0 
790 7 0 5 1 
791 7 5 4 3 
792 6 2 7 0 3 1 
793 3 5 4 2 
794 0 5 4 1 
795 6 0 7 1 4 3 
796 7 0 5 1 
797 7 3 1 2 
798 0 4 5 2 
799 1 3 0 2 
800 1 7 3 2 6 5 
801 1 3 5 6 2 7 
802 3 1 0 2 
803 6 5 2 7 3 
804 7 3 5 6 2 1 
805 2 4 6 5 7 3 
806 6 5 4 0 1 
807 5 3 2 
808 7 3 1 2 
809 6 1 7 5 4 0 
810 3 1 7 5 6 4 0 
811 2 6 5 4 7 0 
812 5 4 0 3 1 2 
813 7 3 1 0 2 
814 0 3 2 
815 0 5 1 7 2 6 3 
816 4 3 2 5 0 1 
817 6 5 1 0 7 2 3 
818 1 0 5 7 3 
819 7 0 5 3 1 
820 0 7 1 3 
821 6 2 3 4 5 
822 0 1 4 3 
823 6 5 4 3 
824 0 1 4 3 
825 2 3 
826 7 5 0 1 6 3 2 
827 2 6 3 7 0 5 1 
828 0 6 4 7 5 3 2 
829 1 2 3 
830 7 3 4 5 2 1 
831 6 1 0 3 2 
832 0 6 1 5 7 
833 3 6 5 7 2 
834 7 2 3 4 5 
835 0 5 2 7 3 
836 3 5 2 0 4 1 
837 7 2 0 3 1 
838 6 3 4 5 2 1 
839 6 5 4 0 1 
840 0 4 2 1 5 3 
841 0 7 1 3 
842 6 5 4 0 1 
843 6 5 4 1 0 
844 2 4 7 6 5 
845 6 7 5 3 
846 4 6 1 5 7 0 
847 6 7 1 5 0 
848 3 2 5 0 
849 0 2 7 3 1 
850 6 4 5 7 3 
851 7 2 6 5 4 0 
852 0 5 3 7 2 1 
853 6 4 7 5 
854 6 7 0 1 3 
855 7 6 5 3 2 
856 6 1 5 7 0 
857 3 0 7 5 1 2 
858 0 4 7 6 5 
859 6 7 3 2 5 
860 6 5 7 2 4 3 
861 7 5 2 0 3 4 1 
862 0 7 6 2 5 3 
863 1 7 6 5 3 
864 0 1 4 3 
865 0 5 2 3 4 1 
866 3 7 6 5 
867 6 5 3 7 2 1 
868 7 0 3 5 1 2 
869 2 6 5 7 4 3 
870 6 4 7 5 
871 5 7 6 3 
872 6 7 5 1 2 
873 5 7 6 
874 3 2 7 0 1 
875 2 4 6 5 7 3 
876 5 7 6 1 4 0 
877 6 5 2 0 3 4 1 
878 0 7 6 2 5 3 
879 0 1 5 2 3 
880 1 6 2 3 7 0 5 
881 2 1 3 
882 1 7 5 6 4 0 
883 6 5 3 4 2 
884 0 1 4 3 
885 5 6 4 1 0 
886 0 7 6 1 5 
887 6 4 0 2 1 5 3 
888 0 6 1 5 7 
889 2 3 1 
890 0 7 6 5 3 
891 2 6 1 5 7 0 
892 0 1 7 5 6 4 
893 1 2 4 3 5 0 
894 0 5 3 4 2 
895 3 0 7 1 6 4 
896 0 1 7 3 
897 3 2 
898 2 3 4 5 1 
899 3 0 7 1 6 4 
900 3 2 5 0 1 
901 0 7 3 5 1 2 
902 3 5 1 0 7 2 6 
903 0 5 6 4 1 
904 0 5 7 6 1 4 
905 0 6 2 3 7 5 1 
906 2 6 4 7 5 3 
907 3 0 5 7 1 
908 2 1 7 0 3 
909 3 5 4 2 
910 2 3 1 0 
911 3 1 2 
912 3 4 6 5 7 
913 0 7 1 3 
914 2 6 1 5 7 0 
915 2 0 5 1 
916 0 5 2 7 3 
917 3 5 7 2 
918 0 7 3 2 6 5 
919 3 6 5 7 2 
920 0 3 1 2 
921 3 0 5 1 
922 0 6 2 3 7 5 1 
923 3 5 7 6 1 
924 0 3 4 5 2 1 
925 3 2 4 1 5 0 
926 0 3 2 5 1 
927 2 3 5 0 1 
928 0 6 1 5 7 
929 0 3 1 2 
930 3 5 2 4 
931 2 7 6 5 
932 7 6 4 5 3 2 
933 2 4 1 6 3 5 0 
934 6 5 7 0 1 3 2 
935 5 4 3 
936 6 3 7 5 4 2 
937 6 0 7 1 4 3 
938 3 5 4 2 
939 2 0 1 3 
940 2 3 
941 2 3 4 5 
942 2 0 5 1 
943 2 5 4 0 1 
944 1 6 5 7 0 
945 2 5 7 0 1 6 3 
946 1 3 2 
947 6 2 4 1 3 5 0 
948 0 7 3 5 1 2 
949 4 5 3 
950 0 5 7 3 2 
951 6 1 0 3 2 
952 3 1 5 2 0 
953 2 7 3 6 5 
954 0 5 4 1 
955 2 5 0 3 4 1 
956 6 4 7 5 3 2 
957 3 5 2 0 4 1 
958 2 3 5 6 7 1 
959 3 2 5 0 
960 6 7 2 5 3 
961 3 6 4 7 5 2 
962 2 5 3 4 
963 3 1 2 
964 7 5 1 0 2 6 3 
965 0 4 5 2 
966 3 6 5 7 2 
967 0 7 6 5 3 
968 6 1 5 2 0 3 
969 6 0 5 7 3 1 
970 3 7 2 5 6 
971 2 0 7 5 6 3 1 
972 4 1 7 0 3 
973 3 7 5 6 4 2 
974 2 6 3 7 0 5 1 
975 3 5 2 7 
976 4 7 6 1 5 0 
977 5 7 1 2 
978 2 5 0 3 
979 2 5 7 3 
980 6 3 1 2 
981 3 7 0 1 
982 0 7 5 6 3 1 2 
983 2 0 7 1 6 4 3 
984 0 4 7 6 5 
985 7 2 5 6 3 
986 6 4 5 7 3 
987 3 5 4 
988 0 1 7 3 
989 3 1 0 4 
990 0 3 2 
991 1 2 6 5 4 7 0 
992 0 1 4 5 3 
993 0 7 2 5 6 3 
994 3 7 6 5 
995 4 0 1 3 2 
996 7 4 6 5 
997 4 7 6 5 2 
998 6 7 2 5 3 
999 5 2 7 3 
1000 6 7 5 
1001 5 7 6 1 0 
1002 6 0 5 1 
1003 6 1 7 0 3 
1004 5 3 2 
1005 6 3 2 5 0 1 
1006 4 5 2 7 3 
1007 6 2 4 1 3 5 0 
1008 4 7 6 5 
1009 4 3 7 5 6 2 
1010 1 4 7 6 5 
1011 6 7 1 5 0 
1012 0 2 5 3 
1013 5 7 3 2 6 
1014 0 5 4 1 
1015 6 7 0 1 3 
1016 0 2 3 
1017 2 3 5 6 7 1 
1018 5 2 3 
1019 2 5 3 4 
1020 6 7 5 
1021 1 6 4 7 5 3 2 
1022 6 5 7 0 1 3 2 
1023 6 1 5 2 0 3 
