0 3 2 0 7 4 5 
1 3 1 6 4 0 
2 6 5 7 0 1 
3 1 3 5 2 0 
4 2 3 0 5 1 
5 3 0 5 4 7 6 1 
6 0 4 7 1 
7 7 4 
8 0 4 7 1 
9 2 3 1 
10 2 7 6 4 3 1 
11 4 5 7 0 1 
12 0 3 5 2 1 
13 0 7 3 2 6 4 5 
14 7 4 5 3 1 
15 6 2 7 1 5 
16 1 4 0 5 
17 2 7 6 5 1 
18 2 7 4 6 5 
19 6 1 0 4 5 
20 0 3 1 5 2 
21 4 7 0 6 2 3 5 1 
22 1 3 5 2 0 
23 0 7 5 4 6 1 
24 6 7 4 5 3 1 
25 4 5 0 7 1 
26 3 6 0 5 7 1 
27 1 3 2 
28 2 7 4 
29 6 3 4 1 
30 4 3 2 5 1 
31 6 3 5 0 7 2 1 
32 1 4 7 0 6 2 3 5 
33 6 3 0 5 2 1 
34 3 4 5 7 1 6 0 
35 2 4 5 7 1 6 0 
36 6 7 4 
37 7 5 3 2 6 0 
38 3 7 4 6 5 
39 7 3 0 5 2 1 
40 2 5 0 4 1 
41 3 2 1 5 0 
42 3 7 6 0 5 
43 7 6 4 3 1 
44 2 0 3 1 
45 6 3 0 5 2 1 
46 6 3 0 2 7 1 4 
47 7 2 1 5 
48 0 3 2 1 
49 1 7 6 4 3 
50 7 5 1 6 0 
51 6 4 0 7 1 
52 5 3 2 7 6 0 
53 5 3 2 4 1 
54 0 3 5 2 1 
55 2 5 3 4 1 
56 1 4 7 6 5 
57 7 6 4 3 1 
58 5 0 3 2 1 
59 3 1 6 4 0 
60 2 3 1 
61 1 0 2 3 5 
62 0 3 2 1 
63 4 7 3 2 0 6 5 
64 3 1 5 7 4 
65 3 0 2 5 1 
66 6 1 4 0 
67 1 6 3 5 0 7 2 
68 2 3 1 
69 3 0 2 5 1 
70 0 3 1 
71 7 6 3 0 4 5 
72 0 5 3 2 7 6 
73 2 7 5 1 6 0 
74 2 3 1 5 0 
75 4 1 6 0 5 
76 0 5 3 6 1 
77 0 2 7 1 5 
78 7 2 3 5 0 1 
79 4 5 3 6 1 
80 1 7 4 6 5 
81 2 5 7 0 1 
82 2 0 3 1 
83 6 5 4 7 1 
84 0 7 6 5 
85 4 3 2 5 1 
86 1 5 6 0 
87 0 7 4 
88 5 0 7 2 3 1 
89 4 0 5 7 6 1 
90 3 1 
91 1 3 2 
92 2 7 6 5 1 
93 4 7 5 3 6 1 
94 4 2 3 0 7 5 
95 5 7 4 6 1 
96 1 5 3 2 4 
97 5 3 2 1 
98 2 4 5 3 1 
99 2 5 0 4 7 1 
100 4 7 6 5 
101 7 5 3 2 4 1 
102 0 5 4 7 1 
103 7 3 2 0 1 
104 2 7 6 5 0 
105 3 7 4 
106 3 7 4 
107 7 1 5 4 
108 2 5 0 4 1 
109 5 1 6 4 0 
110 4 6 3 0 5 
111 7 6 4 3 1 
112 0 7 6 5 
113 1 0 5 4 7 6 
114 7 5 0 1 
115 6 0 5 4 7 1 
116 5 0 4 7 6 1 
117 5 6 4 7 1 
118 0 6 3 4 5 
119 2 4 5 3 1 
120 7 6 0 5 1 
121 7 4 5 3 1 
122 4 7 
123 3 5 2 7 6 0 
124 2 3 0 1 
125 1 3 6 0 
126 0 7 6 5 
127 4 0 7 1 
128 3 0 5 4 7 6 1 
129 3 0 5 2 1 
130 6 0 3 2 1 
131 1 3 2 5 
132 2 7 4 
133 3 4 7 0 6 2 5 1 
134 0 7 4 
135 7 4 
136 0 3 5 2 1 
137 2 3 0 5 1 
138 2 1 5 7 4 
139 4 2 1 5 3 0 
140 0 3 2 1 
141 0 5 3 2 7 6 
142 7 0 3 2 1 
143 4 1 5 6 0 
144 1 5 7 0 
145 2 3 1 
146 2 3 0 7 4 5 
147 6 5 3 1 
148 0 7 4 
149 4 5 0 1 
150 1 5 0 4 
151 0 7 4 
152 5 3 1 
153 4 0 7 2 3 5 1 
154 3 0 2 5 1 
155 1 3 0 2 
156 2 7 6 4 
157 4 7 
158 4 1 6 0 5 
159 5 1 6 0 
160 1 4 7 6 5 
161 5 3 2 1 
162 3 7 6 0 5 
163 2 7 6 5 1 
164 4 3 1 
165 7 5 0 4 1 
166 3 7 4 6 5 
167 7 4 5 3 6 1 
168 2 5 4 7 1 
169 3 5 7 0 1 
170 3 6 5 0 7 2 1 
171 7 3 1 
172 2 1 6 0 4 5 
173 5 3 0 2 1 
174 4 7 6 5 
175 7 5 3 2 4 1 
176 0 5 4 7 6 1 
177 1 5 7 4 
178 7 6 4 5 1 
179 6 7 0 5 
180 5 3 6 1 
181 5 2 1 3 0 
182 0 7 6 5 1 
183 2 7 4 6 5 
184 1 5 6 0 
185 7 3 2 0 6 4 5 
186 4 3 0 5 2 1 
187 3 2 0 1 
188 2 3 1 
189 1 7 6 4 3 
190 0 7 6 4 5 
191 4 0 5 1 
192 3 4 5 7 1 6 0 
193 3 0 2 5 1 
194 6 5 4 7 0 1 
195 1 7 5 6 0 
196 3 2 1 
197 3 4 0 7 1 
198 0 2 7 1 5 
199 7 6 4 5 
200 0 1 5 6 
201 2 7 6 5 1 
202 2 6 3 0 4 5 
203 4 3 2 1 
204 0 6 4 5 7 1 
205 0 7 4 6 5 
206 7 4 0 1 
207 4 7 5 6 1 
208 1 4 0 5 
209 2 6 4 5 7 1 
210 2 4 7 6 5 1 
211 6 7 4 
212 1 6 4 0 
213 4 7 6 
214 1 5 7 4 
215 0 7 4 6 5 
216 5 7 0 1 
217 4 5 3 2 7 6 0 
218 3 0 5 2 1 
219 3 7 2 0 6 4 5 
220 3 0 2 1 
221 4 7 5 3 6 1 
222 4 3 6 1 
223 5 0 7 2 3 1 
224 1 5 4 7 
225 5 0 4 7 6 1 
226 3 4 5 1 
227 2 4 7 6 5 1 
228 4 5 7 1 6 0 
229 7 2 3 5 0 1 
230 3 5 0 4 1 
231 7 6 5 1 
232 2 1 6 0 4 5 
233 3 2 5 7 0 1 
234 2 6 0 5 7 1 
235 7 6 4 
236 2 3 5 1 
237 5 4 3 1 
238 4 3 0 2 7 1 6 
239 7 4 0 5 1 
240 0 5 4 7 1 
241 0 7 6 4 5 
242 7 3 1 
243 6 2 1 5 3 0 
244 5 6 4 7 1 
245 5 3 1 
246 0 7 6 5 
247 2 7 6 5 1 
248 1 3 
249 7 3 2 5 1 
250 5 2 7 1 
251 3 1 
252 1 3 0 2 7 6 4 
253 1 6 4 0 
254 0 5 3 2 7 6 
255 4 3 2 5 1 
256 3 0 7 2 5 1 
257 3 7 6 0 5 
258 6 7 4 5 
259 1 3 2 5 
260 1 7 6 4 3 
261 3 1 5 6 0 
262 1 3 6 4 
263 7 6 5 1 
264 0 3 6 4 1 
265 0 5 4 7 1 
266 1 7 4 
267 5 3 0 2 1 
268 0 3 2 1 
269 1 7 6 5 
270 7 3 2 0 6 4 5 
271 4 2 1 5 3 0 
272 1 3 2 
273 3 6 7 5 1 
274 2 7 3 0 6 4 5 
275 6 3 0 5 2 1 
276 0 4 5 7 1 6 
277 5 3 1 
278 0 3 1 
279 0 3 2 1 
280 5 3 2 1 
281 4 0 7 1 
282 3 2 5 7 0 1 
283 1 7 4 5 3 6 
284 2 3 1 
285 4 2 0 3 1 
286 4 5 0 1 
287 5 3 1 
288 1 5 0 4 
289 5 2 3 0 7 4 
290 3 7 4 
291 2 0 7 3 5 1 
292 5 0 4 1 
293 7 3 2 0 1 
294 3 4 5 1 
295 7 2 1 5 
296 1 2 7 5 
297 0 6 7 5 1 
298 3 7 6 5 1 
299 7 5 6 4 0 1 
300 1 6 7 5 
301 5 7 6 4 
302 4 3 2 1 
303 7 6 5 1 
304 0 6 4 5 7 1 
305 1 5 3 2 7 6 0 
306 7 3 0 2 5 1 
307 6 2 7 1 5 
308 5 4 0 1 
309 5 3 2 7 6 0 
310 1 5 3 2 4 
311 1 6 3 5 0 7 2 
312 1 3 
313 7 4 
314 5 2 0 3 1 
315 3 0 5 2 1 
316 2 7 4 6 5 
317 1 3 2 0 
318 0 1 5 6 
319 4 3 0 2 1 
320 3 5 6 1 
321 3 7 4 6 5 
322 6 3 0 5 2 1 
323 0 5 3 6 1 
324 2 0 5 4 7 6 1 
325 3 4 5 7 1 6 0 
326 0 7 6 4 5 
327 7 2 3 0 4 5 
328 3 6 4 1 
329 2 3 1 
330 2 5 0 4 1 
331 4 5 7 1 
332 0 5 6 4 7 1 
333 0 2 3 7 4 5 
334 7 4 
335 4 3 1 
336 1 3 
337 2 3 1 5 0 
338 2 0 3 5 1 
339 6 4 7 5 1 
340 0 1 3 6 
341 4 3 1 
342 1 4 0 7 
343 0 3 2 5 1 
344 5 7 4 6 
345 4 5 0 1 
346 3 0 2 5 1 
347 0 7 6 5 1 
348 2 3 1 
349 4 1 6 0 5 
350 4 1 5 7 
351 5 6 3 0 4 
352 0 5 4 7 1 
353 5 6 3 0 4 
354 3 7 4 6 5 
355 0 5 3 2 7 6 
356 4 7 6 5 1 
357 7 4 6 5 
358 3 6 5 0 7 2 1 
359 7 3 2 0 6 4 5 
360 2 3 6 4 1 
361 3 4 5 1 
362 3 4 2 5 6 0 
363 7 1 6 4 0 
364 7 5 0 4 1 
365 5 7 0 1 
366 4 7 6 0 5 
367 7 6 3 0 4 5 
368 1 3 2 5 
369 1 3 
370 7 4 6 5 
371 6 2 0 3 1 
372 5 6 4 7 0 1 
373 5 1 3 6 0 
374 0 5 6 4 7 1 
375 2 5 4 7 1 
376 1 3 0 2 
377 7 0 3 2 1 
378 5 7 3 2 0 6 4 
379 0 3 2 1 
380 2 3 0 5 1 
381 1 2 3 0 7 4 5 
382 0 7 6 4 5 
383 4 3 6 1 
384 0 1 5 7 4 
385 1 0 7 2 3 5 
386 6 0 7 2 3 5 1 
387 1 7 6 4 3 
388 2 5 0 4 1 
389 3 2 0 1 
390 3 1 5 6 0 
391 7 4 0 5 1 
392 0 3 1 
393 2 6 4 5 7 1 
394 2 0 3 1 
395 4 6 7 5 1 
396 0 5 4 7 1 
397 0 1 5 6 
398 7 3 1 5 2 0 
399 4 3 1 
400 1 7 6 4 3 
401 2 0 3 5 1 
402 2 3 0 1 
403 6 0 5 7 1 
404 1 3 
405 4 2 0 3 1 
406 1 3 0 2 5 
407 0 2 7 1 5 
408 5 7 4 3 6 1 
409 4 0 7 1 
410 3 7 6 5 1 
411 3 6 0 5 7 1 
412 1 7 5 6 0 
413 4 5 0 1 
414 5 3 2 4 1 
415 5 7 0 1 
416 1 3 6 4 
417 5 4 7 1 6 0 
418 1 5 0 4 
419 2 1 5 7 4 
420 4 3 2 5 6 0 
421 7 6 3 0 4 5 
422 1 3 2 0 
423 7 6 0 5 1 
424 2 3 0 1 
425 0 7 6 5 
426 3 7 6 5 1 
427 6 7 5 4 1 
428 2 3 1 
429 5 1 3 6 0 
430 5 3 0 2 7 1 6 4 
431 7 4 0 1 
432 0 3 2 1 
433 1 3 0 5 2 
434 7 6 4 5 1 
435 6 2 3 5 7 0 1 
436 5 2 3 7 0 1 
437 5 7 6 4 
438 0 1 5 6 
439 1 7 3 2 0 6 4 5 
440 1 3 2 0 
441 7 4 5 3 6 1 
442 5 7 6 1 
443 3 0 5 2 1 
444 2 6 7 5 1 
445 1 4 5 7 6 0 
446 0 4 5 1 
447 4 7 0 6 2 3 5 1 
448 3 5 4 7 1 
449 3 5 6 1 
450 6 7 5 1 0 
451 1 6 0 5 7 
452 2 4 7 6 5 1 
453 3 7 5 1 6 0 
454 0 2 3 1 
455 7 3 0 5 2 1 
456 0 3 2 5 1 
457 2 4 7 0 6 3 5 1 
458 2 3 0 1 
459 4 0 5 7 6 1 
460 0 5 6 4 7 1 
461 0 4 5 1 
462 7 3 0 2 1 6 4 
463 4 1 5 6 0 
464 1 5 6 0 
465 2 6 3 0 4 5 
466 2 3 1 
467 6 3 2 1 
468 0 4 7 1 
469 4 5 6 7 0 1 
470 1 4 7 0 6 2 3 5 
471 0 5 4 7 1 
472 5 0 4 7 6 1 
473 4 7 6 5 0 
474 3 7 5 4 6 1 
475 1 5 7 4 
476 2 3 0 5 1 
477 4 7 6 5 0 
478 4 3 2 5 6 0 
479 5 0 4 1 
480 1 3 
481 5 7 6 0 
482 3 2 0 1 
483 2 3 0 7 1 6 4 
484 4 5 3 2 7 6 0 
485 7 3 6 4 1 
486 3 1 
487 7 5 1 6 0 
488 2 4 5 7 1 6 0 
489 3 7 6 4 
490 3 7 5 1 6 0 
491 7 3 4 2 5 6 0 
492 2 4 0 5 1 
493 5 0 7 2 3 1 
494 4 1 3 6 0 
495 7 4 0 1 
496 0 3 4 2 5 6 
497 1 6 0 4 5 
498 7 0 2 3 5 1 
499 6 5 0 4 1 
500 5 2 3 0 7 4 
501 5 7 1 6 0 
502 0 3 2 7 1 6 4 
503 2 4 7 0 6 3 5 1 
504 1 5 0 4 
505 7 6 3 5 0 2 1 
506 5 0 2 3 1 
507 3 0 7 2 5 1 
508 2 0 3 1 
509 1 7 4 6 5 
510 0 3 2 7 1 6 4 
511 4 3 0 2 7 1 6 
512 3 7 5 4 6 1 
513 3 4 5 1 
514 6 5 0 4 7 1 
515 1 4 0 7 
516 2 0 3 5 1 
517 3 7 6 0 5 
518 0 1 6 4 
519 7 6 4 3 1 
520 0 3 1 5 2 
521 2 5 0 4 1 
522 2 4 7 6 5 1 
523 4 0 7 2 3 5 1 
524 0 7 6 5 1 
525 2 3 5 7 0 1 
526 7 6 4 5 
527 4 7 5 1 6 0 
528 1 4 5 7 6 0 
529 2 3 0 5 1 
530 3 1 
531 6 7 5 1 
532 0 1 5 6 
533 4 1 5 7 
534 1 3 5 2 0 
535 0 7 6 5 
536 5 0 3 2 1 
537 4 7 
538 3 2 1 5 0 
539 1 3 0 2 
540 2 7 6 4 
541 4 0 2 3 5 1 
542 4 5 3 2 7 6 0 
543 5 4 0 1 
544 1 5 4 7 
545 5 0 4 1 
546 3 4 2 5 6 0 
547 2 4 0 5 1 
548 4 1 3 6 0 
549 7 5 0 4 1 
550 3 0 2 7 1 6 4 
551 7 3 4 2 5 6 0 
552 2 7 6 0 5 
553 3 4 0 7 1 
554 3 7 6 4 
555 7 3 1 
556 2 7 6 4 5 
557 5 4 7 1 6 0 
558 4 5 6 7 0 1 
559 7 3 2 0 6 4 5 
560 0 7 6 4 
561 1 5 0 4 
562 7 5 4 6 1 
563 6 0 5 4 7 1 
564 5 6 7 1 
565 5 1 3 6 0 
566 0 2 3 5 7 1 
567 2 7 4 
568 1 6 0 4 5 
569 7 6 0 5 
570 5 0 2 3 1 
571 3 2 0 1 
572 2 3 0 7 4 5 
573 1 3 4 2 5 6 0 
574 0 3 2 5 1 
575 4 7 
576 3 7 4 5 6 1 
577 3 7 6 5 1 
578 6 2 3 5 7 0 1 
579 1 6 0 4 5 
580 2 3 0 5 1 
581 3 4 7 6 5 1 
582 0 4 7 6 2 3 5 1 
583 7 3 1 
584 0 7 4 
585 2 4 7 0 6 3 5 1 
586 2 3 0 1 
587 4 7 5 3 6 1 
588 0 7 5 4 6 1 
589 0 2 3 5 7 1 
590 7 4 
591 4 6 7 5 1 
592 1 7 6 5 
593 2 3 1 
594 2 7 6 5 1 
595 6 3 4 2 5 0 
596 0 2 3 7 4 5 
597 4 3 6 1 
598 1 2 5 3 0 
599 0 5 7 1 
600 5 0 7 2 3 1 
601 4 7 
602 3 1 
603 1 7 4 6 5 
604 2 7 6 4 
605 4 5 7 0 1 
606 4 7 6 5 1 
607 5 3 2 1 
608 1 3 0 5 2 
609 5 3 0 2 1 
610 3 0 5 2 1 
611 2 7 6 5 1 
612 4 5 0 1 
613 7 5 6 4 0 1 
614 3 2 1 5 0 
615 7 4 6 5 1 
616 2 3 1 
617 3 0 2 5 1 
618 3 1 6 4 0 
619 7 5 3 2 6 0 
620 3 7 6 4 1 
621 5 6 0 7 1 
622 4 7 5 6 1 
623 7 5 1 6 0 
624 0 7 6 5 1 
625 1 5 3 2 4 
626 7 2 3 0 4 5 
627 6 4 7 5 1 
628 5 3 0 2 1 
629 5 6 0 7 1 
630 0 3 2 1 
631 2 3 1 
632 1 3 0 2 5 
633 7 6 0 5 1 
634 5 3 2 1 
635 3 7 4 
636 2 4 7 0 6 3 5 1 
637 1 7 6 5 0 
638 0 4 7 6 2 3 5 1 
639 4 7 6 5 0 
640 3 5 6 1 
641 3 0 2 1 
642 6 3 0 4 5 
643 1 6 3 5 0 7 2 
644 2 7 4 
645 3 6 0 5 7 1 
646 0 2 3 1 
647 7 5 0 4 1 
648 0 3 5 2 1 
649 2 3 5 1 
650 2 7 4 6 5 
651 4 3 2 5 1 
652 0 3 1 
653 0 7 6 5 
654 7 4 5 3 6 1 
655 4 0 7 2 3 5 1 
656 1 5 6 4 7 0 
657 2 5 3 4 1 
658 2 3 5 1 
659 6 0 5 4 7 1 
660 0 6 4 5 7 1 
661 4 7 3 2 0 6 5 
662 1 3 
663 0 7 2 3 5 1 
664 5 1 6 0 4 
665 4 7 5 6 1 
666 3 7 4 
667 1 3 2 
668 2 7 1 5 
669 4 1 5 7 
670 4 3 2 1 
671 5 3 1 
672 1 3 0 2 7 6 4 
673 5 3 2 0 1 
674 3 2 5 7 0 1 
675 3 4 0 5 1 
676 4 1 3 6 0 
677 7 4 6 5 
678 3 4 5 1 
679 7 1 6 4 0 
680 2 5 0 4 7 1 
681 3 7 4 6 5 
682 3 6 7 5 1 
683 7 6 5 0 
684 2 5 3 4 1 
685 5 1 6 0 4 
686 4 6 3 0 5 
687 7 5 0 1 
688 0 3 1 5 2 
689 1 0 2 3 5 
690 7 5 0 4 1 
691 6 1 3 0 
692 5 0 7 2 3 1 
693 5 4 7 6 1 
694 0 6 3 5 7 2 1 
695 2 3 1 
696 1 6 4 5 7 
697 7 4 6 5 
698 5 1 6 4 0 
699 3 4 7 0 6 2 5 1 
700 3 4 7 0 6 2 5 1 
701 1 6 4 0 
702 0 7 5 4 6 1 
703 4 5 0 1 
704 3 2 0 1 
705 3 0 5 2 1 
706 6 3 4 2 5 0 
707 1 5 3 6 
708 2 1 3 6 0 
709 3 7 6 4 5 
710 0 4 7 1 
711 7 3 1 
712 0 5 6 4 7 1 
713 2 7 4 6 5 
714 2 7 6 5 0 
715 4 3 6 1 
716 0 7 6 4 5 
717 2 3 1 5 0 
718 7 6 0 5 1 
719 4 6 7 5 1 
720 1 7 4 5 3 6 
721 2 6 7 5 1 
722 2 3 1 
723 6 3 1 
724 0 3 2 1 
725 4 3 1 
726 1 0 2 3 5 
727 0 5 7 1 
728 5 2 1 3 0 
729 5 7 4 6 1 
730 3 6 0 4 5 
731 1 4 5 7 6 0 
732 2 7 4 
733 4 7 6 5 1 
734 4 7 
735 5 2 3 7 0 1 
736 1 5 7 4 
737 5 0 2 3 1 
738 2 6 3 5 0 7 1 
739 2 1 5 3 0 
740 4 1 5 6 0 
741 7 3 0 2 5 1 
742 3 7 6 4 1 
743 7 4 6 5 
744 2 7 4 
745 3 6 7 5 1 
746 3 4 5 1 
747 7 0 2 3 5 1 
748 2 1 5 7 4 
749 5 3 0 2 1 
750 4 3 0 2 7 1 6 
751 7 2 1 5 3 0 
752 0 7 6 5 
753 1 2 7 5 
754 7 2 1 5 
755 6 3 4 1 
756 5 3 0 2 1 
757 5 2 1 3 0 
758 0 2 1 5 3 
759 3 7 6 5 1 
760 1 7 4 6 5 
761 7 3 4 2 5 6 0 
762 5 4 0 1 
763 3 6 5 0 7 2 1 
764 2 7 6 5 1 
765 1 7 5 4 6 
766 0 7 6 4 
767 4 7 6 5 
768 3 0 2 7 1 6 4 
769 3 5 0 4 1 
770 6 7 0 5 
771 1 6 3 5 0 7 2 
772 2 5 4 7 1 
773 3 2 0 1 
774 0 3 2 1 
775 7 3 1 5 2 0 
776 0 5 4 1 
777 2 5 0 4 7 1 
778 2 0 3 5 1 
779 4 0 5 1 
780 0 4 5 7 1 6 
781 0 7 4 6 5 
782 7 4 
783 4 7 6 5 
784 1 6 0 4 5 
785 2 1 5 6 0 
786 2 6 3 5 0 7 1 
787 6 7 4 3 1 
788 0 7 3 2 6 4 5 
789 4 5 3 2 1 
790 1 3 0 5 2 
791 0 1 6 4 
792 5 0 3 2 1 
793 4 5 7 1 
794 3 5 6 1 
795 1 4 5 3 
796 2 3 0 1 
797 4 1 3 6 0 
798 4 7 6 
799 5 7 6 0 
800 1 3 2 
801 5 3 2 1 
802 3 5 6 4 7 0 1 
803 2 3 0 7 4 5 
804 4 3 1 
805 7 5 6 4 0 1 
806 3 1 
807 7 6 4 5 1 
808 2 7 1 5 
809 3 1 
810 3 6 4 1 
811 7 0 2 3 5 1 
812 2 1 6 4 0 
813 5 2 3 0 7 4 
814 4 3 2 1 
815 7 3 2 1 
816 0 3 1 5 2 
817 1 7 4 6 5 
818 7 5 0 4 1 
819 6 7 4 
820 5 2 1 3 0 
821 5 0 4 1 
822 0 4 7 1 
823 2 6 3 5 0 7 1 
824 1 7 4 5 3 6 
825 7 3 1 
826 5 3 2 4 1 
827 3 7 6 0 5 
828 3 5 4 7 1 
829 1 3 2 5 
830 0 3 4 2 5 6 
831 4 1 6 0 5 
832 3 7 4 5 6 1 
833 3 4 2 5 6 0 
834 6 7 4 5 
835 1 7 6 4 
836 6 5 0 4 7 1 
837 3 7 5 1 6 0 
838 5 6 4 7 1 
839 6 7 5 4 1 
840 7 2 3 5 0 1 
841 5 7 4 6 
842 6 4 5 3 1 
843 4 0 3 2 1 
844 6 3 1 5 2 0 
845 4 7 6 5 1 
846 7 6 5 1 
847 5 7 6 0 
848 6 3 0 4 5 
849 6 0 5 7 1 
850 5 3 1 
851 6 2 0 3 1 
852 5 7 4 3 6 1 
853 4 5 3 2 7 6 0 
854 4 2 3 0 7 5 
855 5 3 1 2 0 
856 6 7 5 1 
857 4 2 0 3 1 
858 6 4 7 5 1 
859 5 3 2 1 
860 6 5 3 2 7 0 
861 6 1 5 0 
862 4 3 1 5 2 0 
863 6 0 5 7 1 
864 5 7 6 4 
865 5 3 2 4 1 
866 4 7 
867 7 6 5 1 
868 6 5 3 1 
869 7 6 3 5 0 2 1 
870 5 6 3 0 4 
871 7 5 4 6 1 
872 4 1 5 7 
873 6 7 4 5 
874 7 4 5 3 1 
875 7 0 3 2 1 
876 7 5 0 1 
877 6 3 0 4 5 
878 6 3 0 2 7 1 4 
879 7 2 3 0 4 5 
880 6 7 5 1 0 
881 6 3 0 2 7 1 4 
882 7 5 4 1 
883 6 3 4 2 5 0 
884 6 3 4 1 
885 6 2 7 1 5 
886 6 4 5 7 1 0 
887 6 2 3 5 7 0 1 
888 7 0 5 4 6 1 
889 7 2 3 5 0 1 
890 7 2 1 5 
891 6 3 0 5 2 1 
892 6 1 0 4 5 
893 6 2 3 0 7 4 5 
894 6 5 3 1 
895 4 3 0 5 2 1 
896 3 0 7 2 5 1 
897 3 0 2 5 1 
898 6 1 0 4 5 
899 0 1 5 7 4 
900 3 1 
901 3 5 2 4 1 
902 5 7 6 0 
903 7 4 0 5 1 
904 7 3 0 5 2 1 
905 3 4 2 5 6 0 
906 6 1 3 0 
907 4 6 5 7 1 
908 6 4 5 3 1 
909 0 5 7 1 
910 6 5 0 4 1 
911 6 0 5 7 1 
912 0 2 3 5 7 1 
913 1 4 7 6 5 
914 5 7 6 0 
915 6 4 5 7 1 0 
916 5 4 3 1 
917 4 3 0 5 2 1 
918 4 7 6 5 
919 0 2 3 1 
920 6 5 0 4 7 1 
921 4 3 2 1 
922 1 4 7 0 6 2 3 5 
923 1 6 4 0 
924 6 7 5 1 
925 6 5 0 4 7 1 
926 4 7 6 5 0 
927 6 7 5 1 
928 1 3 0 2 
929 6 7 5 1 0 
930 4 3 0 2 1 
931 0 4 7 6 2 3 5 1 
932 6 5 3 2 7 0 
933 7 6 3 0 4 5 
934 1 3 2 5 
935 7 1 3 6 0 
936 4 3 0 5 2 1 
937 0 1 6 4 
938 7 6 4 3 1 
939 6 0 3 2 1 
940 1 3 6 0 
941 6 3 4 1 
942 6 3 2 0 1 
943 6 2 7 1 5 
944 1 7 6 4 3 
945 1 6 4 5 7 
946 6 3 5 0 7 2 1 
947 6 1 5 7 4 
948 6 5 3 1 
949 6 7 4 5 
950 0 6 7 5 1 
951 1 3 6 0 
952 1 4 7 0 6 2 3 5 
953 6 5 0 4 1 
954 5 3 6 1 
955 0 6 7 5 1 
956 1 0 3 2 
957 6 7 4 5 
958 6 3 0 2 1 
959 5 6 4 7 1 
960 0 7 5 1 6 
961 1 3 
962 6 1 3 0 
963 1 7 6 5 
964 1 5 0 4 
965 3 7 5 4 6 1 
966 6 7 4 5 
967 6 7 3 2 0 4 5 
968 6 5 4 7 0 1 
969 5 7 4 6 
970 6 7 3 2 0 4 5 
971 4 3 6 1 
972 6 5 0 4 7 1 
973 4 2 1 5 3 0 
974 6 3 0 5 2 1 
975 6 0 5 4 7 1 
976 6 0 5 4 7 1 
977 6 7 3 2 0 4 5 
978 5 7 6 4 
979 6 5 3 1 
980 5 3 2 4 1 
981 5 3 0 2 1 
982 5 0 4 1 
983 5 3 0 2 1 
984 6 5 4 7 1 
985 5 3 2 1 
986 6 3 0 2 1 
987 5 6 3 0 7 2 1 
988 6 7 3 2 0 4 5 
989 5 3 1 
990 5 7 1 6 0 
991 5 7 0 1 
992 5 3 1 
993 5 7 6 4 3 1 
994 5 6 7 1 
995 6 5 0 4 1 
996 5 7 6 0 
997 7 3 1 
998 5 6 4 7 0 1 
999 7 3 0 2 1 6 4 
1000 4 5 0 1 
1001 6 4 0 5 1 
1002 7 3 2 1 
1003 6 4 5 7 1 
1004 7 2 1 5 3 0 
1005 5 7 6 1 
1006 5 3 2 4 1 
1007 6 3 4 2 5 0 
1008 6 5 4 7 0 1 
1009 6 1 0 4 5 
1010 6 0 5 7 1 
1011 6 3 0 2 5 1 
1012 5 4 7 1 6 0 
1013 5 3 6 1 
1014 6 0 3 2 1 
1015 6 5 4 7 1 
1016 7 4 
1017 6 7 4 5 
1018 5 3 1 2 0 
1019 6 0 3 2 1 
1020 6 7 4 5 3 1 
1021 6 4 7 5 1 
1022 6 7 4 5 3 1 
1023 5 7 6 1 
