0 2 4 5 6 7 
1 0 7 1 
2 3 1 2 4 7 5 
3 2 7 1 6 0 
4 2 0 5 7 
5 2 1 7 6 5 4 
6 2 6 4 1 7 0 
7 0 2 1 3 6 7 
8 0 5 4 6 7 
9 3 4 1 7 5 0 
10 0 7 6 1 
11 1 7 0 5 6 4 
12 4 2 0 5 3 7 
13 7 5 1 0 
14 5 2 0 
15 1 4 2 3 5 7 0 
16 6 1 2 3 4 0 
17 1 2 3 0 
18 5 4 2 1 0 
19 3 2 7 0 
20 3 1 2 4 7 5 
21 3 1 0 
22 1 4 7 5 0 
23 1 4 0 
24 2 3 5 6 4 0 
25 3 7 6 1 0 
26 0 4 2 3 5 7 
27 3 7 4 1 0 
28 1 4 2 3 5 7 0 
29 7 0 5 6 4 1 
30 3 5 7 1 0 
31 6 3 5 2 4 0 
32 3 4 0 
33 0 2 3 4 
34 4 5 0 6 
35 2 3 1 0 
36 2 4 5 7 
37 7 2 4 0 5 3 
38 6 2 1 3 5 7 
39 0 2 3 
40 0 7 4 1 
41 3 4 5 2 7 0 
42 7 2 3 1 
43 1 0 6 4 5 7 
44 4 6 7 
45 7 1 0 
46 5 7 6 0 
47 1 0 
48 6 2 3 0 7 
49 1 0 2 5 7 
50 5 1 0 6 4 7 
51 7 2 0 3 6 
52 4 1 5 7 6 0 
53 3 7 1 6 0 
54 1 7 2 6 5 4 
55 7 1 2 3 4 0 
56 2 4 3 7 5 0 
57 5 3 2 6 4 0 
58 0 4 5 3 2 7 
59 5 2 3 0 
60 1 6 7 
61 7 0 2 4 5 
62 3 5 4 0 6 
63 6 7 0 5 4 1 
64 4 5 7 1 0 6 
65 0 4 2 3 5 7 
66 4 2 3 1 0 
67 2 5 7 1 4 0 6 
68 2 7 6 0 
69 7 4 0 
70 6 5 4 0 
71 0 2 3 1 
72 0 4 1 7 5 
73 3 2 0 6 7 
74 7 4 1 5 0 
75 1 4 0 
76 4 7 0 5 6 1 
77 7 1 5 4 6 0 
78 5 4 6 7 
79 1 2 3 0 
80 6 3 2 0 
81 1 0 6 7 
82 5 1 2 3 4 0 
83 7 2 4 0 
84 4 2 1 0 5 
85 3 0 4 2 5 7 
86 1 4 0 
87 7 2 4 0 5 3 
88 2 7 1 6 0 
89 5 7 6 2 3 1 
90 0 7 1 6 
91 5 2 0 
92 1 2 3 4 0 
93 7 1 3 4 5 
94 3 2 6 0 7 
95 6 2 1 3 5 7 
96 4 7 1 6 0 
97 0 3 2 
98 4 0 2 5 
99 2 1 3 4 7 5 
100 2 1 0 6 7 
101 7 2 4 3 5 0 
102 6 2 1 3 7 0 
103 0 1 
104 0 1 7 3 4 5 
105 3 7 4 1 0 
106 7 2 1 3 6 0 
107 1 2 3 4 0 
108 4 7 2 6 3 1 
109 7 2 4 0 
110 5 4 1 7 0 
111 1 7 4 0 5 3 2 6 
112 6 7 2 5 3 1 
113 1 5 4 7 6 0 
114 5 7 0 6 4 1 
115 7 6 5 0 
116 4 7 6 5 0 
117 3 5 4 0 6 
118 1 0 4 2 3 5 7 
119 7 1 0 
120 2 3 1 0 
121 5 7 2 6 3 1 
122 0 2 3 7 4 
123 5 7 0 6 4 1 
124 1 4 5 0 2 7 
125 7 1 2 3 4 0 
126 3 4 5 2 7 0 
127 6 2 1 3 7 0 
128 4 1 2 0 3 7 
129 0 5 7 1 4 6 
130 4 2 6 3 0 7 
131 2 3 7 1 
132 2 7 6 4 5 0 
133 7 6 2 5 3 1 
134 6 2 4 3 7 5 0 
135 0 4 5 7 
136 0 5 4 
137 3 4 2 1 0 5 
138 7 3 5 2 6 4 0 
139 1 5 4 2 0 7 
140 4 7 1 0 
141 7 1 2 3 4 5 
142 5 2 6 3 0 7 
143 1 7 0 
144 6 0 2 4 5 
145 0 2 6 3 7 
146 5 4 2 3 7 0 
147 7 6 5 0 
148 4 3 2 0 
149 3 1 0 6 7 
150 1 4 2 0 5 
151 7 1 0 
152 2 7 6 4 5 0 
153 5 2 3 7 4 0 
154 0 1 2 3 7 
155 5 1 4 7 6 0 
156 1 7 2 6 3 
157 7 4 2 3 5 0 
158 3 4 1 7 5 0 
159 6 4 5 0 2 7 
160 4 6 1 7 0 
161 0 7 1 
162 4 5 3 1 0 
163 2 4 0 5 3 7 
164 2 1 0 3 7 
165 7 5 4 
166 6 1 0 4 5 7 
167 0 5 7 1 
168 0 2 6 3 7 
169 3 2 6 0 7 
170 7 2 3 0 
171 1 2 4 0 5 3 7 
172 4 1 2 3 0 
173 7 6 
174 5 1 7 3 4 
175 0 1 
176 6 4 1 7 0 
177 1 7 6 0 
178 5 2 1 3 6 7 
179 7 6 2 5 3 1 
180 4 7 6 2 5 3 1 
181 2 5 4 1 0 
182 1 7 6 5 0 
183 7 1 3 4 5 
184 2 1 3 4 7 5 
185 5 2 3 7 1 
186 0 7 6 1 
187 5 4 1 7 0 
188 1 2 3 7 0 
189 7 6 
190 3 1 7 2 6 5 4 
191 6 7 2 5 3 1 
192 4 5 3 1 0 
193 0 7 6 4 5 
194 4 7 6 5 0 
195 2 1 0 6 7 
196 2 3 0 
197 7 4 2 3 5 0 
198 6 2 3 0 7 
199 0 4 1 7 5 
200 0 2 5 7 
201 3 5 4 1 0 
202 6 4 1 7 0 
203 1 7 6 2 5 3 
204 4 1 0 
205 7 2 3 1 0 
206 5 2 6 3 0 7 
207 1 0 
208 6 2 3 7 1 
209 1 5 4 0 6 
210 5 1 0 6 4 7 
211 7 1 0 
212 4 7 6 2 5 3 1 
213 3 1 0 
214 1 5 7 4 0 6 
215 7 2 4 0 5 3 
216 2 1 0 
217 5 2 4 3 7 0 
218 0 2 3 7 1 
219 4 7 0 1 
220 1 5 4 3 0 
221 7 4 5 6 
222 3 7 6 2 5 1 
223 6 5 4 7 
224 4 5 7 
225 0 7 6 
226 4 2 1 0 5 
227 2 4 5 6 7 
228 2 5 4 
229 7 0 4 2 3 5 
230 4 5 1 0 
231 0 6 7 
232 0 6 7 
233 3 6 7 
234 7 4 5 
235 1 4 5 0 2 7 
236 4 5 7 1 0 6 
237 7 5 4 3 1 0 
238 5 2 1 3 6 7 
239 1 7 6 0 
240 5 0 4 2 3 7 
241 1 2 3 6 7 0 
242 5 7 1 4 0 6 
243 6 7 0 
244 4 7 6 5 0 
245 3 1 5 4 7 6 0 
246 1 5 4 2 0 7 
247 7 2 3 0 
248 2 1 3 6 7 0 
249 5 6 7 
250 0 1 7 3 4 5 
251 5 7 6 0 
252 1 5 4 0 6 
253 7 0 2 5 
254 3 5 7 1 0 
255 6 4 5 3 2 7 0 
256 4 7 6 5 0 
257 0 3 5 2 6 4 
258 4 2 6 3 0 7 
259 2 3 7 4 0 
260 2 1 3 6 7 0 
261 7 4 2 3 5 0 
262 6 1 7 3 4 5 
263 0 2 3 7 4 
264 0 2 5 7 
265 3 1 2 0 7 
266 7 6 1 0 
267 1 4 5 0 2 7 
268 4 1 2 3 7 5 
269 7 1 3 4 5 
270 5 2 0 
271 1 0 2 3 7 
272 6 2 0 3 7 
273 1 0 6 7 
274 5 4 7 
275 7 5 4 1 0 
276 4 5 7 1 0 6 
277 3 4 2 5 7 0 
278 0 5 4 2 7 
279 7 4 1 0 
280 2 7 0 1 
281 5 3 2 0 
282 3 0 2 5 7 
283 5 4 0 2 7 
284 1 7 6 0 
285 6 4 5 3 2 7 0 
286 3 7 1 6 0 
287 6 2 3 0 7 
288 4 5 7 1 0 6 
289 0 4 
290 4 1 2 3 0 
291 2 1 0 6 7 
292 2 7 6 5 0 
293 6 7 4 1 0 
294 6 0 4 2 3 5 7 
295 0 1 5 4 7 6 
296 0 1 7 3 4 5 
297 3 2 7 0 
298 7 2 0 3 6 
299 1 2 3 7 0 
300 4 5 
301 7 2 4 0 
302 5 1 7 3 4 
303 1 7 6 2 5 3 
304 6 4 5 3 2 7 0 
305 1 6 7 
306 5 1 4 7 6 0 
307 7 4 5 0 2 
308 4 7 0 5 3 2 6 
309 3 2 4 0 
310 1 2 3 0 
311 7 3 2 0 
312 2 7 6 0 
313 5 1 0 
314 0 1 
315 5 2 1 3 6 7 0 
316 1 7 2 6 3 
317 7 6 
318 3 2 0 
319 6 7 1 0 
320 4 2 0 
321 0 7 1 6 
322 4 6 1 7 0 
323 2 5 4 0 6 
324 2 4 5 6 7 
325 7 1 4 0 
326 6 7 
327 0 1 4 
328 0 2 3 7 4 
329 3 7 6 2 5 1 
330 7 4 5 
331 1 0 6 7 
332 4 2 3 7 0 
333 7 4 0 
334 5 2 0 
335 1 6 7 
336 6 4 1 7 0 
337 1 6 4 7 0 
338 5 2 1 3 6 7 
339 7 1 0 
340 5 6 7 
341 3 1 0 6 4 5 7 
342 1 6 7 
343 7 2 3 1 
344 2 4 0 
345 5 0 2 7 
346 0 5 4 3 1 
347 5 1 2 3 4 7 
348 1 5 4 0 6 
349 7 4 5 6 
350 3 2 7 1 
351 6 7 0 1 
352 4 5 3 2 7 0 
353 0 2 3 4 
354 5 1 2 0 3 7 
355 3 1 7 2 6 5 4 
356 2 4 5 3 7 0 
357 5 4 0 6 
358 6 2 3 7 0 
359 0 7 2 6 3 1 
360 0 5 7 1 4 6 
361 3 6 7 
362 4 7 6 2 5 3 1 
363 0 2 3 1 
364 4 7 0 5 3 2 6 
365 6 5 4 7 
366 5 2 0 3 6 7 
367 1 5 4 3 0 
368 6 4 5 7 
369 1 5 4 6 7 
370 5 7 6 1 0 
371 7 1 6 0 
372 4 7 0 5 3 2 6 
373 3 7 0 5 6 4 1 
374 1 7 4 0 
375 7 3 2 0 
376 2 1 0 6 7 
377 5 2 3 4 0 
378 0 5 4 6 7 
379 5 1 0 6 7 
380 0 1 
381 7 2 1 3 5 6 
382 3 7 6 5 0 
383 6 7 4 1 0 
384 5 4 2 0 7 
385 0 7 4 5 3 2 6 
386 4 0 2 1 3 7 
387 2 0 1 3 7 
388 2 1 5 4 7 6 0 
389 7 2 3 0 
390 6 1 0 7 
391 0 7 2 6 3 1 
392 0 4 5 2 7 
393 3 2 7 4 0 
394 7 2 6 3 0 
395 1 4 5 6 7 
396 4 7 6 2 5 3 1 
397 7 1 0 
398 5 4 2 1 0 
399 1 0 2 4 5 
400 6 2 3 7 0 
401 1 2 3 7 
402 5 2 6 3 0 7 
403 4 1 7 5 0 
404 4 2 6 3 0 7 
405 3 4 2 5 7 0 
406 1 4 0 
407 4 7 1 6 0 
408 2 3 7 0 
409 4 3 7 0 
410 0 2 3 
411 5 2 6 3 0 7 
412 1 4 5 7 
413 7 2 3 1 
414 3 7 6 1 0 
415 6 2 4 3 7 5 0 
416 4 5 3 2 7 0 
417 0 5 4 1 
418 4 5 6 7 
419 2 4 1 0 5 
420 2 0 3 6 7 
421 7 0 4 2 3 5 
422 6 4 1 7 5 0 
423 0 1 2 3 4 
424 0 2 3 7 4 
425 3 7 6 5 0 
426 7 6 4 5 0 
427 1 6 4 7 0 
428 4 1 7 2 6 5 
429 7 5 2 0 
430 5 3 7 0 
431 1 0 2 3 7 
432 6 5 4 0 
433 1 4 2 3 5 7 0 
434 5 2 3 4 0 
435 7 2 4 0 5 3 
436 4 7 6 5 0 
437 3 7 0 
438 1 2 3 0 
439 7 2 4 0 
440 2 6 4 1 7 0 
441 5 4 2 3 7 0 
442 0 7 6 4 5 
443 5 4 6 7 
444 1 4 2 0 5 
445 7 6 5 0 
446 3 1 4 0 
447 6 1 0 7 
448 4 2 1 3 5 6 7 
449 0 4 2 1 5 
450 4 5 2 0 7 
451 2 4 5 7 
452 2 5 0 
453 7 1 0 6 
454 6 5 4 
455 0 6 4 1 7 
456 0 5 4 3 1 
457 3 5 7 1 0 
458 7 6 4 1 0 
459 1 2 3 4 0 
460 4 1 5 7 6 0 
461 7 2 3 0 
462 5 3 7 0 
463 1 7 6 2 5 3 
464 6 1 2 0 3 7 
465 1 2 3 7 
466 5 7 2 6 3 1 
467 7 3 0 
468 4 0 2 5 
469 3 7 0 
470 1 6 7 
471 7 0 2 4 5 
472 2 6 3 0 7 
473 5 4 7 
474 0 5 4 6 
475 5 4 2 1 0 
476 1 5 4 2 0 7 
477 7 4 5 0 2 
478 3 7 6 5 0 
479 6 5 7 1 0 
480 4 5 2 0 7 
481 0 5 4 6 
482 4 5 3 2 7 0 
483 2 4 5 7 
484 2 1 0 3 7 
485 7 1 6 0 
486 6 1 7 2 5 4 
487 0 1 4 
488 0 4 2 3 5 7 
489 3 2 4 0 5 7 
490 7 4 1 5 0 
491 1 5 2 0 
492 4 1 0 6 5 7 
493 7 5 4 3 1 0 
494 5 7 6 1 0 
495 1 2 3 4 7 5 
496 6 7 
497 1 5 2 0 
498 5 1 0 6 4 7 
499 7 5 4 2 0 
500 4 3 2 0 
501 3 5 4 1 0 
502 1 4 0 
503 6 0 2 4 5 
504 2 6 7 
505 5 1 2 3 4 0 
506 0 5 7 1 4 6 
507 5 3 2 6 4 0 
508 1 5 4 0 6 
509 7 1 0 
510 3 7 0 1 
511 6 5 7 1 0 
512 4 1 0 
513 0 4 2 3 5 7 
514 4 2 1 3 6 7 0 
515 2 7 6 3 1 
516 2 1 7 3 4 5 
517 7 0 1 
518 6 7 4 1 0 
519 0 4 
520 0 4 2 3 5 7 
521 3 1 7 2 6 5 4 
522 7 1 0 6 4 5 
523 1 7 4 0 
524 4 3 7 0 
525 7 1 0 6 
526 5 3 2 6 4 0 
527 1 0 
528 6 2 4 0 
529 1 0 
530 5 1 2 0 3 7 
531 7 6 5 0 
532 4 1 0 6 7 
533 3 0 2 5 7 
534 1 4 2 0 5 
535 7 0 1 
536 2 3 7 0 
537 5 1 0 6 4 7 
538 0 7 1 
539 5 1 2 3 4 7 
540 1 5 4 
541 7 2 3 4 0 
542 3 7 0 
543 6 2 3 0 7 
544 4 7 2 6 3 1 
545 0 1 2 3 4 
546 4 2 3 5 7 0 
547 2 5 4 3 1 0 
548 2 7 0 5 6 4 1 
549 7 2 4 0 5 3 
550 6 4 5 7 
551 0 1 6 7 
552 0 6 7 
553 3 0 2 4 5 
554 7 1 0 6 
555 1 5 2 0 
556 4 2 0 
557 7 0 2 4 5 
558 5 7 1 0 
559 1 4 5 7 
560 6 3 5 2 4 0 
561 1 7 6 0 
562 5 2 1 3 6 7 0 
563 7 2 3 1 
564 4 2 3 7 0 
565 3 2 4 7 5 0 
566 1 2 3 7 4 0 
567 7 2 0 3 6 
568 2 1 0 6 7 
569 5 4 3 1 0 
570 0 6 7 
571 5 2 6 3 0 7 
572 1 7 2 6 5 4 
573 7 2 4 0 
574 3 4 5 0 2 7 
575 6 5 4 7 
576 4 2 3 1 0 
577 0 2 3 
578 4 5 2 0 7 
579 2 0 3 6 7 
580 2 7 4 0 5 3 6 
581 7 2 1 3 5 6 
582 6 7 0 
583 0 4 5 3 2 7 
584 0 2 3 7 
585 3 7 0 5 6 4 1 
586 7 6 4 1 0 
587 1 2 0 3 6 7 
588 4 5 1 0 
589 7 4 2 1 0 5 
590 5 7 1 0 
591 1 7 2 6 3 
592 6 7 4 5 0 
593 1 3 7 0 
594 5 0 4 2 3 7 
595 7 1 0 6 4 5 
596 4 1 0 6 7 
597 3 5 2 0 
598 1 2 4 3 7 5 0 
599 7 1 3 4 5 
600 2 7 6 1 0 
601 5 3 2 6 4 0 
602 0 2 6 3 7 
603 5 4 7 
604 1 5 4 2 0 7 
605 7 3 2 0 
606 3 1 2 4 7 5 
607 6 1 0 
608 4 1 7 2 6 5 
609 0 2 4 3 7 5 
610 4 2 1 3 5 6 7 
611 2 0 1 3 7 
612 2 1 3 4 0 
613 7 2 0 3 6 
614 6 7 0 5 4 1 
615 0 2 1 3 6 7 
616 0 2 3 4 
617 3 7 6 1 0 
618 7 4 0 
619 1 0 2 3 7 
620 4 1 2 3 0 
621 7 6 5 0 
622 5 4 2 1 0 
623 1 5 4 0 
624 6 2 4 0 
625 1 2 6 3 0 7 
626 5 3 7 0 
627 7 4 1 5 0 
628 4 5 6 7 
629 3 2 1 5 6 7 
630 1 7 4 0 5 3 2 6 
631 7 2 6 3 0 
632 2 0 5 7 
633 5 6 7 
634 0 5 4 2 7 
635 5 7 6 2 3 1 
636 1 2 3 0 
637 7 2 6 3 0 
638 3 4 2 1 0 5 
639 6 7 4 5 0 
640 4 7 6 0 
641 0 4 5 2 7 
642 4 2 3 1 0 
643 2 5 4 1 0 
644 2 5 0 
645 7 4 5 
646 6 1 2 3 4 7 5 
647 0 1 6 7 
648 0 7 6 1 
649 3 2 7 1 
650 7 4 0 
651 1 7 0 5 6 4 
652 4 1 0 
653 7 0 2 1 3 
654 5 2 1 3 6 7 
655 1 7 6 0 
656 6 2 4 0 
657 1 0 6 7 
658 5 2 0 
659 7 1 0 6 4 5 
660 4 2 0 3 6 7 
661 3 4 5 6 7 
662 1 7 6 0 
663 7 2 3 0 
664 2 5 4 0 6 
665 5 1 2 3 4 7 
666 0 1 6 4 5 7 
667 5 4 2 0 7 
668 1 4 0 
669 7 2 4 0 
670 3 2 1 5 6 7 
671 6 0 2 4 5 
672 4 3 5 2 6 0 
673 0 5 4 6 
674 4 2 0 
675 2 6 3 0 7 
676 2 1 5 4 7 6 0 
677 7 3 5 2 6 4 0 
678 6 3 2 0 
679 0 4 5 2 7 
680 0 2 5 7 
681 3 1 7 2 6 5 4 
682 7 1 0 6 
683 1 5 4 0 
684 4 5 6 7 
685 7 1 4 0 
686 5 1 0 6 7 
687 1 2 3 4 7 5 
688 6 4 0 
689 1 7 4 0 5 3 2 6 
690 5 1 4 7 6 0 
691 7 0 2 4 5 
692 4 0 2 5 
693 3 2 6 0 7 
694 1 2 3 0 
695 7 2 6 3 0 
696 2 7 4 0 5 3 6 
697 5 7 2 6 3 1 
698 0 4 2 1 5 
699 5 2 4 0 3 7 
700 1 4 5 6 7 
701 7 2 3 0 
702 3 2 4 7 5 0 
703 6 1 2 3 4 7 5 
704 4 3 7 0 
705 0 5 4 
706 4 2 0 
707 2 3 7 4 0 
708 2 5 4 6 7 
709 7 2 4 3 5 0 
710 6 1 0 4 5 7 
711 0 1 6 7 
712 0 5 4 
713 3 5 4 
714 7 5 1 0 
715 1 7 6 0 
716 4 2 3 7 1 
717 7 4 1 0 
718 5 4 0 2 7 
719 1 2 3 6 7 0 
720 6 2 3 7 0 
721 1 2 3 4 0 
722 5 2 1 3 6 7 
723 7 0 5 6 4 1 
724 4 1 0 6 7 
725 3 1 2 0 7 
726 1 4 0 
727 7 2 0 3 6 
728 2 1 0 3 7 
729 5 2 4 0 3 7 
730 0 5 4 2 7 
731 5 2 6 3 0 7 
732 1 7 4 0 
733 7 1 2 0 3 
734 3 2 7 1 
735 6 1 5 4 7 0 
736 4 7 6 1 0 
737 0 7 4 1 
738 4 1 2 3 0 
739 2 7 6 5 0 
740 2 4 5 3 7 0 
741 7 3 2 0 
742 6 2 3 7 4 0 
743 0 2 4 3 7 5 
744 0 5 4 6 7 
745 3 1 7 4 5 
746 7 2 0 3 6 
747 1 4 5 3 2 7 0 
748 4 6 1 7 0 
749 7 0 4 2 3 5 
750 5 2 3 4 0 
751 1 6 7 
752 6 1 2 3 4 7 5 
753 1 7 6 0 
754 5 1 4 7 6 0 
755 7 2 3 4 0 
756 4 2 3 7 0 
757 3 1 7 4 5 
758 1 2 3 6 7 0 
759 6 7 
760 2 0 1 3 7 
761 5 0 2 7 
762 0 3 2 
763 5 6 7 
764 1 0 4 2 3 5 7 
765 6 1 2 0 3 7 
766 3 7 0 1 
767 6 7 4 5 0 
768 4 6 7 
769 0 4 1 7 5 
770 4 2 6 3 0 7 
771 2 0 4 3 5 7 
772 2 5 4 6 7 
773 6 4 5 7 
774 6 2 3 7 0 
775 0 7 6 5 
776 0 3 2 
777 3 2 1 0 
778 6 1 0 
779 1 2 4 3 7 5 0 
780 4 5 6 7 
781 6 5 7 1 0 
782 5 2 4 0 3 7 
783 1 7 3 4 5 
784 6 2 4 0 5 3 7 
785 1 5 4 6 7 
786 5 3 2 0 
787 6 7 2 3 1 
788 4 5 3 1 0 
789 3 4 5 0 2 7 
790 1 0 6 7 
791 6 7 
792 2 3 5 6 4 0 
793 5 6 7 
794 0 7 1 6 
795 5 7 6 0 
796 1 7 6 0 
797 6 5 7 1 4 0 
798 3 7 4 1 0 
799 6 2 4 0 
800 4 7 6 2 5 3 1 
801 0 6 7 
802 4 0 2 5 7 
803 2 1 5 4 7 6 0 
804 2 5 4 0 6 
805 6 1 0 7 
806 6 4 5 3 2 7 0 
807 0 2 3 7 1 
808 0 2 3 7 
809 3 2 0 6 7 
810 6 2 3 4 0 
811 1 7 2 6 5 4 
812 4 7 0 1 
813 6 7 4 5 0 
814 5 7 4 0 3 2 6 
815 1 0 2 5 7 
816 6 5 4 
817 1 4 7 5 0 
818 5 7 4 0 3 2 6 
819 6 1 0 7 
820 4 5 2 0 7 
821 3 2 4 0 
822 1 5 4 7 6 0 
823 6 1 0 4 5 7 
824 2 0 4 3 5 7 
825 5 0 2 4 
826 0 4 
827 5 2 3 7 0 
828 1 7 6 0 
829 6 4 1 7 0 
830 3 4 5 7 
831 6 0 2 1 3 7 
832 4 1 7 3 5 
833 0 5 2 
834 4 7 0 5 6 1 
835 2 0 3 6 7 
836 2 4 1 7 5 0 
837 6 2 3 0 7 
838 6 0 2 5 7 
839 0 7 5 6 4 1 
840 0 2 1 3 7 
841 3 5 4 1 0 
842 6 7 0 1 
843 0 5 4 1 
844 4 5 6 7 
845 6 0 2 1 3 7 
846 5 0 4 2 3 7 
847 0 5 4 2 7 
848 6 5 4 7 
849 0 2 6 3 7 
850 5 7 1 0 
851 6 0 2 1 3 7 
852 4 7 2 6 3 1 
853 3 1 2 4 7 5 
854 0 1 
855 6 5 7 1 4 0 
856 2 3 5 6 4 0 
857 5 7 6 0 
858 0 3 7 
859 5 4 0 2 7 
860 0 4 
861 6 2 4 3 7 5 0 
862 3 7 2 6 1 
863 6 7 4 5 0 
864 4 5 
865 0 4 5 2 7 
866 4 3 2 0 
867 2 7 6 1 0 
868 2 1 0 
869 6 3 7 0 
870 6 7 5 0 
871 0 5 7 1 4 6 
872 0 7 5 6 4 1 
873 3 5 2 6 4 0 
874 6 4 1 7 0 
875 0 2 6 3 7 
876 4 1 5 7 6 0 
877 6 7 4 0 5 3 2 
878 5 4 6 7 
879 0 5 4 6 7 
880 6 4 0 
881 0 2 3 7 4 
882 5 2 4 3 7 0 
883 6 5 7 1 0 
884 4 2 3 1 0 
885 3 2 7 0 
886 0 5 7 1 4 6 
887 6 4 2 3 5 7 0 
888 2 1 3 6 7 0 
889 5 2 3 7 0 
890 3 2 4 0 
891 5 0 2 7 
892 3 1 7 2 6 5 4 
893 6 1 0 7 
894 3 5 4 
895 6 1 0 
896 4 2 1 3 6 7 0 
897 2 0 3 6 7 
898 4 2 0 5 3 7 
899 2 1 0 
900 2 3 7 0 
901 6 5 4 
902 6 1 0 4 5 7 
903 2 7 4 1 0 
904 2 6 7 
905 3 2 4 0 
906 6 1 7 2 5 4 
907 2 6 7 
908 4 2 3 0 
909 6 7 0 
910 5 7 6 4 0 
911 3 1 0 
912 6 2 3 7 4 0 
913 3 2 4 0 5 7 
914 5 2 6 3 0 7 
915 6 7 4 1 0 
916 4 7 0 5 3 2 6 
917 3 5 4 
918 2 7 6 0 
919 6 4 0 
920 2 1 7 6 5 4 
921 5 4 3 2 7 0 
922 3 1 2 0 7 
923 5 7 0 1 
924 3 4 0 
925 6 3 5 2 4 0 
926 3 5 7 1 4 0 6 
927 6 7 0 
928 4 5 2 0 
929 2 1 3 4 0 
930 4 5 6 7 
931 2 7 6 3 1 
932 2 1 4 0 
933 6 5 4 2 0 7 
934 6 2 3 7 1 
935 2 1 0 6 4 5 7 
936 2 3 0 
937 2 3 7 0 
938 0 5 4 3 1 
939 2 1 0 6 7 
940 5 7 6 4 0 
941 6 0 2 4 5 
942 5 2 0 
943 3 7 0 1 
944 6 1 0 
945 3 4 5 2 7 0 
946 5 1 7 3 4 
947 3 2 6 0 7 
948 2 0 1 3 7 
949 3 2 0 
950 2 7 4 0 5 3 6 
951 1 4 7 5 0 
952 2 1 0 3 7 
953 2 5 4 1 0 
954 3 5 2 6 4 0 
955 3 5 7 1 0 
956 3 2 1 0 
957 6 1 0 7 
958 3 0 2 1 7 
959 6 7 2 3 1 
960 3 2 4 7 5 0 
961 3 7 1 6 0 
962 3 2 1 6 7 0 
963 2 1 4 0 
964 2 5 4 3 1 0 
965 2 1 7 6 5 4 
966 2 3 4 0 
967 2 7 6 1 0 
968 2 0 1 3 7 
969 3 2 4 0 
970 0 5 7 1 
971 2 5 4 1 0 
972 4 2 0 5 3 7 
973 4 5 1 0 
974 4 5 1 0 
975 3 5 4 
976 4 5 
977 3 5 2 0 
978 4 1 0 6 7 
979 4 6 7 
980 4 1 0 
981 3 2 0 
982 2 4 0 
983 4 5 3 1 0 
984 2 5 4 1 0 
985 5 1 0 
986 2 1 0 6 7 
987 5 2 1 3 6 7 
988 3 5 4 6 7 
989 4 1 2 3 0 
990 2 1 4 0 
991 5 4 1 0 
992 3 4 2 5 7 0 
993 2 1 4 0 
994 3 7 0 
995 2 4 1 0 5 
996 2 7 4 0 5 3 6 
997 2 3 7 4 0 
998 2 0 4 5 
999 2 6 4 1 7 0 
1000 2 7 0 5 6 4 1 
1001 3 0 4 2 5 7 
1002 0 2 4 5 
1003 2 6 7 
1004 4 2 3 7 5 0 
1005 5 7 0 1 
1006 5 4 6 7 
1007 3 1 0 
1008 5 7 1 4 0 6 
1009 3 2 1 5 6 7 
1010 5 1 7 2 6 4 
1011 2 0 5 7 
1012 3 1 2 0 7 
1013 3 7 4 0 5 2 6 
1014 2 1 0 
1015 1 2 3 5 6 7 
1016 2 4 5 0 7 
1017 3 2 1 0 
1018 3 5 7 1 0 
1019 3 1 2 0 7 
1020 3 0 2 1 7 
1021 5 7 6 4 0 
1022 3 0 4 2 5 7 
1023 4 2 3 0 
