0 1 6 4 7 5 
1 1 0 3 5 4 7 
2 1 0 4 3 5 
3 2 3 7 6 0 4 
4 6 3 0 4 5 
5 7 1 3 6 0 5 4 
6 1 6 5 4 7 
7 5 3 7 6 0 
8 0 4 2 3 5 7 
9 3 0 5 4 
10 4 3 6 2 7 
11 6 0 3 4 5 
12 3 4 7 6 5 
13 7 3 1 0 5 4 
14 0 4 3 5 
15 3 7 0 1 6 4 5 
16 6 0 7 3 4 5 
17 2 0 4 1 3 5 
18 6 2 0 1 3 4 
19 5 4 7 3 
20 1 0 4 3 5 
21 4 0 3 2 7 
22 2 7 4 5 
23 3 2 0 
24 4 3 0 5 
25 6 3 2 0 5 1 7 4 
26 7 0 4 2 6 
27 0 2 6 3 7 5 
28 5 3 2 4 7 
29 4 2 3 
30 3 5 2 4 
31 1 3 7 6 0 4 
32 0 1 3 2 4 5 
33 1 3 2 4 5 7 
34 5 2 4 3 
35 4 1 0 5 
36 6 0 7 3 4 5 
37 5 0 3 1 2 4 
38 4 3 1 0 7 
39 7 1 4 6 3 0 5 
40 7 1 0 
41 5 2 3 1 0 
42 7 3 2 4 5 
43 6 3 0 5 4 
44 7 4 3 5 
45 5 7 6 
46 3 0 7 6 4 5 
47 2 5 6 7 4 
48 3 2 1 0 
49 2 0 6 3 7 1 5 4 
50 2 3 0 1 5 4 
51 4 7 5 
52 0 1 4 7 6 3 5 
53 7 3 2 4 5 
54 1 0 3 2 7 
55 1 3 0 5 4 
56 3 0 6 7 1 5 4 
57 6 7 5 
58 5 2 3 1 0 
59 6 1 4 7 3 0 5 
60 4 7 1 3 6 0 5 
61 4 0 3 5 
62 5 2 3 1 0 
63 0 7 4 3 2 6 5 
64 1 0 3 4 5 
65 1 7 6 5 
66 1 0 
67 2 3 7 
68 6 0 3 4 5 
69 7 4 3 2 6 5 
70 1 4 3 5 
71 5 6 7 4 
72 0 3 1 7 
73 3 0 7 6 4 5 
74 4 6 7 5 
75 6 2 7 4 3 5 
76 3 0 5 4 
77 6 0 3 2 7 
78 0 2 1 3 
79 3 0 4 2 5 7 
80 7 1 3 0 2 4 5 
81 3 0 4 1 5 
82 5 7 4 3 2 6 
83 5 2 6 3 7 
84 1 2 0 3 6 4 
85 4 7 5 6 1 0 
86 2 3 0 1 5 4 
87 3 1 0 5 4 
88 4 7 2 6 3 
89 6 1 2 3 0 4 5 
90 7 5 
91 0 7 3 6 4 5 
92 5 1 3 0 2 4 
93 4 2 5 1 6 0 7 
94 3 0 2 7 
95 1 2 0 3 6 4 
96 0 4 2 3 5 7 
97 1 0 3 5 4 7 
98 5 7 1 6 0 4 
99 4 0 7 3 6 5 
100 6 2 1 0 3 
101 5 0 4 1 3 
102 5 7 3 1 6 0 4 
103 7 0 6 3 1 5 4 
104 7 5 0 
105 5 1 3 0 2 4 
106 7 3 0 1 6 4 5 
107 6 2 0 1 3 4 
108 6 4 7 3 5 
109 5 7 6 3 4 
110 3 5 2 4 
111 2 3 4 5 7 
112 3 0 5 4 
113 2 0 4 7 6 
114 4 2 0 3 
115 5 0 
116 0 5 7 
117 7 3 1 0 
118 1 7 3 6 0 4 5 
119 1 4 7 5 3 
120 3 5 7 
121 6 7 3 0 1 4 5 
122 5 0 4 1 3 
123 4 1 3 0 5 
124 4 3 0 1 5 
125 4 5 2 3 
126 4 5 6 7 
127 0 1 3 2 4 5 
128 1 2 7 6 4 0 
129 1 3 0 5 4 
130 1 0 3 2 5 4 
131 2 7 6 5 4 
132 6 2 5 1 0 7 
133 5 0 6 3 7 1 4 
134 1 4 7 6 3 0 5 
135 4 7 3 2 6 5 
136 0 3 7 6 4 
137 3 5 6 7 4 
138 4 3 6 2 7 
139 6 2 5 3 4 
140 3 0 2 7 
141 7 2 5 1 6 0 
142 0 4 2 7 6 
143 2 5 3 4 
144 6 2 0 3 
145 3 1 2 0 4 5 
146 6 2 3 7 5 
147 7 2 3 0 4 5 
148 0 3 1 7 
149 5 2 3 4 
150 2 7 6 3 4 
151 3 5 2 4 
152 5 3 0 1 4 7 
153 6 0 3 1 2 5 4 
154 7 2 5 3 4 
155 0 3 2 5 6 1 7 4 
156 5 2 3 4 
157 4 0 1 3 5 
158 3 4 7 5 
159 0 4 3 5 
160 0 7 1 3 6 5 4 
161 1 7 6 5 
162 5 4 7 3 
163 6 0 3 1 5 4 7 
164 6 3 2 0 
165 5 3 2 0 6 1 7 4 
166 4 2 0 1 3 6 
167 7 1 0 5 4 
168 7 0 4 1 3 5 
169 5 4 3 
170 7 6 3 4 
171 6 2 0 1 3 4 
172 7 2 3 
173 5 1 4 7 6 3 0 
174 3 2 
175 2 7 4 3 6 5 
176 3 7 6 5 4 
177 2 7 3 1 6 0 4 5 
178 2 3 0 4 7 5 
179 5 1 4 7 6 3 0 
180 0 2 3 
181 7 6 3 4 
182 1 7 3 6 0 5 4 
183 0 3 1 5 4 7 
184 3 7 5 6 1 4 0 
185 6 3 0 5 4 
186 5 4 7 3 
187 7 0 3 4 5 
188 7 3 2 4 5 
189 4 2 3 1 0 
190 4 7 3 2 6 5 
191 0 1 
192 1 3 2 0 5 6 7 4 
193 1 2 6 3 7 5 
194 1 7 6 5 4 
195 2 1 4 7 6 3 0 5 
196 7 0 3 6 4 5 
197 6 3 1 0 7 
198 1 0 4 2 3 5 7 
199 7 0 5 1 3 4 
200 0 7 6 5 4 
201 3 0 5 1 4 
202 4 7 6 3 
203 6 1 2 3 0 4 5 
204 3 1 0 5 4 
205 7 2 3 4 5 
206 0 3 4 5 
207 3 5 6 7 4 
208 4 0 3 1 2 5 
209 3 5 2 4 
210 6 3 7 0 4 
211 5 2 7 4 3 
212 1 6 5 4 7 
213 4 5 2 3 
214 2 4 5 
215 0 1 3 2 4 5 
216 7 0 4 2 6 
217 6 4 7 5 3 
218 7 2 6 3 5 
219 0 2 7 4 3 5 
220 5 2 4 3 
221 4 2 0 1 3 6 
222 3 7 6 5 
223 1 2 7 4 3 5 
224 1 3 2 0 5 6 7 4 
225 1 7 2 6 3 4 
226 5 4 7 3 
227 4 2 3 1 0 
228 6 1 3 0 2 4 5 
229 5 7 6 3 4 
230 4 2 7 3 5 
231 7 5 6 1 4 0 
232 1 3 2 0 
233 5 0 4 2 3 7 
234 7 3 0 5 4 
235 2 5 7 
236 7 3 2 0 5 6 1 4 
237 3 2 1 0 
238 3 2 4 5 
239 2 7 3 1 6 0 4 5 
240 3 1 4 7 6 0 5 
241 2 6 5 4 7 
242 2 0 5 4 
243 5 3 0 1 4 
244 0 7 6 5 4 
245 7 4 6 3 5 
246 1 0 3 4 5 
247 1 5 7 
248 3 2 1 0 
249 7 5 
250 5 3 2 0 6 1 7 4 
251 6 5 7 
252 4 0 3 2 7 
253 4 3 2 0 
254 4 3 7 6 5 0 
255 2 5 4 3 
256 1 0 6 3 7 5 4 
257 1 0 3 4 5 
258 1 2 3 0 
259 2 3 0 
260 6 1 2 3 0 4 5 
261 5 1 3 0 4 
262 0 3 1 7 
263 2 4 5 
264 0 2 3 1 
265 3 7 0 1 6 4 5 
266 4 3 0 1 5 
267 6 3 7 5 0 
268 3 0 1 5 4 
269 7 6 5 4 
270 0 4 5 
271 3 7 6 4 
272 6 7 5 4 
273 3 0 4 2 5 7 
274 6 0 3 1 2 5 4 
275 4 0 3 2 7 
276 1 0 3 2 5 4 
277 4 7 3 0 1 6 5 
278 2 1 0 3 
279 3 2 7 
280 4 0 3 1 5 7 
281 7 4 6 3 5 
282 7 3 2 0 
283 0 4 2 7 6 
284 5 2 3 4 
285 4 0 1 3 5 
286 2 3 7 6 5 0 
287 1 4 3 5 
288 0 2 6 3 7 5 
289 1 7 5 6 4 0 
290 5 7 4 
291 4 2 3 7 
292 7 3 1 0 5 4 
293 5 0 3 4 
294 4 7 6 5 
295 7 3 1 6 0 4 5 
296 7 2 3 0 4 5 
297 5 2 7 6 1 4 0 
298 7 0 3 2 
299 5 4 
300 7 5 0 
301 5 6 4 7 
302 3 7 0 1 6 4 5 
303 2 5 0 
304 3 0 4 5 
305 2 5 1 6 0 7 
306 2 7 6 1 4 0 
307 5 0 4 2 3 7 
308 0 7 3 1 6 4 5 
309 7 3 2 4 5 
310 1 7 5 6 4 0 
311 1 4 7 6 3 5 
312 3 0 4 5 
313 5 4 3 
314 2 3 6 4 7 
315 6 3 0 1 5 4 
316 4 7 5 3 
317 5 1 3 0 4 
318 4 3 2 5 7 
319 0 7 6 3 4 
320 1 7 6 5 
321 4 3 2 0 
322 1 0 4 2 3 5 7 
323 2 7 3 1 6 0 4 5 
324 6 3 2 4 7 
325 7 5 0 
326 2 4 5 
327 5 7 
328 0 2 7 6 1 4 
329 2 0 3 1 5 4 
330 4 7 5 
331 7 2 4 3 5 
332 3 7 6 0 4 
333 6 5 7 4 
334 0 3 7 6 4 
335 3 6 4 7 5 
336 6 3 1 0 5 4 
337 3 0 4 5 
338 2 5 3 4 
339 7 0 3 2 
340 1 0 3 4 5 
341 4 0 2 3 5 7 
342 1 7 5 6 4 0 
343 0 3 2 
344 7 6 5 
345 6 1 4 7 3 0 5 
346 6 2 3 4 5 
347 0 3 5 4 
348 5 0 3 1 2 4 
349 4 0 2 7 6 
350 3 2 7 
351 2 3 4 5 
352 1 3 7 6 5 0 
353 1 7 4 3 2 6 5 
354 5 7 2 6 3 4 
355 5 7 4 3 2 6 
356 6 3 1 0 5 4 
357 5 3 6 2 4 7 
358 4 1 7 6 3 0 5 
359 7 0 4 2 6 
360 6 3 1 0 5 4 
361 7 3 1 0 5 4 
362 7 0 5 1 3 4 
363 7 2 4 3 5 
364 7 0 3 6 4 5 
365 5 2 1 6 0 7 
366 3 0 1 5 4 7 
367 2 1 0 
368 3 0 6 7 1 5 4 
369 2 3 6 4 7 
370 2 3 0 1 4 5 7 
371 5 0 6 3 7 1 4 
372 0 2 5 4 
373 6 0 3 4 5 
374 1 6 4 7 5 
375 3 4 7 6 5 
376 3 7 0 1 6 4 5 
377 6 2 7 1 4 0 
378 5 0 6 3 7 1 4 
379 4 2 0 3 
380 4 1 3 0 2 5 
381 4 7 2 6 3 
382 4 0 2 3 5 7 
383 0 2 5 4 
384 1 0 5 4 
385 1 3 0 5 4 
386 5 2 4 3 
387 2 7 3 1 6 0 4 5 
388 0 4 1 3 5 
389 7 2 6 1 4 0 
390 5 4 
391 5 4 7 6 3 
392 0 3 4 5 
393 0 1 3 5 4 
394 6 4 7 5 3 
395 2 3 7 
396 2 0 7 3 6 4 5 
397 2 3 4 5 
398 0 7 4 5 
399 3 0 7 6 4 5 
400 5 2 4 3 
401 6 7 5 
402 7 3 2 0 5 6 1 4 
403 5 0 4 2 7 6 
404 4 2 6 3 7 5 
405 6 2 7 4 3 5 
406 6 2 5 1 0 7 
407 3 7 4 5 
408 4 3 0 5 
409 5 7 2 6 3 4 
410 1 5 2 4 3 
411 2 3 6 4 7 
412 5 2 1 6 0 7 
413 5 2 1 6 0 7 
414 1 3 0 5 4 
415 1 7 6 5 
416 7 2 6 3 4 
417 5 3 2 0 
418 0 3 1 4 5 7 
419 4 2 1 0 3 
420 6 0 3 4 5 
421 0 7 4 3 2 6 5 
422 0 1 
423 7 5 
424 0 2 5 1 6 7 
425 5 2 3 1 0 
426 0 5 6 7 4 
427 6 2 3 7 5 
428 7 3 1 6 0 4 5 
429 3 1 0 5 4 
430 0 7 5 6 1 4 
431 6 3 0 4 5 
432 1 3 7 6 5 0 
433 7 0 4 2 3 5 
434 4 7 3 2 6 5 
435 3 6 4 7 5 
436 0 2 3 
437 5 1 3 0 2 4 
438 2 7 5 1 6 0 4 
439 1 2 3 0 4 5 
440 3 5 2 4 
441 2 6 5 4 7 
442 4 3 1 0 7 
443 6 4 7 5 
444 4 0 5 1 3 
445 4 0 2 7 6 
446 4 3 6 2 7 
447 0 5 2 4 3 
448 1 6 4 7 5 
449 1 5 2 4 3 
450 1 2 6 3 7 5 
451 2 0 4 7 6 
452 6 3 2 4 5 7 
453 7 0 2 5 4 
454 1 7 3 0 6 4 5 
455 5 0 3 2 7 
456 0 2 1 3 6 4 
457 3 2 1 0 
458 4 2 5 1 6 0 7 
459 6 7 1 3 0 5 4 
460 3 5 2 4 
461 7 3 6 2 4 
462 0 2 6 3 7 5 
463 3 1 0 5 4 
464 6 4 5 
465 3 1 0 2 4 5 
466 6 0 7 3 4 5 
467 5 7 6 4 
468 1 0 4 2 7 6 
469 4 5 6 7 
470 2 3 0 4 7 5 
471 3 5 6 7 4 
472 4 0 5 1 3 
473 6 3 2 0 
474 7 1 3 0 2 4 5 
475 0 4 2 7 6 
476 5 1 2 3 0 4 
477 4 1 2 3 0 5 
478 3 1 2 0 4 5 
479 1 0 
480 0 1 5 4 
481 1 2 6 3 7 5 
482 5 0 7 3 6 4 
483 4 2 3 0 7 5 
484 6 0 4 1 3 5 
485 4 0 3 1 5 7 
486 4 3 1 0 7 
487 7 0 3 6 4 5 
488 7 3 6 0 4 
489 5 2 7 6 1 4 0 
490 7 3 6 2 4 
491 6 3 1 0 5 4 
492 7 3 0 4 5 
493 5 2 7 4 3 
494 3 1 0 5 4 
495 2 1 0 3 
496 3 2 4 5 7 
497 2 1 3 0 4 5 
498 2 0 3 7 
499 5 2 1 6 0 7 
500 0 2 5 3 4 
501 7 0 2 5 4 
502 0 3 1 7 
503 1 3 2 0 
504 3 2 0 1 6 4 
505 6 4 3 5 
506 5 3 6 2 4 7 
507 6 0 2 5 4 
508 4 7 2 6 3 
509 6 3 1 0 5 4 
510 4 0 2 5 
511 0 2 5 3 4 
512 1 3 0 5 4 
513 0 4 2 3 5 7 
514 1 7 3 6 0 5 4 
515 2 1 0 5 4 
516 6 0 2 5 4 
517 7 5 6 4 
518 1 2 5 3 4 
519 5 3 1 0 7 
520 0 3 5 4 
521 3 5 2 4 
522 4 0 2 5 
523 6 2 7 4 3 5 
524 3 5 7 
525 7 0 3 2 
526 0 2 7 4 3 5 
527 3 0 5 1 4 
528 6 3 0 1 4 5 7 
529 3 0 1 4 5 7 
530 6 0 3 1 5 4 7 
531 5 4 
532 1 2 3 
533 4 1 0 5 
534 2 5 4 3 
535 3 2 1 0 
536 4 7 5 6 1 0 
537 6 0 2 5 4 
538 7 5 6 4 
539 0 2 3 
540 5 0 4 1 3 
541 4 3 0 5 
542 3 2 1 0 
543 1 0 3 2 5 4 
544 0 6 5 4 7 
545 1 3 0 4 5 
546 5 0 2 4 
547 4 5 2 3 
548 6 4 7 5 3 
549 5 7 
550 4 2 5 3 
551 7 3 0 1 4 5 
552 7 2 3 0 4 5 
553 5 2 4 3 
554 7 3 2 0 5 6 1 4 
555 6 7 5 1 4 0 
556 7 2 3 0 4 5 
557 5 3 2 4 7 
558 3 0 5 1 4 
559 2 7 1 3 6 0 5 4 
560 3 2 0 
561 2 5 0 
562 2 4 7 6 3 5 
563 5 0 4 2 3 7 
564 0 7 1 3 6 5 4 
565 7 0 6 3 1 5 4 
566 1 4 7 6 3 5 
567 1 7 5 6 0 4 
568 3 7 6 5 
569 6 5 4 7 
570 5 2 0 3 
571 6 7 1 3 0 5 4 
572 4 2 6 3 7 5 
573 4 0 3 1 5 7 
574 4 3 5 
575 0 1 5 4 
576 1 2 3 0 4 7 5 
577 1 3 7 6 0 4 
578 1 2 3 
579 2 3 0 5 4 
580 6 3 0 1 4 5 7 
581 7 2 5 1 6 0 
582 1 0 
583 5 0 1 3 4 
584 0 7 4 5 
585 3 6 5 4 7 
586 4 0 2 7 6 
587 6 0 3 1 5 4 7 
588 3 0 1 5 4 7 
589 7 3 0 1 5 4 
590 3 2 0 
591 3 5 0 
592 6 2 1 0 3 
593 3 7 1 6 0 5 4 
594 7 2 1 0 3 
595 5 3 0 1 4 7 
596 1 4 7 6 3 0 5 
597 4 2 7 6 1 0 
598 2 3 0 4 5 
599 3 0 6 7 1 5 4 
600 4 3 0 5 
601 6 0 3 7 1 5 4 
602 7 5 0 
603 0 3 1 5 4 
604 4 6 5 7 
605 4 1 0 
606 3 2 0 5 6 1 7 4 
607 1 7 6 5 
608 0 7 6 3 4 
609 1 2 0 3 6 4 
610 5 3 7 6 0 
611 4 5 2 3 
612 6 3 0 1 5 4 
613 5 4 3 
614 4 3 1 0 7 
615 7 5 1 6 0 4 
616 7 1 0 
617 5 2 1 0 3 
618 7 0 4 2 3 5 
619 6 7 3 0 1 4 5 
620 7 5 
621 4 3 7 6 0 
622 3 7 5 1 6 0 4 
623 2 0 3 1 5 4 
624 3 0 2 7 
625 2 4 7 6 3 5 
626 2 1 3 0 4 5 
627 6 2 3 7 5 
628 0 2 5 4 
629 7 5 2 4 3 
630 1 3 6 2 4 7 
631 1 3 2 0 
632 2 3 4 5 7 
633 6 2 0 1 3 4 
634 6 2 0 3 
635 6 2 1 0 3 
636 5 3 2 0 6 1 7 4 
637 4 0 3 5 
638 4 1 3 0 5 
639 0 1 
640 1 3 0 5 4 
641 1 2 3 
642 1 7 6 5 4 
643 2 5 7 
644 6 1 0 5 4 
645 7 1 2 3 0 4 5 
646 1 7 5 6 4 0 
647 5 4 
648 0 2 5 3 4 
649 3 1 0 
650 4 6 5 7 
651 6 7 5 
652 3 2 4 5 7 
653 7 1 3 6 0 5 4 
654 0 4 7 5 3 
655 3 0 7 6 4 5 
656 6 0 3 7 1 5 4 
657 3 7 6 4 
658 6 5 0 
659 4 3 0 1 5 7 
660 1 2 6 3 7 5 
661 4 7 3 1 6 0 5 
662 2 3 7 
663 3 2 5 4 
664 4 0 3 2 7 
665 7 4 3 5 
666 7 3 1 0 5 4 
667 0 2 3 4 5 
668 5 2 1 6 0 7 
669 4 2 3 0 7 5 
670 3 0 5 4 
671 1 7 2 6 3 4 
672 0 3 7 6 5 
673 1 7 5 6 0 4 
674 5 0 
675 4 3 1 0 7 
676 6 0 7 3 4 5 
677 5 4 
678 4 5 2 3 
679 7 3 0 4 5 
680 7 5 1 6 0 4 
681 5 7 6 4 
682 7 4 5 
683 6 4 5 
684 7 6 4 5 
685 5 6 7 4 
686 3 2 1 0 
687 2 7 5 1 6 0 4 
688 3 6 2 4 7 
689 2 7 4 3 6 5 
690 2 7 3 0 1 6 4 5 
691 5 2 3 4 
692 0 4 7 6 3 5 
693 7 3 6 0 4 
694 1 0 5 3 4 
695 1 3 0 4 5 7 
696 3 7 4 2 6 5 
697 6 7 2 3 4 
698 5 2 3 4 
699 6 0 5 1 3 4 
700 4 3 2 0 5 6 1 7 
701 4 7 5 
702 4 3 0 1 5 
703 0 3 1 5 4 
704 1 2 5 6 0 7 
705 1 7 4 5 
706 1 6 4 7 5 
707 2 5 7 
708 6 7 5 
709 7 3 6 0 4 
710 1 4 3 5 
711 5 7 6 1 4 0 
712 0 1 2 3 4 5 
713 3 0 1 4 5 7 
714 4 3 7 6 0 
715 6 1 0 5 4 
716 3 0 1 5 4 
717 7 3 0 1 6 4 5 
718 0 5 
719 3 0 1 5 4 7 
720 6 2 3 1 0 
721 3 4 7 6 5 
722 6 3 0 5 4 
723 5 2 0 3 
724 1 0 
725 4 2 5 1 6 0 7 
726 2 0 1 3 6 4 
727 3 0 5 4 
728 4 2 3 0 7 5 
729 6 3 0 5 4 
730 7 1 3 6 0 5 4 
731 0 1 2 3 4 5 
732 5 2 3 4 
733 4 2 3 5 
734 3 0 6 7 1 5 4 
735 1 4 7 6 3 0 5 
736 0 3 1 5 4 7 
737 1 4 7 5 3 
738 5 7 4 3 2 6 
739 4 2 3 
740 6 0 2 5 4 
741 5 4 
742 4 7 6 5 
743 7 1 0 5 4 
744 7 5 2 4 3 
745 5 4 7 6 3 
746 7 3 2 0 
747 6 3 2 0 5 1 7 4 
748 7 6 3 4 
749 5 1 2 3 0 4 
750 3 7 5 6 1 4 0 
751 2 6 5 4 7 
752 3 7 5 1 6 0 4 
753 2 0 4 1 3 5 
754 2 3 7 
755 5 2 4 3 
756 0 3 1 4 5 7 
757 7 6 5 4 
758 1 7 3 6 0 5 4 
759 1 7 5 6 4 0 
760 3 7 6 0 4 
761 6 7 5 1 0 4 
762 5 0 3 4 
763 6 7 3 1 0 4 5 
764 4 7 6 3 5 
765 4 2 3 7 
766 4 1 0 5 
767 0 2 3 
768 1 7 3 0 6 4 5 
769 1 2 7 6 4 0 
770 1 5 2 4 3 
771 2 7 5 6 1 4 0 
772 6 3 7 5 0 
773 7 6 3 4 
774 1 0 3 2 5 4 
775 5 1 3 0 4 
776 0 1 3 5 4 
777 3 6 4 7 5 
778 5 7 3 1 6 0 4 
779 6 3 2 4 7 
780 3 7 0 1 6 4 5 
781 7 1 3 0 5 4 
782 0 2 3 7 
783 3 7 6 5 0 
784 6 1 4 7 3 0 5 
785 3 2 0 4 7 5 
786 6 3 7 5 0 
787 5 2 3 0 4 7 
788 1 2 3 4 5 
789 6 3 1 0 5 4 
790 2 0 6 3 7 1 5 4 
791 2 5 3 4 
792 4 6 5 7 
793 6 5 2 4 3 
794 7 4 5 3 
795 0 1 5 4 
796 5 2 0 1 3 6 4 
797 4 0 5 1 3 
798 3 0 2 5 4 
799 1 7 3 6 0 4 5 
800 0 3 1 2 5 4 
801 1 2 3 7 
802 4 6 5 7 
803 4 7 6 5 
804 6 7 4 3 2 5 
805 5 4 7 6 3 
806 4 0 5 1 3 
807 7 5 6 1 4 0 
808 7 0 4 2 3 5 
809 4 3 0 5 
810 7 2 0 3 
811 5 2 6 3 7 
812 7 5 0 
813 4 0 3 2 7 
814 3 0 4 1 5 
815 2 3 
816 3 2 0 
817 2 7 3 1 6 0 4 5 
818 2 0 4 3 5 7 
819 4 2 3 5 
820 0 6 4 7 5 
821 7 3 2 4 5 
822 1 0 5 3 4 
823 1 4 5 
824 3 2 4 5 
825 6 4 7 3 5 
826 5 0 3 1 2 4 
827 6 7 5 4 
828 4 2 3 
829 4 2 6 3 7 5 
830 4 3 2 0 5 6 1 7 
831 0 7 6 5 
832 1 2 7 4 3 5 
833 1 3 0 4 5 7 
834 1 7 3 0 6 4 5 
835 2 3 7 
836 6 3 2 4 5 7 
837 7 6 5 4 
838 1 0 3 4 5 
839 5 1 2 3 0 4 
840 0 3 7 6 4 
841 3 1 4 7 6 0 5 
842 4 3 0 1 5 
843 6 2 0 3 
844 3 0 1 5 4 
845 7 3 0 1 4 5 
846 0 2 3 
847 3 1 0 5 4 
848 6 7 5 1 0 4 
849 3 1 0 2 4 5 
850 6 1 2 3 0 4 5 
851 5 2 3 4 
852 1 3 0 5 4 
853 4 1 0 
854 2 7 4 5 
855 3 2 7 6 1 4 0 
856 4 2 5 3 
857 6 4 7 5 
858 7 2 5 3 4 
859 0 3 2 7 
860 7 0 4 2 6 
861 4 0 2 7 6 
862 3 5 0 
863 1 0 4 3 5 
864 0 2 7 6 1 4 
865 1 2 7 4 3 5 
866 5 0 1 3 4 
867 6 2 7 1 4 0 
868 7 3 0 5 4 
869 5 2 0 3 
870 4 5 6 7 
871 5 7 4 3 2 6 
872 7 3 0 1 4 5 
873 6 3 7 5 0 
874 7 6 3 4 
875 5 7 6 3 4 
876 7 6 4 5 
877 7 3 6 2 4 
878 3 2 0 4 7 5 
879 2 7 6 3 4 
880 3 5 6 7 4 
881 2 1 3 0 4 5 
882 2 7 5 1 6 0 4 
883 6 7 2 3 4 
884 0 2 3 7 
885 5 2 3 4 
886 0 1 3 5 4 
887 1 2 0 3 6 4 
888 3 2 
889 2 3 
890 7 2 4 3 5 
891 5 0 7 3 6 4 
892 7 5 6 4 
893 7 3 1 0 
894 5 1 0 4 
895 0 3 4 5 
896 1 3 2 0 5 6 7 4 
897 1 3 0 7 
898 1 5 0 
899 2 0 3 1 5 4 7 
900 6 3 0 4 5 
901 5 3 7 6 0 
902 2 4 3 5 
903 6 5 7 4 
904 0 2 3 4 7 5 
905 0 1 4 7 6 3 5 
906 7 5 2 4 3 
907 6 5 7 
908 2 3 7 
909 7 4 5 
910 3 2 7 
911 2 1 0 3 
912 4 2 3 5 
913 3 7 1 6 0 5 4 
914 6 2 3 7 
915 6 7 4 5 
916 2 3 1 0 
917 6 1 0 
918 1 0 5 3 4 
919 3 4 7 5 
920 6 1 0 
921 5 3 0 1 4 7 
922 7 3 1 0 
923 0 6 3 7 1 5 4 
924 7 3 6 2 4 
925 4 2 7 3 5 
926 2 7 6 5 
927 1 0 3 5 4 7 
928 0 3 1 5 4 7 
929 0 7 5 1 6 4 
930 0 3 7 6 5 
931 2 3 1 0 
932 0 3 1 7 
933 0 7 6 3 4 
934 0 3 4 5 
935 2 0 3 1 5 4 
936 0 5 
937 0 1 5 4 
938 0 2 7 6 1 4 
939 2 3 0 5 6 1 7 4 
940 1 7 5 6 4 0 
941 2 3 1 0 
942 2 0 3 
943 2 5 7 
944 2 1 0 
945 2 7 5 1 6 0 4 
946 2 7 4 3 5 
947 3 0 6 7 1 5 4 
948 0 2 3 
949 2 7 6 1 4 0 
950 0 7 2 6 3 4 
951 0 2 3 
952 2 7 1 3 6 0 5 4 
953 2 7 4 5 
954 2 5 1 6 0 7 
955 0 1 3 5 4 
956 3 5 2 4 
957 3 7 5 1 6 0 4 
958 2 5 4 3 
959 2 3 7 
960 0 3 7 6 5 
961 0 1 3 2 4 5 
962 1 2 7 6 4 0 
963 2 4 3 5 
964 0 3 1 2 5 4 
965 5 6 4 7 
966 2 3 0 4 7 5 
967 6 5 2 4 3 
968 0 7 6 3 4 
969 0 7 3 1 6 4 5 
970 6 4 7 5 3 
971 6 7 4 3 2 5 
972 2 7 4 5 
973 7 6 4 5 
974 3 2 1 0 
975 2 4 5 
976 4 2 1 0 3 
977 2 3 1 0 5 4 
978 5 2 3 0 4 7 
979 7 2 3 
980 2 3 0 
981 6 0 3 1 2 5 4 
982 1 4 3 5 
983 0 7 2 6 3 4 
984 4 7 6 5 
985 5 6 4 7 
986 7 3 2 0 
987 2 4 7 5 3 
988 5 7 3 1 6 0 4 
989 4 3 7 6 0 
990 1 0 5 3 4 
991 2 3 1 0 5 4 
992 0 6 4 7 5 
993 0 7 6 3 4 
994 0 1 4 7 6 3 5 
995 2 4 5 
996 0 3 2 4 5 7 
997 0 7 5 1 6 4 
998 0 2 5 4 
999 2 7 6 5 4 
1000 0 4 2 7 6 
1001 0 7 3 1 6 4 5 
1002 0 7 4 5 
1003 2 5 0 
1004 1 0 2 5 4 
1005 2 7 6 3 4 
1006 0 2 3 1 
1007 2 0 1 3 6 4 
1008 1 7 2 6 3 4 
1009 2 4 3 5 
1010 0 6 5 4 7 
1011 3 7 0 1 6 4 5 
1012 2 7 4 5 
1013 2 5 4 3 
1014 2 1 3 0 4 5 
1015 3 7 6 0 4 
1016 2 0 1 3 6 4 
1017 2 7 1 3 6 0 5 4 
1018 2 3 
1019 2 7 6 1 4 0 
1020 3 0 4 5 
1021 3 1 0 2 4 5 
1022 2 0 4 1 3 5 
1023 2 3 7 6 5 0 
