0 4 0 1 5 
1 5 6 7 
2 7 0 1 2 5 4 
3 6 4 7 
4 3 5 4 
5 0 4 7 
6 2 0 1 5 4 
7 1 0 2 5 4 
8 0 2 3 4 
9 7 0 1 5 
10 6 0 1 2 5 4 
11 1 6 4 7 
12 7 0 1 5 4 
13 3 0 2 4 
14 0 1 4 6 
15 5 0 4 
16 7 0 5 4 
17 7 6 5 
18 5 6 4 7 
19 3 5 4 
20 3 0 5 4 
21 7 0 1 2 5 4 
22 5 0 1 7 
23 4 6 7 
24 4 0 1 5 
25 2 0 4 
26 0 2 4 
27 3 0 1 4 6 
28 5 2 0 3 4 
29 5 0 4 7 
30 2 6 7 4 
31 4 6 7 
32 6 5 4 
33 3 6 7 4 
34 2 0 1 4 6 
35 1 7 4 
36 4 0 1 5 
37 5 4 
38 0 1 5 7 
39 0 6 4 7 
40 1 0 4 6 
41 2 0 1 3 5 
42 7 4 
43 0 6 7 4 
44 4 6 7 
45 6 0 1 5 4 
46 1 7 4 
47 7 0 2 4 
48 0 4 
49 6 2 0 3 5 4 
50 3 0 1 5 4 
51 7 0 2 4 
52 1 5 4 
53 4 6 7 
54 6 0 2 4 7 
55 3 0 1 2 5 
56 4 0 2 
57 2 7 4 
58 0 2 3 5 
59 6 2 0 3 5 4 
60 0 1 4 6 
61 4 6 7 
62 4 6 7 
63 1 6 4 7 
64 4 5 
65 5 7 4 
66 7 0 1 2 4 
67 6 5 4 
68 3 0 1 4 6 
69 2 6 5 7 
70 2 5 4 
71 1 0 4 6 
72 3 4 
73 7 4 
74 6 5 4 
75 1 2 0 3 5 4 
76 7 0 1 2 4 
77 1 0 2 3 5 
78 0 2 3 5 
79 5 0 1 2 4 
80 7 4 
81 7 6 4 
82 7 0 1 4 6 
83 3 2 0 5 4 
84 3 0 1 2 4 
85 6 2 0 3 5 4 
86 5 0 1 2 4 
87 4 0 1 2 3 5 
88 4 2 0 3 5 
89 2 0 1 4 6 
90 0 1 4 6 
91 3 6 4 7 
92 5 0 1 4 6 
93 4 5 
94 2 0 4 
95 4 2 0 3 5 
96 6 4 7 
97 3 6 7 4 
98 2 5 4 
99 2 0 4 7 
100 4 6 7 
101 5 6 4 7 
102 0 4 
103 0 2 4 
104 1 4 
105 2 5 4 
106 7 0 5 4 
107 0 6 4 7 
108 4 0 2 7 
109 6 7 4 
110 3 6 5 7 
111 7 0 5 4 
112 0 2 4 7 
113 6 4 
114 3 7 4 
115 7 6 4 
116 1 0 5 7 
117 4 2 0 3 5 
118 6 0 1 2 3 5 
119 3 6 4 7 
120 4 2 0 3 5 
121 2 0 1 5 4 
122 0 4 
123 2 0 1 5 4 
124 0 6 4 7 
125 4 0 5 
126 4 0 1 2 5 
127 1 0 5 4 
128 4 6 7 
129 5 4 
130 7 6 4 
131 6 4 7 
132 3 0 5 4 
133 0 4 7 
134 2 0 1 4 
135 1 0 5 7 
136 3 2 0 5 4 
137 7 0 4 
138 6 0 2 4 7 
139 1 6 4 7 
140 7 0 1 5 4 
141 1 2 0 3 5 
142 0 1 5 7 
143 5 2 0 3 4 
144 7 0 5 4 
145 7 0 5 4 
146 7 2 0 3 5 4 
147 3 6 4 7 
148 3 6 4 7 
149 6 0 1 5 4 
150 5 6 4 7 
151 5 2 0 3 
152 4 0 1 5 7 
153 2 0 3 5 4 
154 0 2 4 
155 3 0 2 4 
156 5 0 4 
157 4 0 1 2 
158 2 5 4 
159 4 0 2 7 
160 6 4 
161 3 0 1 5 4 
162 2 0 1 3 5 
163 2 5 4 
164 4 0 1 6 
165 5 6 4 7 
166 0 1 2 4 
167 0 1 5 4 
168 1 0 5 4 
169 2 6 4 7 
170 7 6 4 
171 0 2 3 5 4 
172 4 2 0 3 5 
173 6 7 4 
174 1 6 5 7 
175 7 0 1 2 4 
176 0 1 5 7 
177 6 0 1 4 
178 3 5 4 
179 7 0 1 5 4 
180 1 5 4 
181 4 6 7 
182 6 0 1 2 4 
183 3 0 2 4 7 
184 4 2 0 3 5 
185 2 0 1 5 4 
186 0 5 4 
187 2 0 1 4 6 
188 0 2 3 5 4 
189 4 0 2 7 
190 5 2 0 3 
191 1 0 2 4 7 
193 5 4 
194 7 0 1 2 4 
195 6 0 1 4 
196 3 6 4 7 
197 0 6 4 7 
198 2 5 4 
199 1 4 
200 3 0 2 4 7 
201 7 0 5 4 
202 4 2 0 3 5 
203 1 0 5 7 
204 7 4 
205 1 0 4 7 
206 0 6 7 4 
207 5 4 
208 7 6 4 
209 7 0 1 4 6 
210 7 5 4 
211 3 0 1 5 4 
212 3 2 0 5 
213 6 0 1 2 3 5 
214 5 0 1 2 3 
215 4 0 1 6 
216 4 6 7 
217 2 0 3 5 4 
218 1 6 4 7 
219 3 4 
220 5 2 0 3 4 
221 4 0 5 
222 2 6 4 7 
223 4 6 7 
224 6 4 
225 3 2 0 5 4 
226 2 0 4 
227 2 6 5 7 
228 4 2 0 3 
229 5 4 
230 0 1 2 4 
231 1 2 0 3 5 4 
232 0 1 5 4 
233 2 0 5 4 
234 7 0 2 4 
235 0 4 
236 4 0 1 5 
237 6 2 0 3 5 4 
238 1 6 4 7 
239 7 6 4 
240 0 5 4 
241 6 5 7 
242 3 6 4 7 
243 7 0 2 4 
244 1 0 4 6 
245 5 0 1 4 6 
246 5 0 1 2 3 
247 3 0 4 7 
248 4 2 0 3 5 
249 2 0 3 5 4 
250 0 6 4 7 
251 0 6 4 7 
252 0 5 4 
253 4 5 
254 4 2 0 3 5 
255 1 5 4 
256 4 0 1 6 
257 5 0 2 4 7 
258 7 0 1 4 6 
259 5 0 1 4 6 
260 3 2 0 4 
261 0 2 3 5 4 
262 2 0 1 4 
263 1 0 4 6 
264 3 0 5 4 
265 7 4 
266 6 0 4 7 
267 1 0 5 4 
268 7 0 4 
269 1 6 4 7 
270 1 0 4 6 
271 5 0 1 2 4 
272 7 5 4 
273 7 6 4 
274 7 0 1 5 4 
275 3 4 
276 3 5 4 
277 6 2 0 3 4 
278 5 4 
279 4 0 1 6 
280 4 2 0 3 
281 2 5 4 
282 0 5 4 
283 3 2 0 4 
284 5 0 4 7 
285 4 0 5 
286 2 0 3 5 
287 4 0 2 7 
288 6 2 0 3 4 
289 3 0 1 5 4 
290 2 0 4 
291 2 0 3 4 
292 4 5 
293 5 0 1 7 
294 0 5 4 
295 0 1 2 3 5 
296 1 0 5 4 
297 2 5 4 
298 7 0 1 2 5 4 
299 0 1 5 4 
300 4 6 7 
301 6 4 7 
302 1 0 2 4 
303 7 6 4 
304 0 2 4 
305 6 5 4 
306 1 2 0 3 5 4 
307 7 2 0 3 5 4 
308 1 6 5 7 
309 4 0 1 2 5 
310 6 7 4 
311 3 0 4 7 
312 4 0 5 
313 2 6 4 7 
314 0 2 3 5 
315 2 0 4 7 
316 0 6 4 7 
317 4 0 1 5 
318 7 0 2 4 
319 1 2 0 3 5 4 
320 5 4 
321 5 0 4 7 
322 7 0 5 4 
323 6 7 4 
324 3 0 1 4 6 
325 0 5 4 
326 2 4 
327 1 2 0 3 5 
328 2 0 1 5 4 
329 5 0 4 
330 6 0 1 4 
331 1 4 
332 7 4 
333 1 2 0 3 5 
334 3 0 2 4 7 
335 5 6 4 7 
336 7 0 5 4 
337 7 0 1 5 4 
338 7 0 1 2 3 5 
339 3 2 0 5 4 
340 2 0 1 4 6 
341 6 0 1 2 5 4 
342 5 2 0 3 4 
343 4 2 0 3 5 
344 4 2 0 3 5 
345 2 0 1 3 5 
346 0 6 5 7 
347 3 6 4 7 
348 5 0 1 2 4 
349 4 0 1 2 5 
350 2 0 3 5 
351 5 0 1 4 
352 6 0 2 4 
353 3 0 5 4 
354 2 0 3 5 4 
355 2 6 5 7 
356 7 4 
357 5 6 4 7 
358 0 6 7 4 
359 0 2 3 4 
360 1 6 5 7 
361 2 0 1 5 7 
362 7 2 0 3 5 4 
363 0 2 3 5 4 
364 4 2 0 3 5 
365 6 0 1 5 4 
366 1 4 
367 6 5 7 
368 1 4 
369 2 5 4 
370 3 0 4 7 
371 7 5 4 
372 1 6 4 7 
373 4 0 5 
374 6 0 2 4 
375 1 4 
376 4 0 2 7 
377 2 0 5 4 
378 0 1 5 4 
379 2 4 
380 0 2 4 7 
381 4 2 0 3 5 
382 4 6 7 
383 1 5 4 
384 4 0 5 
385 5 0 1 4 6 
386 6 4 7 
387 6 4 
388 3 4 
389 0 5 4 
390 2 0 5 4 
391 1 0 2 4 
392 3 5 4 
393 7 4 
394 6 0 2 4 7 
395 1 0 2 4 
396 7 0 1 2 3 5 
397 1 0 5 7 
398 0 1 2 5 4 
399 4 0 1 5 
400 5 6 7 
401 7 2 0 3 5 4 
402 7 0 2 4 
403 3 0 5 4 
404 3 0 5 4 
405 6 2 0 3 4 
406 5 6 7 4 
407 4 0 1 2 5 
408 4 2 0 3 
409 3 2 0 5 4 
410 0 6 7 4 
411 3 5 4 
412 5 0 1 7 
414 2 0 3 4 
415 4 0 2 7 
416 6 7 4 
417 3 0 1 5 4 
418 2 0 1 5 4 
419 2 4 
420 4 7 
421 7 0 5 4 
422 0 4 
423 0 2 4 7 
424 1 2 0 3 4 
425 2 0 4 
426 7 0 5 4 
427 0 5 4 
428 4 0 1 5 
429 6 5 4 
430 0 7 4 
431 5 6 4 7 
432 0 6 4 7 
433 6 0 1 4 
434 3 0 1 5 7 
435 7 6 4 
436 1 2 0 3 5 4 
437 6 5 4 
438 6 7 4 
439 3 6 4 7 
440 4 0 1 6 
441 2 6 4 7 
442 0 7 4 
443 2 6 4 7 
444 0 4 
445 4 0 1 5 
446 4 2 0 3 
447 0 5 4 
448 4 0 1 6 
449 5 4 
450 7 6 4 
451 6 4 
452 3 0 1 4 6 
453 0 2 4 7 
454 2 0 4 7 
455 1 0 2 4 
456 3 0 4 7 
457 7 0 1 4 6 
458 6 0 1 2 4 
459 1 2 0 3 5 4 
460 7 0 1 5 
461 1 6 4 7 
462 0 5 4 
463 5 4 
464 7 2 0 3 4 
465 7 0 4 
466 7 5 4 
467 3 0 5 4 
468 3 7 4 
469 6 0 4 7 
470 5 2 0 3 4 
471 4 0 1 2 
472 4 5 
473 2 0 1 4 6 
474 0 6 4 7 
475 3 4 
476 5 6 4 7 
477 4 0 7 
478 2 0 1 4 
479 4 0 5 
480 6 7 4 
481 3 0 2 4 7 
482 2 5 4 
483 2 6 5 7 
484 4 0 7 
485 5 6 4 7 
486 0 5 4 
487 0 6 4 7 
488 1 6 4 7 
489 2 4 
490 7 6 4 
491 0 1 5 7 
492 4 5 
493 6 4 7 
494 1 0 5 4 
495 7 5 4 
496 0 2 3 5 4 
497 6 4 7 
498 3 0 2 4 
499 7 0 5 4 
500 1 6 7 4 
501 4 5 
502 6 0 2 4 7 
503 3 6 4 7 
504 4 0 5 
505 2 5 4 
506 0 2 4 7 
507 2 6 7 4 
508 0 5 4 
509 4 7 
510 4 0 5 
511 1 0 2 3 5 
512 4 0 2 7 
513 5 7 4 
514 7 0 2 4 
515 6 5 4 
516 3 0 2 4 
517 0 5 4 
518 3 0 1 5 4 
519 1 0 5 4 
520 3 0 2 4 7 
521 6 0 1 5 4 
522 6 5 4 
523 1 6 5 7 
524 7 6 4 
525 1 6 4 7 
526 0 4 7 
527 5 2 0 3 4 
528 7 6 4 
529 7 2 0 3 4 
530 7 0 1 5 4 
531 3 4 
532 3 2 0 5 4 
533 6 2 0 3 5 4 
534 5 0 1 4 
535 4 6 7 
536 4 0 7 
537 2 0 3 4 
538 0 4 7 
539 3 0 1 5 7 
540 5 0 1 2 3 
541 4 6 7 
542 2 0 4 
543 4 6 7 
544 6 0 1 4 
545 3 0 2 4 7 
546 2 0 5 4 
547 2 5 4 
548 4 0 1 6 
549 5 4 
550 0 1 2 5 4 
551 0 6 4 7 
552 1 6 4 7 
553 2 0 1 3 5 
554 7 4 
555 1 6 4 7 
556 4 6 7 
557 6 0 2 4 7 
558 1 5 4 
559 7 6 4 
560 0 2 3 5 4 
561 6 4 7 
562 3 2 0 5 4 
563 7 6 4 
564 1 2 0 3 5 4 
565 4 0 1 2 5 
566 6 0 4 7 
567 3 6 5 7 
568 4 2 0 3 5 
569 2 0 3 5 4 
570 0 6 4 7 
571 2 6 4 7 
572 1 6 4 7 
573 4 5 
574 4 0 1 5 
575 1 0 5 4 
576 4 2 0 3 5 
577 5 6 4 7 
578 7 0 1 2 5 4 
579 6 7 4 
580 3 0 2 4 7 
581 0 5 4 
582 2 6 4 7 
583 1 0 5 4 
584 3 0 5 4 
585 7 0 2 4 
586 6 2 0 3 5 4 
587 1 6 4 7 
588 7 6 4 
589 1 4 
590 0 2 3 5 4 
591 5 6 4 7 
592 7 5 4 
593 7 0 4 
594 6 2 0 3 4 
595 3 5 4 
596 3 2 0 5 4 
597 6 0 1 5 7 
598 5 0 1 4 
599 4 0 5 
600 4 0 1 2 3 5 
601 0 6 4 7 
602 0 1 5 4 
603 3 0 2 4 7 
604 5 2 0 3 4 
605 4 7 
606 2 0 1 4 
607 4 5 
608 6 0 1 4 
609 3 2 0 5 4 
610 2 4 
611 3 6 4 7 
613 5 2 0 3 
614 0 1 4 6 
615 0 1 2 3 5 
616 1 0 2 4 
617 2 0 1 4 6 
618 7 0 1 2 3 5 
619 0 6 4 7 
620 4 0 5 
621 6 0 2 4 
622 1 6 4 7 
623 7 6 4 
624 0 2 4 7 
625 6 0 1 2 5 4 
626 3 7 4 
627 6 2 0 3 5 4 
628 1 2 0 3 5 4 
629 4 0 2 7 
630 7 6 4 
631 3 0 1 4 6 
632 4 5 
633 2 4 
634 0 1 5 4 
635 3 0 1 4 6 
636 0 1 5 7 
637 4 0 1 2 
638 4 0 1 2 
639 1 0 5 7 
640 4 2 0 3 5 
641 5 0 1 2 4 
642 7 2 0 3 5 4 
643 6 0 2 4 7 
644 3 2 0 5 4 
645 0 1 4 6 
646 2 0 4 7 
647 1 0 5 4 
648 2 4 
649 7 6 4 
650 6 4 7 
651 1 0 4 6 
652 7 0 1 5 
653 3 2 0 5 4 
654 0 6 4 7 
655 5 0 4 7 
656 7 6 4 
657 6 4 7 
658 7 0 1 4 6 
659 3 4 
660 3 5 4 
661 6 5 4 
662 5 6 7 
663 4 2 0 3 5 
664 4 0 2 7 
665 2 0 3 4 
666 0 7 4 
667 3 6 4 7 
668 5 0 1 4 
669 4 0 2 
670 2 4 
671 4 0 1 6 
672 6 0 1 5 4 
673 3 2 0 5 4 
674 2 6 5 7 
675 2 6 5 7 
676 5 6 4 7 
677 5 6 4 7 
678 0 4 
679 0 1 2 5 4 
680 1 5 4 
681 2 0 3 5 4 
682 7 0 1 2 4 
683 0 1 2 4 
684 4 7 
685 6 2 0 3 5 
686 0 5 4 
687 6 0 1 5 4 
688 0 1 4 6 
689 6 4 7 
690 3 6 4 7 
691 7 6 5 
692 1 4 
693 4 6 7 
694 7 2 0 3 5 
695 3 0 5 4 
696 4 6 7 
697 2 0 1 3 5 
698 0 2 3 5 
699 2 6 4 7 
700 0 1 5 4 
701 4 0 1 2 
702 4 0 1 6 
703 1 0 4 6 
704 4 0 2 7 
705 5 2 0 3 
706 7 0 1 2 3 5 
707 6 2 0 3 5 
708 3 2 0 5 
709 0 2 4 
710 2 0 3 5 4 
711 1 0 4 7 
712 3 0 1 2 5 
713 5 4 
714 6 0 2 4 7 
715 1 4 
716 6 0 2 4 7 
717 1 0 2 4 
718 1 0 2 5 4 
719 4 2 0 3 5 
720 7 0 2 4 
721 7 6 4 
722 7 6 4 
723 3 4 
724 3 2 0 4 
725 6 4 7 
726 5 0 1 4 
727 4 0 2 7 
728 4 0 2 7 
729 2 6 4 7 
730 0 6 4 7 
731 3 6 5 7 
732 5 0 1 7 
733 4 6 7 
734 2 0 5 4 
735 4 5 
736 6 4 7 
737 3 2 0 5 4 
738 2 7 4 
739 1 5 4 
740 4 0 5 
741 5 2 0 3 4 
742 0 7 4 
743 0 5 4 
744 1 0 5 4 
745 2 0 5 4 
746 6 5 4 
747 0 4 
748 4 5 
749 6 4 7 
750 1 6 4 7 
751 7 0 1 5 
752 0 6 4 7 
753 6 4 7 
754 3 0 1 2 5 
755 7 0 1 5 4 
756 1 0 2 4 7 
757 4 0 1 6 
758 6 2 0 3 4 
759 3 5 4 
760 5 0 2 4 7 
761 2 6 5 7 
762 0 5 4 
763 2 0 4 
764 0 5 4 
765 5 6 4 7 
766 7 6 4 
767 1 0 5 7 
768 6 7 4 
769 5 2 0 3 4 
770 7 0 2 4 
771 6 4 7 
772 3 2 0 5 
773 0 2 4 7 
774 3 6 4 7 
775 6 0 1 2 3 5 
776 3 5 4 
777 7 2 0 3 5 4 
778 6 0 1 5 4 
779 1 6 4 7 
781 1 0 4 6 
782 0 7 4 
783 5 6 7 4 
784 6 0 2 4 7 
785 7 2 0 3 4 
786 7 2 0 3 4 
787 2 5 4 
788 3 2 0 5 4 
789 6 0 1 2 3 5 
790 5 6 4 7 
791 5 6 7 
792 5 6 4 7 
793 2 0 1 3 5 
794 0 6 4 7 
795 3 4 
796 1 6 4 7 
797 5 0 1 4 
798 2 4 
799 5 6 4 7 
800 6 5 4 
801 1 0 5 4 
802 2 0 3 4 
803 2 6 4 7 
804 5 2 0 3 4 
805 5 0 1 4 6 
806 0 6 4 7 
807 0 5 4 
808 0 2 4 
809 2 6 4 7 
810 7 4 
811 1 0 4 6 
813 6 4 7 
814 1 2 0 3 5 4 
815 7 2 0 3 5 
816 0 7 4 
817 6 4 7 
818 3 5 4 
819 5 4 
820 1 0 2 4 7 
821 5 4 
822 5 2 0 3 4 
823 3 6 5 7 
824 5 2 0 3 4 
825 2 0 4 7 
826 0 2 4 7 
827 2 0 4 7 
828 0 5 4 
829 5 0 2 4 7 
830 5 6 4 7 
831 1 0 2 5 4 
832 1 0 5 4 
833 5 0 4 
834 7 0 1 5 
835 2 0 4 7 
836 3 2 0 4 
837 3 2 0 5 
838 2 0 5 4 
839 1 2 0 3 5 
840 3 2 0 5 4 
841 2 0 4 7 
842 4 0 2 
843 2 6 4 7 
844 7 5 4 
845 3 6 7 4 
846 3 0 1 2 5 
847 7 4 
848 5 0 1 2 4 
849 7 0 1 5 4 
850 7 6 5 
851 3 0 2 4 
852 3 7 4 
853 6 4 7 
854 5 0 4 
855 5 2 0 3 4 
856 5 4 
857 0 5 4 
858 0 4 
859 3 6 7 4 
860 5 2 0 3 4 
861 6 4 7 
862 3 6 4 7 
863 5 0 1 2 3 
864 6 0 2 4 7 
865 3 6 4 7 
866 3 7 4 
867 2 0 1 5 7 
868 5 6 4 7 
869 5 2 0 3 4 
870 0 2 4 7 
871 1 0 2 5 4 
872 1 0 2 4 7 
873 2 6 5 7 
874 7 0 1 5 4 
875 2 0 1 5 4 
876 4 6 7 
877 6 2 0 3 4 
878 3 2 0 5 4 
879 7 0 4 
880 0 2 3 5 
881 6 4 7 
882 3 6 4 7 
883 7 5 4 
884 1 0 2 3 5 
885 5 4 
886 6 4 7 
887 3 6 4 7 
888 5 6 7 
889 2 6 5 7 
890 1 0 5 4 
891 0 2 3 5 
892 1 6 5 7 
893 5 0 1 4 6 
894 5 0 1 4 6 
895 0 2 3 5 4 
896 5 0 4 
897 5 0 4 
898 7 2 0 3 4 
899 6 0 1 4 
900 3 0 1 5 4 
901 2 0 5 4 
902 1 2 0 3 5 4 
903 1 6 4 7 
904 0 1 5 7 
905 7 0 2 4 
906 6 0 1 4 
907 2 0 1 3 5 
908 7 0 5 4 
909 3 6 4 7 
910 3 5 4 
911 5 6 7 4 
912 1 0 2 4 7 
913 6 0 2 4 7 
914 5 0 1 2 4 
915 5 0 1 4 
916 3 2 0 5 4 
917 7 6 4 
918 1 6 7 4 
919 1 0 5 4 
920 0 2 3 5 4 
921 0 1 5 7 
922 6 4 7 
923 2 6 4 7 
924 5 0 1 4 
925 5 0 4 7 
926 1 4 
927 6 4 
928 1 6 4 7 
929 1 2 0 3 5 
930 2 0 1 4 6 
931 5 2 0 3 
932 1 6 4 7 
933 7 0 1 4 6 
934 5 4 
935 7 0 2 4 
936 5 0 1 4 
937 2 0 3 5 4 
938 1 0 5 7 
939 1 2 0 3 5 4 
940 1 2 0 3 4 
941 6 2 0 3 5 
942 1 2 0 3 5 4 
943 5 6 4 7 
944 6 4 7 
945 2 0 3 5 4 
946 3 0 2 4 
947 2 0 1 3 5 
948 7 0 4 
949 5 0 4 
950 0 1 5 7 
951 6 7 4 
952 5 4 
953 2 6 4 7 
954 6 5 4 
955 6 5 7 
956 4 0 1 2 
957 5 0 1 2 4 
958 2 0 4 
959 7 0 2 4 
960 1 0 5 4 
961 6 7 4 
962 7 0 1 2 4 
963 5 0 1 4 6 
964 3 2 0 5 4 
965 2 0 3 5 
966 2 0 4 7 
967 1 0 5 4 
968 5 2 0 3 4 
969 7 0 2 4 
970 6 0 5 4 
971 2 0 5 4 
972 7 4 
973 5 4 
974 3 6 7 4 
975 5 2 0 3 4 
976 6 4 7 
977 6 0 1 5 4 
978 6 0 1 4 
979 5 6 7 4 
980 2 0 1 5 4 
981 6 0 1 2 5 4 
982 1 0 2 4 
983 1 0 2 5 4 
984 0 2 4 7 
985 0 4 
986 6 2 0 3 5 4 
987 1 0 2 4 
988 1 0 2 5 4 
989 5 0 1 4 
990 2 6 7 4 
991 6 2 0 3 5 4 
992 1 2 0 3 5 
993 1 6 4 7 
994 2 0 1 4 6 
995 5 2 0 3 4 
996 1 2 0 3 5 4 
997 6 4 7 
998 5 7 4 
999 7 4 
1000 5 0 1 2 3 
1001 2 0 1 5 4 
1002 1 6 5 7 
1003 2 0 3 4 
1004 1 5 4 
1005 6 0 1 2 5 4 
1006 2 6 5 7 
1007 5 4 
1008 6 0 1 2 4 
1009 3 2 0 5 
1010 1 0 5 7 
1011 2 0 3 5 4 
1012 7 0 1 4 6 
1013 6 0 4 7 
1014 0 5 4 
1015 6 0 1 4 
1016 5 6 4 7 
1017 3 6 4 7 
1018 6 0 1 5 7 
1019 6 5 4 
1020 4 5 
1021 5 4 
1022 2 6 4 7 
1023 5 6 4 7 
