0 7 3 4 2 
1 1 7 
2 0 6 1 4 7 
3 2 6 1 4 7 0 
4 2 6 4 1 7 
5 7 3 2 
6 4 3 7 2 
7 7 2 1 3 
8 1 3 4 2 
9 5 1 0 
10 3 4 6 2 5 1 7 
11 4 2 7 3 
12 0 4 2 5 7 6 
13 4 3 2 
14 3 2 4 7 
15 2 1 7 
16 5 4 3 2 
17 5 4 1 0 7 
18 4 6 5 2 7 
19 7 2 5 3 
20 7 2 6 3 
21 5 4 3 2 
22 1 4 6 0 
23 7 3 1 4 0 5 2 
24 1 7 0 2 
25 2 1 7 0 
26 4 1 3 7 2 0 
27 5 6 1 4 7 0 
28 7 2 1 
29 3 5 4 1 7 6 
30 3 5 4 1 7 6 
31 1 4 5 6 
32 5 4 1 6 0 
33 7 2 4 3 
34 6 2 1 0 3 
35 0 2 3 1 
36 7 0 2 6 1 
37 0 4 3 2 
38 1 3 4 6 7 2 
39 3 2 
40 2 0 6 1 
41 3 1 5 4 2 7 0 
42 7 2 3 0 1 
43 2 3 4 
44 7 1 3 0 
45 3 4 1 6 
46 0 6 1 7 
47 3 2 6 0 7 
48 5 6 1 0 7 
49 6 2 4 1 7 3 
50 1 4 5 6 0 
51 4 3 2 1 
52 1 7 4 6 5 
53 7 5 3 2 
54 7 2 1 
55 1 0 2 6 
56 5 4 3 7 2 
57 4 3 2 1 
58 3 4 5 6 1 
59 0 2 1 3 
60 3 4 1 0 5 2 6 
61 4 1 3 7 2 0 
62 7 1 3 0 
63 3 2 4 7 
64 7 1 3 0 
65 1 3 0 2 6 
66 0 4 1 3 5 2 6 
67 2 4 1 5 6 0 
68 2 4 1 6 0 
69 7 5 4 1 6 
70 4 6 2 5 7 1 
71 7 2 6 1 3 
72 1 0 3 6 7 2 
73 5 1 3 0 2 6 
74 3 4 1 6 
75 4 5 6 1 
76 0 3 2 1 
77 4 1 7 0 2 
78 3 4 5 6 1 
79 2 3 
80 5 1 0 
81 5 7 1 3 2 
82 4 6 1 7 0 
83 7 1 3 2 0 
84 7 2 6 3 
85 5 7 2 3 
86 1 2 3 
87 7 2 5 3 
88 0 3 4 6 7 2 
89 2 4 5 6 1 
90 5 3 2 1 0 
91 5 4 3 2 
92 7 2 6 1 3 
93 3 5 4 1 7 6 
94 3 5 4 7 
95 1 5 3 7 2 
96 5 2 4 3 7 
97 7 5 3 2 
98 6 1 4 0 5 
99 0 5 4 7 
100 7 6 3 4 2 
101 0 4 1 3 5 2 6 
102 1 7 2 3 
103 3 4 5 7 2 
104 2 3 1 0 
105 3 5 7 2 
106 7 2 5 3 
107 2 4 3 7 
108 7 1 3 2 
109 3 0 6 1 7 2 
110 0 3 4 2 
111 3 4 2 5 6 1 
112 5 4 7 6 
113 6 4 3 5 1 2 7 
114 1 0 
115 4 5 6 1 
116 1 4 5 0 7 
117 7 2 1 3 
118 7 1 3 2 0 
119 1 3 2 0 
120 5 2 4 1 7 3 
121 4 2 7 6 1 3 
122 3 1 7 0 2 
123 0 4 1 6 
124 3 6 4 7 
125 4 1 6 3 7 0 
126 7 1 3 0 
127 3 1 7 0 2 
128 7 2 3 
129 1 2 6 3 7 
130 0 4 2 5 6 1 
131 2 4 1 5 0 7 
132 2 4 6 5 1 3 7 
133 7 0 2 6 1 
134 4 5 1 7 6 
135 7 1 0 2 
136 1 7 
137 5 3 4 2 1 
138 3 4 2 0 1 6 
139 4 2 3 7 
140 0 4 5 6 1 
141 4 2 5 6 1 
142 3 6 1 4 7 0 
143 0 7 2 3 
144 5 2 6 1 3 7 
145 5 2 4 3 7 
146 4 2 3 
147 7 4 6 2 5 1 3 
148 7 1 5 4 2 0 
149 5 7 2 1 3 
150 1 4 6 5 2 7 
151 7 3 4 2 1 
152 1 2 0 3 
153 2 5 3 7 
154 4 2 1 3 
155 5 2 6 1 3 7 
156 7 1 3 0 
157 3 4 5 7 2 
158 3 0 2 6 1 
159 1 2 0 3 
160 5 2 3 0 1 
161 7 3 4 6 2 
162 6 2 4 1 7 3 
163 0 7 2 3 
164 7 6 4 1 
165 0 2 7 3 
166 1 5 4 7 
167 3 2 7 
168 2 1 6 3 7 0 
169 3 5 7 2 
170 7 2 1 3 
171 2 4 1 3 0 5 6 
172 6 5 4 1 7 
173 3 4 2 0 1 6 
174 0 4 5 3 7 2 
175 2 6 1 7 3 
176 5 6 2 4 7 1 
177 6 5 4 7 
178 1 7 2 3 
179 4 1 0 5 
180 1 2 5 3 7 
181 7 3 1 4 0 5 2 
182 7 2 1 3 
183 0 4 2 5 7 6 
184 5 0 2 6 1 
185 4 2 3 
186 3 5 7 2 
187 0 2 1 7 
188 3 6 4 2 7 
189 4 3 1 0 5 2 
190 7 4 6 
191 3 6 4 1 7 
192 7 0 3 6 1 2 
193 1 4 5 7 
194 0 4 1 5 
195 2 4 5 3 7 
196 2 3 7 
197 6 4 2 0 1 
198 5 0 3 6 1 7 2 
199 6 7 2 3 
200 0 1 6 3 7 
201 5 2 7 3 
202 2 1 3 
203 4 3 7 2 
204 0 2 7 6 1 3 
205 4 7 1 3 2 
206 3 2 7 6 1 
207 2 1 3 0 7 
208 6 4 1 5 0 7 
209 5 4 1 
210 4 1 0 
211 7 6 4 1 
212 7 4 1 5 6 0 
213 4 3 2 1 0 
214 1 2 6 3 7 
215 7 3 2 1 0 
216 1 4 6 5 2 7 
217 2 5 3 7 
218 4 1 5 
219 5 2 1 3 
220 7 4 1 6 
221 3 4 2 5 7 6 
222 3 0 2 6 1 
223 1 4 6 5 2 7 
224 5 2 3 1 
225 7 2 6 1 3 
226 6 1 5 4 2 7 0 
227 3 7 1 2 
228 6 2 1 3 
229 0 5 3 7 2 
230 0 2 4 1 7 3 
231 3 0 6 1 7 2 
232 2 5 4 7 
233 3 1 0 
234 7 4 1 5 6 0 
235 2 6 4 7 
236 7 2 3 1 
237 3 4 5 1 2 7 
238 0 2 5 3 7 
239 3 4 1 0 5 2 6 
240 5 7 4 6 1 
241 6 4 3 2 
242 1 2 7 
243 4 1 3 0 5 2 6 
244 1 2 0 3 
245 7 4 3 2 
246 7 4 2 5 6 
247 1 4 7 6 
248 5 4 1 6 
249 4 3 5 1 2 7 
250 3 2 1 0 
251 0 4 5 3 7 2 
252 3 1 7 2 0 
253 4 1 5 0 7 
254 7 2 6 1 3 
255 2 1 3 
256 7 4 3 5 1 2 
257 1 3 0 2 6 
258 0 2 3 
259 2 3 1 
260 2 4 1 5 
261 7 1 3 0 
262 4 1 5 0 7 
263 5 3 4 2 
264 1 6 3 4 2 7 
265 5 1 3 7 2 0 
266 3 1 0 
267 4 1 3 0 7 
268 0 6 1 7 
269 4 1 3 0 2 6 
270 3 0 2 6 1 
271 2 3 4 6 7 
272 5 4 1 6 0 
273 5 4 3 2 
274 4 2 1 7 
275 7 5 4 1 6 
276 7 2 6 1 3 
277 5 3 4 2 1 
278 1 4 5 3 7 2 
279 5 4 7 
280 1 5 4 2 7 0 
281 2 7 3 
282 4 2 1 
283 5 4 2 0 1 6 
284 7 2 1 
285 2 4 3 5 1 7 
286 3 2 6 0 7 
287 1 4 5 0 7 
288 5 4 7 
289 6 4 2 0 1 
290 6 4 5 7 
291 0 2 3 
292 7 1 3 2 0 
293 0 1 6 3 7 
294 1 6 0 7 
295 3 4 6 2 5 1 7 
296 2 7 1 
297 3 6 4 1 7 
298 7 3 2 
299 2 6 4 7 
300 7 1 6 3 0 
301 3 1 5 4 2 7 0 
302 0 7 1 
303 3 4 6 7 2 
304 5 7 2 1 3 
305 6 7 1 
306 0 4 5 7 
307 4 2 3 0 1 
308 1 7 
309 7 4 1 6 0 
310 7 4 6 5 1 
311 1 7 
312 5 1 3 7 2 0 
313 4 0 2 6 1 
314 3 1 4 0 5 
315 0 4 5 3 7 2 
316 2 3 0 1 
317 5 4 7 
318 6 3 4 7 2 
319 0 4 2 5 7 6 
320 6 2 5 3 7 
321 1 2 7 3 
322 0 4 2 1 6 
323 2 1 4 0 5 
324 2 3 6 0 7 
325 7 2 5 3 
326 4 3 1 0 5 2 
327 7 1 3 0 
328 1 7 
329 4 1 7 0 2 
330 3 5 7 2 
331 4 6 7 
332 0 1 3 2 6 
333 5 2 3 7 
334 3 4 6 5 2 7 
335 2 7 4 6 5 1 
336 4 7 6 
337 5 1 0 
338 4 1 6 3 7 0 
339 7 3 2 
340 6 2 3 
341 5 2 3 1 
342 1 6 2 5 4 7 
343 7 1 
344 1 6 3 7 0 
345 2 4 1 3 0 5 6 
346 4 7 6 
347 4 1 3 0 5 2 6 
348 7 4 1 5 
349 0 7 1 
350 3 4 1 6 0 
351 0 3 7 2 
352 4 3 2 1 
353 7 4 5 
354 6 2 1 
355 0 7 1 3 2 
356 7 4 6 5 2 
357 0 6 4 7 
358 1 4 2 0 6 
359 2 4 7 6 
360 0 3 4 2 1 
361 3 6 2 5 4 7 1 
362 7 6 4 
363 2 7 1 3 
364 7 3 4 2 
365 3 5 7 2 
366 0 4 5 6 1 
367 3 5 4 1 7 6 
368 7 3 2 
369 6 4 5 3 7 2 
370 1 2 4 7 3 
371 4 1 3 0 5 2 6 
372 1 2 4 7 3 
373 4 6 5 2 7 
374 6 1 0 7 
375 1 4 0 5 
376 4 2 1 0 3 
377 7 1 0 
378 3 4 7 6 
379 0 3 4 6 7 2 
380 3 4 1 5 6 0 
381 4 3 6 7 2 
382 7 4 6 2 5 1 3 
383 3 2 0 1 
384 7 1 0 2 
385 1 4 2 5 6 
386 0 4 1 6 
387 2 4 1 5 0 7 
388 2 1 3 7 0 
389 7 2 6 1 3 
390 4 0 3 6 1 7 2 
391 7 2 3 
392 1 6 4 7 
393 5 3 2 1 0 
394 3 2 6 0 7 
395 4 2 6 3 7 
396 0 4 7 6 
397 4 5 7 
398 3 7 4 6 5 1 
399 2 1 4 0 5 
400 5 4 3 7 2 
401 5 4 6 2 1 3 7 
402 4 2 7 6 1 3 
403 7 2 3 
404 7 2 6 1 3 
405 5 2 3 
406 1 2 
407 6 3 1 4 0 5 2 
408 1 6 4 7 
409 2 4 1 5 
410 4 2 5 6 1 
411 5 3 4 2 
412 7 1 0 2 
413 3 1 0 
414 0 3 4 2 1 
415 1 3 2 0 
416 5 2 1 
417 7 1 
418 6 2 1 3 7 
419 0 6 1 7 
420 7 4 1 5 
421 0 2 3 6 7 
422 1 4 5 3 7 2 
423 3 2 1 
424 2 6 4 1 7 
425 3 2 1 7 
426 6 3 4 2 7 
427 2 4 3 5 1 7 
428 7 1 0 
429 3 1 4 0 5 
430 0 5 4 1 7 6 
431 3 4 2 5 7 6 
432 7 2 1 0 3 
433 6 4 1 5 
434 1 6 4 7 0 
435 4 1 0 
436 1 0 
437 7 2 1 
438 7 6 2 5 4 1 
439 1 4 5 6 0 
440 5 4 7 
441 4 1 3 0 2 6 
442 2 4 5 6 1 
443 0 7 2 3 
444 2 4 7 6 
445 4 5 7 
446 7 2 1 
447 3 2 0 1 
448 7 2 6 3 
449 1 7 
450 0 4 1 5 6 
451 2 3 4 
452 2 1 0 3 
453 7 2 3 6 0 
454 4 2 6 1 7 3 
455 5 1 4 0 
456 1 7 2 3 
457 5 7 1 
458 3 7 2 
459 4 2 5 7 6 
460 0 4 1 6 
461 4 1 0 
462 2 3 1 
463 2 4 1 7 3 
464 5 4 2 6 1 
465 5 4 6 2 1 3 7 
466 4 7 2 1 3 
467 7 3 4 2 1 
468 7 1 3 2 
469 5 2 1 
470 1 2 3 
471 7 4 1 6 0 
472 1 6 0 7 
473 2 4 1 7 3 
474 4 1 6 
475 5 2 1 
476 7 4 2 0 1 6 
477 3 1 0 2 6 
478 3 4 1 5 6 0 
479 1 4 6 2 5 3 7 
480 5 7 2 3 
481 7 1 4 0 5 
482 6 2 3 0 7 
483 0 5 3 7 2 
484 7 1 0 
485 0 2 7 6 1 3 
486 1 3 0 2 6 
487 3 1 7 0 2 
488 2 6 1 4 7 0 
489 3 6 1 0 7 
490 7 4 6 2 5 1 3 
491 2 4 1 5 
492 7 5 4 
493 3 4 5 6 1 
494 0 4 3 2 
495 3 1 7 0 2 
496 4 6 2 5 1 3 7 
497 6 4 1 3 0 5 2 
498 1 3 0 2 6 
499 4 2 6 1 3 7 
500 0 3 4 2 
501 7 6 4 1 
502 7 6 4 
503 0 4 1 5 
504 5 1 3 7 2 0 
505 7 2 1 
506 3 2 4 1 7 
507 0 2 1 7 
508 3 5 4 7 
509 4 2 6 1 7 3 
510 7 2 1 3 
511 3 4 1 5 6 0 
512 7 4 5 
513 1 7 3 2 
514 0 2 4 3 7 
515 2 4 5 3 7 
516 2 1 5 4 7 0 
517 7 1 3 0 
518 7 4 6 5 1 
519 7 0 3 6 1 2 
520 1 3 4 0 5 2 
521 5 6 2 4 7 1 
522 3 1 7 2 0 
523 4 1 3 0 7 
524 1 4 3 5 2 7 
525 4 1 6 0 
526 3 2 6 0 7 
527 2 3 0 1 
528 6 0 3 1 7 2 
529 5 3 7 2 
530 4 1 6 0 
531 7 4 1 6 
532 7 2 4 3 
533 5 6 3 4 2 7 
534 1 4 5 0 7 
535 7 1 3 0 
536 1 7 4 6 5 
537 2 4 6 5 7 
538 4 3 7 2 
539 5 2 1 3 
540 7 5 4 
541 3 4 5 1 2 7 
542 3 7 2 1 
543 1 4 6 2 5 3 7 
544 5 4 2 7 6 
545 7 4 6 5 2 
546 6 2 7 1 3 
547 0 3 4 6 7 2 
548 7 2 6 3 
549 0 2 1 3 
550 1 2 7 
551 3 4 1 0 5 2 6 
552 2 4 3 5 1 7 
553 3 7 1 2 
554 7 1 0 2 
555 2 5 3 7 
556 7 2 6 1 3 
557 3 1 6 7 0 
558 0 2 6 1 7 3 
559 3 7 4 6 5 1 
560 5 4 6 2 1 3 7 
561 6 3 2 1 0 
562 1 0 3 6 7 2 
563 4 1 5 
564 1 2 0 3 
565 7 1 0 2 
566 7 3 2 
567 1 2 0 3 
568 5 1 4 0 
569 4 7 1 3 2 
570 3 7 2 
571 0 1 5 4 2 7 
572 3 6 4 7 
573 4 1 6 
574 7 1 3 2 
575 3 2 1 
576 7 4 6 5 1 
577 1 6 2 5 4 7 
578 1 2 6 3 7 
579 2 6 4 7 
580 2 5 3 7 
581 6 4 5 2 7 
582 4 2 7 6 1 3 
583 7 4 6 5 2 
584 1 2 4 7 3 
585 5 6 1 4 7 0 
586 3 2 4 1 7 
587 4 7 6 5 1 
588 1 4 6 2 5 3 7 
589 4 2 1 7 3 
590 0 3 1 4 5 2 
591 2 1 
592 5 4 1 6 0 
593 5 4 3 7 2 
594 4 2 3 
595 7 1 4 0 5 
596 7 2 6 1 3 
597 5 4 1 7 6 
598 0 3 2 1 
599 6 2 4 1 7 3 
600 1 3 4 2 
601 2 4 3 7 
602 4 6 1 0 7 
603 5 2 6 1 7 3 
604 6 1 4 7 0 
605 3 2 7 6 1 
606 2 4 1 3 0 5 6 
607 1 4 5 7 
608 2 1 5 4 7 0 
609 6 4 3 2 
610 6 4 1 7 
611 0 2 1 7 
612 6 4 7 
613 0 4 1 5 
614 1 2 7 
615 3 2 0 1 
616 2 4 5 3 7 
617 3 7 1 
618 6 4 2 0 1 
619 2 5 3 7 
620 6 1 3 0 7 
621 3 4 1 6 
622 0 3 1 4 5 2 
623 3 4 1 5 0 7 
624 5 3 4 6 7 2 
625 6 2 5 4 7 1 
626 1 0 3 6 7 2 
627 4 6 3 2 7 
628 1 2 5 3 7 
629 7 2 1 3 
630 6 4 5 1 
631 1 2 3 
632 5 4 1 3 0 2 6 
633 4 7 2 1 3 
634 3 4 2 1 
635 0 3 2 1 
636 3 2 1 7 
637 4 7 6 
638 6 4 2 0 1 
639 3 4 2 1 
640 6 1 3 7 0 
641 1 4 2 0 6 
642 0 2 4 1 7 3 
643 2 4 3 
644 2 4 6 5 1 3 7 
645 6 2 3 7 
646 5 2 1 
647 6 4 3 5 1 2 7 
648 1 2 3 0 
649 5 1 4 0 
650 3 2 7 
651 4 1 6 0 
652 0 2 1 3 
653 4 1 5 2 7 0 
654 3 1 4 0 5 2 
655 2 3 4 
656 5 4 1 0 7 
657 5 4 2 6 1 
658 4 3 1 0 5 2 
659 6 4 5 1 
660 6 2 1 3 7 
661 4 6 1 7 
662 1 2 3 
663 6 3 4 2 
664 1 2 6 3 7 
665 2 6 1 4 7 0 
666 4 7 6 
667 5 4 6 1 
668 6 4 1 
669 3 7 2 
670 3 2 6 1 7 
671 1 4 5 6 0 
672 6 2 1 
673 6 4 5 3 7 2 
674 6 7 4 5 1 
675 3 4 5 7 
676 6 0 2 1 
677 0 4 5 3 7 2 
678 1 4 6 
679 3 2 0 1 
680 2 6 3 7 
681 2 1 6 3 7 0 
682 6 1 3 7 2 0 
683 2 4 5 7 
684 6 4 2 5 1 
685 3 4 5 1 2 7 
686 0 5 3 7 2 
687 3 2 6 7 
688 5 2 6 3 7 
689 6 1 3 0 7 
690 1 5 4 7 6 
691 4 1 6 
692 1 2 7 6 3 
693 7 2 6 1 3 
694 6 3 2 1 0 
695 1 4 2 5 6 
696 5 4 1 6 
697 5 4 3 1 2 7 
698 3 2 7 
699 0 6 3 4 2 7 
700 3 4 5 7 2 
701 4 5 3 7 2 
702 6 4 3 2 
703 2 7 1 3 
704 6 2 3 7 
705 1 4 5 3 7 2 
706 0 2 6 3 7 
707 1 4 5 6 
708 2 5 4 1 7 6 
709 6 2 3 0 1 
710 4 7 1 3 2 
711 6 1 4 0 5 
712 1 2 3 
713 5 3 7 2 
714 3 5 7 2 
715 4 6 1 7 0 
716 0 2 7 6 1 3 
717 4 3 2 1 
718 3 2 1 7 
719 2 4 5 7 6 
720 5 4 3 2 
721 5 4 6 2 7 
722 4 6 2 5 7 1 
723 6 4 7 
724 6 2 5 4 7 1 
725 5 3 1 4 0 2 
726 1 6 2 5 4 7 
727 6 3 4 2 
728 1 6 0 7 
729 2 3 0 1 
730 4 2 0 1 6 
731 5 4 1 6 0 
732 6 1 0 7 
733 3 4 2 5 7 6 
734 3 2 1 0 
735 1 4 5 3 7 2 
736 5 4 1 6 0 
737 6 3 4 2 7 
738 6 4 1 3 0 5 2 
739 0 4 2 5 7 6 
740 6 2 3 0 7 
741 0 1 6 3 7 
742 1 4 7 6 
743 3 4 1 5 6 0 
744 2 4 0 1 6 
745 3 2 6 7 
746 6 4 1 7 
747 2 4 5 7 
748 6 2 7 3 
749 3 6 2 5 4 7 1 
750 0 2 6 1 3 7 
751 3 2 1 0 
752 5 4 1 3 0 2 6 
753 6 2 7 1 3 
754 1 4 6 
755 4 3 6 7 2 
756 1 2 3 
757 7 2 1 3 
758 6 4 1 7 
759 1 4 6 0 
760 5 7 4 6 1 
761 4 7 6 5 1 
762 3 2 4 7 
763 0 2 7 3 
764 3 2 1 
765 4 6 1 7 0 
766 6 1 5 4 2 7 0 
767 3 2 4 7 
768 6 2 3 0 1 
769 1 2 6 7 3 
770 0 1 
771 2 1 7 0 
772 2 3 4 
773 6 4 1 5 0 
774 4 1 5 2 7 0 
775 6 2 7 1 3 
776 1 6 3 4 2 7 
777 5 7 2 3 
778 3 2 1 0 
779 4 2 3 6 0 7 
780 0 3 4 6 7 2 
781 4 6 3 2 7 
782 3 2 6 1 7 
783 2 4 3 5 1 7 
784 5 7 2 1 3 
785 5 4 3 7 2 
786 4 5 3 7 2 
787 6 4 5 2 7 
788 6 4 2 5 1 
789 5 2 3 6 0 7 
790 1 3 4 2 
791 6 2 5 4 7 1 
792 1 2 7 3 
793 2 7 3 
794 4 0 2 6 1 
795 5 4 7 
796 6 0 3 1 7 2 
797 2 7 4 6 5 1 
798 2 4 3 7 
799 1 4 2 5 6 
800 5 3 7 2 
801 6 2 3 0 7 
802 6 2 7 3 
803 0 5 3 7 2 
804 6 2 1 3 
805 0 6 1 4 7 
806 1 7 3 2 
807 2 1 5 4 7 0 
808 2 6 1 3 7 
809 2 1 4 0 5 
810 6 3 4 2 7 
811 2 6 4 1 7 
812 6 2 1 0 3 
813 3 2 4 1 7 
814 0 2 3 6 7 
815 2 6 5 4 7 1 
816 5 6 4 7 
817 6 2 7 3 
818 1 7 
819 4 3 6 7 2 
820 1 5 4 7 6 
821 7 2 3 1 
822 6 4 5 2 7 
823 1 5 4 7 
824 5 3 1 4 0 2 
825 4 1 3 0 2 6 
826 2 1 5 4 7 0 
827 0 4 2 1 6 
828 2 1 7 
829 4 6 2 5 7 1 
830 6 4 1 7 
831 2 6 3 4 7 
832 6 4 2 5 7 
833 1 7 2 3 
834 0 3 1 4 5 2 
835 2 7 1 3 
836 2 3 6 0 7 
837 6 3 1 4 0 5 2 
838 4 5 6 1 
839 6 4 1 5 0 7 
840 1 5 4 7 
841 5 4 3 7 2 
842 2 7 6 1 3 
843 4 6 1 7 0 
844 0 7 2 1 3 
845 4 2 1 3 
846 2 1 3 0 6 
847 2 4 1 5 6 0 
848 5 6 4 1 7 
849 5 7 4 6 1 
850 4 2 0 1 6 
851 6 0 3 1 7 2 
852 6 2 3 7 
853 5 4 1 
854 1 4 3 5 2 7 
855 6 1 0 7 
856 1 3 4 6 7 2 
857 2 5 3 7 
858 4 3 2 
859 5 4 1 6 0 
860 6 2 1 3 7 
861 2 1 7 0 
862 2 0 3 6 1 7 
863 1 5 4 7 6 
864 5 4 6 1 
865 6 4 1 5 
866 6 2 1 3 
867 0 3 4 2 
868 6 2 1 7 
869 0 4 6 5 2 7 
870 0 2 4 3 7 
871 2 4 5 3 7 
872 2 7 1 3 
873 2 7 1 
874 6 2 7 3 
875 2 4 6 5 1 3 7 
876 6 1 4 0 5 
877 3 1 6 7 0 
878 0 4 1 5 7 
879 2 0 6 1 
880 5 4 3 7 2 
881 6 4 3 5 1 2 7 
882 0 1 3 2 6 
883 4 6 1 7 
884 0 2 3 6 7 
885 7 4 5 
886 6 4 1 3 0 5 2 
887 0 1 4 5 
888 5 1 3 0 2 6 
889 4 0 3 6 1 7 2 
890 2 0 6 1 
891 0 1 6 3 7 
892 2 5 3 7 
893 4 0 2 6 1 
894 6 7 1 3 2 
895 2 1 5 4 7 0 
896 6 5 4 1 7 
897 1 4 3 5 2 7 
898 0 4 1 6 
899 7 4 2 5 6 1 
900 2 6 3 4 7 
901 6 7 2 1 3 
902 1 2 3 
903 1 0 2 6 
904 5 1 0 
905 0 3 2 1 
906 4 2 3 7 
907 2 6 1 7 3 
908 5 4 7 6 
909 0 2 5 3 7 
910 0 2 6 1 
911 2 4 5 3 7 
912 5 1 3 0 7 
913 5 1 3 0 2 6 
914 1 4 3 2 
915 0 7 2 1 3 
916 0 4 2 5 7 6 
917 0 4 1 5 7 
918 0 6 1 4 7 
919 6 4 1 
920 4 6 1 7 
921 4 0 3 6 1 7 2 
922 3 2 6 1 7 
923 5 4 1 
924 6 2 3 0 7 
925 6 7 2 3 
926 6 4 5 1 
927 6 3 4 2 7 
928 5 2 6 1 7 3 
929 6 4 2 5 1 3 7 
930 2 7 6 1 3 
931 6 4 1 5 0 
932 6 4 5 3 7 2 
933 4 5 7 
934 5 6 3 4 2 7 
935 5 2 6 1 7 3 
936 4 7 6 5 1 
937 5 2 7 3 
938 6 1 3 7 0 
939 6 4 7 
940 6 4 3 2 
941 0 3 7 2 
942 3 2 1 
943 2 4 5 3 7 
944 5 4 2 0 1 6 
945 5 2 6 1 3 7 
946 4 3 2 1 
947 4 2 1 7 3 
948 4 1 5 0 7 
949 7 4 1 5 
950 6 1 3 0 2 
951 6 1 3 0 2 
952 6 1 3 7 2 0 
953 6 4 2 5 1 
954 0 6 3 4 2 7 
955 2 1 3 7 0 
956 4 5 7 
957 5 4 3 2 
958 6 4 3 2 
959 6 1 0 7 
960 6 4 7 
961 1 6 3 7 0 
962 0 1 5 4 2 7 
963 7 2 1 3 
964 1 3 4 0 5 2 
965 1 2 3 
966 1 5 4 2 7 0 
967 1 2 3 0 
968 5 4 3 7 2 
969 0 3 2 1 
970 5 4 2 7 6 
971 2 4 5 6 1 
972 4 6 1 0 7 
973 0 3 1 4 5 2 
974 0 2 1 
975 0 2 3 1 
976 6 4 5 3 7 2 
977 5 2 1 0 3 
978 1 2 7 
979 0 3 4 6 7 2 
980 0 4 2 5 7 6 
981 0 6 1 7 
982 0 5 4 1 7 6 
983 0 4 7 6 
984 4 3 7 2 
985 4 1 6 3 7 0 
986 3 7 2 
987 3 7 2 
988 2 6 1 0 7 
989 0 2 3 1 
990 6 2 1 0 3 
991 6 4 1 0 
992 2 6 5 4 7 1 
993 2 4 5 3 7 
994 2 3 1 
995 3 7 2 
996 0 5 4 7 
997 4 5 7 
998 5 2 6 1 3 7 
999 5 1 3 7 2 0 
1000 5 2 6 1 3 7 
1001 5 7 1 3 2 
1002 0 6 1 4 7 
1003 0 1 7 2 
1004 2 3 1 
1005 0 4 1 5 7 
1006 3 2 
1007 2 4 5 3 7 
1008 2 3 4 
1009 1 3 2 0 
1010 4 2 3 1 
1011 4 2 3 7 
1012 4 2 3 0 1 
1013 0 5 4 7 
1014 0 1 3 7 
1015 6 2 5 3 7 
1016 5 4 2 7 6 
1017 6 1 3 7 2 0 
1018 0 4 2 5 6 1 
1019 2 4 6 5 7 
1020 5 4 7 6 
1021 0 3 4 6 7 2 
1022 0 6 4 7 
1023 2 0 3 6 1 7 
