0 6 4 
1 2 7 
2 0 7 
3 6 5 4 7 
4 4 5 
5 5 1 2 0 3 6 
6 5 0 2 3 6 
7 2 4 6 
8 3 5 7 4 
9 4 6 7 
10 5 4 7 
11 7 6 
12 5 4 7 
13 6 2 1 3 
14 2 5 7 4 
15 0 2 1 3 7 
16 5 1 4 
17 1 5 4 
18 1 0 3 2 4 
19 0 4 
20 1 5 7 4 
21 7 2 1 3 
22 1 0 6 
23 7 2 1 3 
24 7 2 1 3 
25 2 5 7 4 
26 0 6 7 
27 2 6 7 
28 0 1 7 
29 7 1 5 
30 4 5 
31 4 1 0 2 7 
32 3 2 1 6 
33 1 2 3 7 
34 6 3 0 2 
35 1 4 6 
36 0 1 7 
37 1 7 
38 7 5 4 
39 6 0 3 1 2 4 
40 0 4 6 
41 4 1 0 6 
42 2 5 4 7 
43 7 5 4 
44 4 6 7 
45 0 1 5 
46 2 1 0 7 
47 7 2 1 3 6 
48 4 5 7 
49 7 5 4 
50 7 3 1 2 
51 5 6 7 
52 2 6 7 
53 4 1 
54 3 1 0 7 
55 3 2 0 7 
56 6 3 0 2 
57 0 1 7 
58 1 4 
59 1 5 7 4 
60 2 6 7 
61 3 1 4 
62 7 4 
63 4 5 
64 6 1 0 7 
65 2 6 7 
66 0 2 1 3 7 
67 6 0 2 3 
68 4 3 0 2 6 
69 5 4 6 
70 5 6 7 
71 0 1 7 
72 3 6 7 
73 4 1 0 7 
74 5 6 7 
75 7 1 0 2 
76 5 1 4 
77 6 3 0 2 
78 2 1 5 
79 0 3 2 6 
80 5 7 4 
81 1 6 7 
82 1 3 2 7 
83 0 7 
84 1 6 7 
85 7 1 0 
86 1 0 4 
87 7 5 4 
88 7 0 1 4 
89 2 6 7 
90 0 6 7 
91 2 0 1 7 
92 0 5 4 
93 7 0 1 4 
94 4 3 1 2 7 
95 5 1 
96 3 4 
97 1 0 7 
98 6 1 3 0 2 7 
99 1 0 7 
100 0 1 2 3 6 
101 1 3 2 7 
102 7 4 
103 6 1 3 0 2 7 
104 0 6 7 
105 4 7 
106 2 1 0 7 
107 5 1 0 7 
108 4 6 7 
109 0 6 7 
110 2 5 4 
111 7 1 3 0 2 
112 4 5 7 
113 7 0 1 
114 7 1 3 0 2 
115 5 1 0 7 
116 3 2 0 7 
117 4 5 7 
118 3 2 0 7 
119 3 4 6 
120 6 2 1 3 
121 0 1 7 
122 1 0 7 
123 1 4 
124 2 3 0 6 
125 3 1 0 7 
126 6 5 4 
127 4 1 
128 6 5 4 7 
129 3 0 2 6 
130 0 1 4 
131 6 1 4 
132 4 1 0 7 
133 5 0 3 1 2 4 
134 4 1 2 0 3 6 
135 2 6 7 
136 3 1 4 
137 4 5 
138 5 1 3 0 2 7 
139 7 6 
140 5 1 0 6 
141 6 7 
142 2 0 3 1 4 
143 0 3 2 6 
144 4 7 
145 1 5 
146 1 0 4 
147 0 1 4 
148 1 6 7 
150 3 1 0 2 7 
152 7 1 0 
153 2 0 3 6 
154 0 1 2 7 
155 2 0 3 1 4 
156 0 1 2 7 
157 7 6 
158 6 1 5 
159 5 1 0 7 
160 3 5 4 7 
161 1 5 4 7 
162 6 5 4 7 
163 1 5 
164 0 2 3 7 
165 1 6 7 
166 7 4 
167 6 1 0 7 
168 0 1 2 7 
169 4 0 3 1 2 
170 2 6 7 
171 5 0 2 3 6 
172 4 6 7 
173 0 1 2 3 6 
174 3 5 4 7 
175 7 0 1 4 
176 4 7 
177 7 1 0 
178 6 3 0 2 
179 5 0 3 1 2 4 
180 2 0 3 7 
181 4 6 7 
182 3 0 1 7 
183 3 5 4 7 
184 7 1 0 
185 0 6 7 
186 1 6 7 
187 1 0 7 
188 2 1 0 3 6 
189 3 2 0 7 
190 7 1 0 
191 4 5 
192 6 7 
193 2 6 7 
194 0 2 3 6 
195 6 1 0 2 7 
196 6 2 1 3 7 
197 5 4 6 
198 5 6 7 
199 2 0 3 1 4 
200 3 6 7 
201 4 6 7 
202 5 1 0 2 7 
203 6 1 5 
204 5 0 1 7 
205 6 5 4 
206 2 6 7 
207 0 1 2 3 6 
208 5 4 
209 1 5 7 4 
210 1 0 7 
211 0 2 1 3 6 
212 1 0 2 3 6 
213 6 7 
214 1 3 0 2 7 
215 7 1 0 
216 7 1 0 
217 2 1 3 0 7 
218 0 1 7 
219 2 7 
220 0 6 7 
221 7 5 4 
222 4 6 7 
223 5 0 3 1 2 4 
224 3 1 2 7 
225 3 5 7 4 
226 6 0 1 4 
227 1 0 6 
228 0 6 7 
229 1 5 
230 7 0 1 
231 6 0 1 4 
232 0 2 3 6 
233 4 1 0 7 
234 2 5 4 
235 5 1 2 0 3 6 
236 4 5 7 
237 0 1 6 
238 2 4 6 
239 7 1 0 6 
240 4 5 7 
241 5 4 7 
243 4 2 1 3 7 
244 2 1 3 6 
245 4 1 
246 3 2 1 6 
247 3 1 2 7 
248 7 3 0 2 6 
249 2 1 0 7 
250 1 5 4 
251 1 2 3 6 
252 2 5 7 4 
253 3 6 7 
254 7 1 0 2 
255 5 4 7 
256 6 0 3 1 2 4 
257 2 1 5 
258 0 5 4 
259 6 1 5 
260 4 1 0 2 7 
261 4 7 
262 5 0 3 1 2 4 
263 2 1 3 0 7 
264 3 5 4 7 
265 4 2 0 3 7 
266 5 6 7 
267 7 1 0 2 
268 5 7 
269 6 2 0 3 7 
270 2 1 0 7 
271 2 3 0 6 
272 5 4 7 
273 0 4 
274 1 0 6 
275 0 1 7 
276 1 0 7 
277 7 5 4 
278 1 5 7 4 
279 7 0 1 4 
280 7 1 3 0 2 
281 2 6 7 
282 1 5 
283 2 6 7 
284 0 2 1 3 7 
285 7 2 1 3 6 
286 4 5 
287 5 1 
288 3 2 1 6 
289 1 5 4 7 
290 6 5 4 
291 1 0 6 
292 0 4 
293 2 3 1 7 
294 7 4 6 
295 6 7 
296 0 5 7 4 
297 4 5 
298 3 5 7 4 
299 4 1 2 0 3 6 
300 4 5 7 
301 0 6 7 
302 2 3 0 6 
303 7 2 0 3 
304 5 0 1 7 
305 7 3 1 2 
306 7 6 
307 5 4 
308 2 0 1 4 
309 4 6 7 
310 1 5 4 7 
311 5 1 2 0 3 6 
312 5 6 7 
313 0 1 7 
314 1 6 7 
315 1 6 7 
316 3 6 7 
317 3 5 7 4 
319 4 1 2 0 3 6 
320 6 2 0 3 7 
321 2 3 0 6 
322 0 3 2 6 
323 6 5 4 
324 5 3 1 2 7 
325 5 6 7 
326 5 1 2 0 3 6 
327 2 4 6 
328 3 0 2 6 
329 4 2 0 3 7 
330 5 7 4 
331 7 5 4 
332 5 2 1 3 7 
333 6 1 0 7 
334 2 1 3 0 7 
335 0 5 7 4 
336 5 1 0 6 
337 1 2 3 7 
338 1 2 3 6 
339 0 1 4 
340 1 4 6 
341 7 1 5 
342 1 5 
343 7 1 0 
344 7 6 
345 2 1 0 7 
346 0 6 7 
347 2 4 
348 0 2 3 6 
349 6 1 5 
350 5 4 
351 5 0 1 7 
352 3 6 7 
353 1 0 7 
354 6 4 
355 0 5 7 4 
356 0 3 2 6 
357 1 2 3 6 
358 7 3 1 2 
359 6 4 
360 0 1 4 
361 4 2 0 3 7 
362 2 0 3 7 
363 5 4 7 
364 4 6 7 
365 0 5 7 4 
366 2 1 0 3 6 
367 7 3 0 2 6 
368 4 1 
369 7 1 4 
370 7 1 0 2 
371 5 1 0 7 
372 2 1 0 7 
373 4 6 7 
374 3 0 1 2 4 
375 3 6 7 
376 6 7 
377 0 1 3 2 7 
378 1 0 7 
379 3 0 2 6 
380 2 0 1 4 
381 3 1 0 6 
382 7 2 1 3 
383 4 6 7 
384 6 0 1 4 
385 2 5 4 
386 0 3 1 2 4 
387 6 5 7 4 
388 4 6 7 
389 5 4 
390 6 1 3 0 2 7 
391 2 0 3 7 
392 3 5 4 7 
393 4 3 1 2 7 
394 5 0 2 3 6 
395 7 5 4 
396 5 0 2 3 6 
397 6 5 4 7 
398 2 3 0 6 
399 1 6 7 
400 5 2 1 3 6 
401 2 0 1 7 
402 1 6 7 
403 0 4 
404 1 3 2 7 
405 7 1 0 
406 1 2 0 3 6 
407 7 6 
408 7 1 4 
409 2 3 1 7 
410 0 3 2 6 
411 2 1 4 
412 0 6 7 
413 7 1 0 
414 4 7 
415 5 4 7 
416 3 5 7 4 
417 1 4 
418 4 6 7 
419 1 0 3 2 4 
420 0 5 7 4 
421 1 3 0 2 7 
422 7 5 4 
423 6 7 
424 0 3 1 2 4 
425 4 5 
426 2 5 4 7 
427 5 1 4 
428 4 1 0 7 
429 0 6 7 
430 2 1 3 7 
431 7 3 1 2 
432 4 5 7 
433 7 5 4 
434 7 5 4 
435 5 2 1 3 7 
436 2 4 6 
437 4 1 0 6 
438 3 5 4 7 
439 3 6 7 
440 6 1 0 
441 0 2 1 3 6 
442 1 5 
443 1 5 7 4 
444 2 0 1 7 
445 1 2 3 6 
446 4 5 
447 4 1 
448 6 1 0 2 7 
449 2 1 0 7 
450 0 1 2 3 6 
451 6 5 7 4 
452 4 5 7 
453 5 4 
454 5 0 2 3 6 
455 2 0 1 4 
456 3 4 
457 4 1 0 2 7 
458 5 1 0 2 7 
459 7 1 0 
460 5 3 1 2 7 
461 6 1 4 
462 2 1 3 7 
463 0 4 6 
464 5 6 7 
465 1 5 7 4 
466 1 0 2 7 
467 0 6 7 
468 1 0 6 
469 7 5 4 
470 1 5 4 7 
471 7 0 1 4 
472 7 2 1 3 
473 2 4 
474 0 7 
475 2 4 
476 0 2 1 3 7 
477 7 5 4 
478 4 6 7 
479 5 7 
480 3 5 4 7 
481 1 5 4 
482 6 7 
483 1 7 
484 0 3 1 2 4 
485 1 6 7 
486 7 1 3 0 2 
487 6 7 
488 0 1 2 7 
489 4 0 2 3 6 
490 2 0 3 6 
491 5 2 1 3 7 
492 6 2 1 3 
493 0 3 2 6 
494 2 6 7 
495 7 4 6 
497 7 2 1 3 6 
498 7 1 0 2 
499 5 4 
500 2 0 1 4 
501 4 5 7 
502 3 7 
503 3 5 4 
504 6 1 3 0 2 7 
505 0 1 7 
506 1 4 
507 1 6 7 
508 2 1 0 7 
509 3 1 2 7 
510 7 6 
511 4 0 2 3 6 
512 6 7 
513 2 1 0 6 
514 0 1 7 
515 6 4 
516 4 0 1 
517 5 1 0 7 
518 5 1 
519 2 0 3 6 
520 3 5 4 7 
521 4 1 0 2 7 
522 5 7 4 
523 7 6 
524 5 7 4 
525 6 5 7 4 
526 2 0 1 7 
527 0 6 7 
528 5 4 7 
529 1 0 7 
530 1 0 2 7 
531 0 2 1 3 7 
532 1 2 0 3 7 
533 7 2 0 3 
534 1 0 4 
535 7 6 
536 7 0 3 1 2 4 
537 2 6 7 
538 0 6 7 
539 2 5 7 4 
540 0 5 4 
541 7 0 1 
542 4 0 3 1 2 
543 5 0 2 3 6 
544 3 2 0 7 
545 0 1 7 
546 6 1 0 7 
547 1 3 0 2 7 
548 0 4 6 
549 1 2 3 6 
550 6 5 4 7 
551 6 2 1 3 7 
552 0 3 1 2 4 
553 4 1 
554 2 5 4 
555 5 1 0 2 7 
556 4 7 
557 0 1 6 
558 2 5 4 
559 6 7 
560 4 0 1 
561 7 5 4 
562 7 6 
563 5 6 7 
564 2 1 3 7 
565 4 0 3 1 2 
566 3 6 7 
567 3 4 
568 6 5 4 
569 0 2 3 6 
570 1 0 7 
571 1 0 3 2 4 
572 2 1 4 
573 3 4 6 
574 7 1 2 0 3 6 
575 4 5 
576 6 1 3 0 2 7 
577 2 0 3 6 
578 0 1 3 2 7 
579 6 5 4 7 
580 4 1 0 2 7 
581 5 6 7 
582 5 6 7 
583 2 7 
584 3 1 4 
585 4 1 
586 5 6 7 
587 7 0 1 
588 5 0 2 3 6 
589 6 5 4 7 
590 2 1 0 7 
591 0 3 2 6 
592 5 0 2 3 6 
593 1 6 7 
594 1 5 4 
595 0 1 7 
596 1 0 2 3 6 
597 7 2 0 3 
598 1 6 7 
599 7 6 
600 7 2 1 3 6 
601 2 1 0 6 
602 0 5 4 7 
603 2 5 4 
604 0 1 6 
605 7 6 
606 4 6 7 
607 5 4 7 
608 3 5 4 7 
609 1 5 4 
610 6 7 
611 1 0 6 
612 0 1 4 
613 2 5 4 
614 7 2 0 3 
615 6 7 
616 1 3 2 7 
617 4 0 1 7 
618 2 1 0 7 
619 5 1 0 7 
620 4 1 0 7 
621 0 3 1 2 7 
622 2 1 0 3 6 
623 6 7 
624 4 3 0 2 6 
625 7 3 1 2 
626 7 5 4 
627 5 4 7 
628 2 1 5 
629 4 5 7 
630 3 2 1 7 
631 3 0 1 7 
632 6 7 
633 0 1 4 
634 1 0 7 
635 3 4 6 
636 2 1 0 7 
637 3 6 7 
638 7 5 4 
639 4 1 3 0 2 7 
640 6 4 
641 2 6 7 
642 0 1 2 3 6 
643 6 1 0 
645 5 0 2 3 6 
646 5 4 
647 2 0 3 1 4 
648 3 5 4 
649 4 1 0 7 
650 5 1 0 6 
651 7 0 1 4 
652 5 4 
653 6 5 7 4 
654 2 1 0 7 
655 2 1 0 7 
656 5 4 
657 2 6 7 
658 1 0 7 
659 0 6 7 
660 1 6 7 
661 7 1 3 0 2 
662 3 2 0 7 
663 7 2 1 3 
664 7 5 4 
665 2 6 7 
666 0 5 4 7 
667 2 5 7 4 
668 0 1 4 
669 7 6 
670 4 6 
671 5 4 7 
672 3 5 4 7 
673 3 2 0 7 
674 6 1 0 
675 1 0 7 
676 0 4 
677 2 6 7 
678 7 1 0 
679 6 1 2 0 3 
680 2 1 0 7 
681 4 3 1 2 7 
682 2 3 0 6 
683 5 1 2 0 3 6 
684 6 1 5 
685 3 1 0 7 
686 2 0 3 7 
688 4 5 7 
689 7 1 3 0 2 
690 7 3 0 2 6 
691 5 7 4 
692 2 5 4 
693 4 0 3 1 2 
694 3 1 0 2 7 
695 3 1 0 2 7 
696 6 2 1 3 
697 2 5 4 
698 1 5 4 
699 3 5 7 4 
700 2 6 7 
701 3 6 7 
702 7 5 4 
703 4 1 5 
704 6 1 0 7 
705 2 1 0 7 
706 0 1 2 3 6 
707 6 0 2 3 
708 4 5 7 
709 3 2 0 7 
710 6 1 0 7 
711 2 7 
712 3 5 7 4 
713 4 1 2 0 3 6 
714 4 3 1 2 7 
715 7 2 1 3 
716 5 0 3 1 2 4 
717 6 5 4 
718 2 1 0 7 
719 2 1 3 6 
720 5 4 
721 2 6 7 
722 1 0 7 
723 0 3 1 2 4 
724 1 2 0 3 6 
725 7 6 
726 3 5 7 4 
727 7 4 
728 7 1 3 0 2 
729 3 1 4 
730 1 2 0 3 6 
731 3 1 4 
732 0 5 4 7 
733 7 5 4 
734 6 7 
735 5 1 0 6 
736 3 4 6 
737 3 6 7 
738 6 4 
739 1 0 7 
740 0 7 
741 2 1 0 7 
742 7 1 0 
743 6 7 
744 2 0 1 7 
745 4 3 1 2 7 
746 2 0 3 1 4 
747 4 6 
748 4 5 7 
749 0 4 6 
750 2 1 5 
751 7 5 4 
752 4 1 0 7 
753 7 2 1 3 
754 7 6 
755 5 0 1 4 
756 2 0 3 6 
757 4 1 0 7 
758 3 6 7 
759 3 1 0 2 7 
760 6 1 3 0 2 7 
761 1 5 7 4 
762 1 5 7 4 
763 3 2 1 6 
764 2 1 0 7 
765 3 4 6 
766 7 5 4 
767 4 3 1 2 7 
768 6 1 0 7 
769 3 5 7 4 
770 0 2 1 3 7 
771 6 4 
772 5 4 
773 5 1 0 7 
774 5 7 4 
775 3 2 1 6 
776 3 2 1 6 
777 4 6 7 
778 5 3 0 2 6 
779 7 6 
780 5 6 7 
781 6 7 
782 2 1 3 0 7 
783 0 1 6 
784 4 5 
785 1 0 7 
786 1 0 6 
787 0 2 1 3 6 
788 1 5 4 7 
789 7 5 4 
790 1 2 0 3 6 
791 7 6 
792 7 1 5 
793 2 4 
794 0 5 4 7 
795 2 1 3 0 7 
796 0 6 7 
797 7 5 4 
798 4 3 0 2 6 
799 5 6 7 
800 3 5 4 7 
801 1 3 2 7 
802 6 1 0 2 7 
803 1 4 
804 0 4 
805 1 0 4 
806 7 4 
807 6 4 
808 0 1 2 3 6 
809 4 5 7 
810 2 4 
811 7 5 4 
812 4 5 7 
813 0 3 1 2 7 
814 2 0 1 4 
815 7 6 
816 4 6 7 
817 7 6 
818 7 0 3 1 2 4 
819 4 5 7 
820 3 5 7 4 
821 4 2 0 3 7 
822 3 1 0 7 
823 3 5 4 7 
824 5 6 7 
825 3 2 1 6 
826 1 0 7 
827 1 5 
828 2 5 4 7 
829 3 2 1 7 
831 4 3 1 2 7 
832 6 1 0 7 
833 1 0 7 
834 1 4 6 
835 6 7 
837 5 6 7 
838 5 1 2 0 3 6 
839 2 0 1 4 
840 3 6 7 
841 4 7 
842 5 4 7 
843 7 3 1 2 
844 5 1 0 2 7 
845 6 1 3 0 2 7 
846 2 1 0 7 
847 2 1 3 6 
848 5 0 2 3 6 
849 1 5 
850 1 2 3 6 
851 0 2 3 6 
852 0 1 7 
853 6 3 0 2 
854 1 0 6 
855 7 0 1 
856 6 0 2 3 
857 3 2 1 6 
858 0 1 7 
859 3 0 1 4 
860 0 1 7 
861 6 7 
862 5 1 3 0 2 7 
863 5 1 0 7 
864 3 5 7 4 
865 1 2 3 7 
866 4 5 
867 1 6 7 
868 0 2 3 6 
869 1 2 0 3 7 
870 6 7 
871 6 0 2 3 
872 2 1 4 
873 4 6 
874 3 6 7 
875 5 1 3 0 2 7 
876 4 5 7 
877 0 3 2 6 
878 3 5 4 7 
879 6 7 
880 5 2 0 3 7 
881 6 0 3 1 2 4 
882 6 5 7 4 
883 5 1 0 7 
884 3 0 2 6 
885 4 3 1 2 7 
886 3 6 7 
887 3 1 0 6 
888 6 7 
889 0 2 3 7 
890 1 4 
891 1 5 
892 3 5 4 7 
893 3 2 1 7 
894 6 0 1 7 
895 5 1 0 6 
896 6 7 
897 3 6 7 
898 0 1 5 
899 6 5 4 
900 4 5 7 
901 5 3 0 2 6 
902 5 1 4 
903 3 1 0 7 
904 3 2 0 7 
905 4 0 1 7 
906 5 4 
907 6 0 1 7 
908 5 2 1 3 7 
909 6 1 2 0 3 
910 2 5 7 4 
911 0 1 6 
912 1 2 3 7 
913 3 5 4 7 
914 1 2 0 3 6 
915 1 4 
916 6 2 0 3 7 
917 6 5 7 4 
918 4 1 0 7 
919 6 0 1 4 
920 3 5 4 7 
921 3 0 2 6 
922 4 3 0 2 6 
923 3 1 2 0 6 
924 4 5 
925 3 1 0 2 7 
926 3 1 2 7 
927 4 0 1 7 
928 3 5 4 7 
929 1 5 4 7 
930 6 4 
931 5 7 4 
932 6 7 
933 1 0 7 
934 6 4 
935 6 7 
936 6 5 4 7 
937 3 5 4 7 
938 5 1 0 7 
939 3 6 7 
940 4 3 1 2 7 
941 0 6 7 
942 3 7 
943 0 5 4 7 
945 6 1 5 
946 6 0 2 3 
947 5 0 1 7 
948 6 7 
949 4 2 1 3 7 
950 1 7 
951 5 6 7 
952 2 5 7 4 
953 4 1 0 2 7 
954 5 1 0 6 
955 7 6 
956 3 1 2 0 6 
957 6 3 1 2 7 
958 6 3 1 2 7 
959 0 1 7 
960 1 0 2 7 
961 3 4 6 
962 0 6 7 
963 5 1 
964 4 1 0 7 
965 5 6 7 
966 5 1 
967 3 1 0 7 
968 3 0 1 4 
969 4 2 1 3 6 
970 5 4 7 
971 6 4 
972 4 6 7 
973 6 5 4 
974 2 1 5 
975 0 6 7 
976 5 0 1 4 
977 3 6 7 
978 0 1 7 
979 5 4 7 
980 1 0 3 2 4 
981 3 1 0 7 
982 3 6 7 
983 6 1 0 2 7 
984 6 1 0 7 
985 4 1 0 2 7 
986 0 1 6 
987 3 2 0 7 
988 1 0 6 
989 3 1 0 7 
990 3 1 5 
991 1 6 7 
992 0 1 2 3 6 
993 3 1 0 6 
994 0 1 7 
995 1 6 7 
996 0 4 
997 3 2 1 6 
998 1 0 7 
999 6 1 2 0 3 
1000 6 7 
1001 3 6 7 
1002 5 6 7 
1003 3 0 1 2 4 
1004 3 6 7 
1005 1 6 7 
1006 3 6 7 
1007 0 5 4 
1008 3 1 0 7 
1009 6 5 7 4 
1010 1 0 3 2 4 
1011 5 1 0 7 
1012 6 7 
1013 3 4 6 
1014 6 0 3 1 2 4 
1015 5 1 0 7 
1016 2 1 3 6 
1017 4 6 7 
1018 5 2 0 3 7 
1019 7 1 4 
1020 3 2 0 7 
1021 6 3 0 2 
1022 4 0 1 
1023 0 1 7 
