0 1 5 4 0 
1 4 1 0 2 
2 6 7 3 
3 2 1 0 
4 0 1 5 2 3 
5 2 5 4 3 0 
6 7 6 4 5 0 1 
7 7 6 2 1 3 
8 0 7 6 5 4 
9 1 7 6 4 2 
10 0 6 5 
11 7 6 1 2 3 
12 4 6 5 7 3 
13 5 6 0 
14 0 5 4 1 
15 1 6 2 3 7 
16 3 6 7 
17 1 6 2 7 3 0 
18 6 7 4 2 
19 7 6 0 5 
20 2 0 1 3 
21 0 7 6 5 4 
22 0 6 2 1 3 7 
23 0 4 2 5 3 
24 1 2 5 4 3 
25 5 6 1 2 7 3 
26 7 5 4 1 2 3 
27 5 1 6 7 2 
28 6 5 0 
29 3 1 0 
30 7 6 3 
31 0 7 5 4 1 2 3 
32 4 3 6 1 0 
33 4 6 5 0 1 
34 3 5 4 0 
35 6 1 0 2 
36 1 3 2 
37 0 5 2 4 1 3 
38 7 6 2 1 3 
39 6 5 0 
40 5 0 7 4 1 2 3 
41 4 2 1 0 3 
42 1 4 5 3 
43 3 0 7 4 1 2 5 
44 5 6 0 
45 1 6 7 2 
46 6 7 5 4 1 2 3 
47 4 2 5 3 
48 3 6 0 5 
49 6 4 5 3 
50 0 7 6 1 
51 0 1 2 3 
52 0 6 1 
53 3 6 5 7 
54 2 1 3 0 
55 5 6 1 2 4 3 
56 4 7 6 2 
57 1 5 0 3 
58 5 6 1 2 7 3 
59 5 6 0 1 
60 7 0 1 2 3 
61 1 5 4 0 
62 5 6 0 1 
63 5 6 0 
64 1 6 4 0 5 
65 4 1 2 3 0 
66 6 4 3 7 5 
67 3 6 1 0 
68 0 1 6 7 2 
69 2 6 5 7 3 
70 7 5 4 1 0 
71 7 6 1 5 2 4 3 
72 0 6 4 5 7 1 
73 1 6 7 2 
74 0 6 5 
75 7 6 5 0 
76 4 6 3 7 5 
77 5 6 4 0 1 
78 0 6 4 3 7 5 
79 1 6 5 0 
80 3 7 6 0 1 
81 1 7 6 3 
82 6 0 1 3 
83 7 6 0 1 
84 2 1 0 
85 0 7 6 3 
86 1 5 4 3 0 
87 0 6 2 1 3 7 
88 1 6 3 5 
89 5 6 0 1 
90 7 0 6 1 
91 7 6 5 4 
92 7 6 0 1 3 
93 3 6 5 0 4 1 2 
94 7 1 2 3 0 
95 3 7 5 4 1 2 
96 4 1 0 2 
97 4 5 1 0 
98 3 5 2 4 1 0 
99 6 4 3 7 5 
100 2 6 5 0 4 1 
101 0 7 6 1 
102 7 5 4 1 0 
103 6 5 0 1 
104 5 7 6 
105 4 7 6 5 0 2 
106 0 1 6 7 2 
107 3 7 5 6 
108 5 2 1 0 3 
109 0 4 2 5 3 
110 6 3 2 
111 5 7 6 0 1 
112 3 6 5 7 
113 6 3 2 1 0 
114 1 0 2 3 
115 0 7 5 4 3 1 
116 2 5 4 1 3 0 
117 3 0 6 1 7 
118 2 1 0 3 
119 5 6 0 1 
120 4 6 1 3 5 
121 1 3 2 
122 5 6 1 3 
123 5 6 4 3 7 
124 7 6 4 5 0 1 
125 1 2 3 0 
126 5 6 0 
127 5 6 0 1 
128 1 3 6 0 
129 4 6 0 1 3 
130 6 0 1 
131 3 5 2 0 
132 0 6 5 
133 2 1 0 
134 7 6 0 1 
135 7 6 5 0 4 
136 0 6 5 
137 1 5 4 0 
138 0 7 5 6 
139 7 6 5 1 3 4 
140 4 6 0 5 1 
141 5 2 4 1 3 0 
142 0 7 6 1 
143 3 6 0 5 
144 3 4 2 5 
145 1 0 2 3 
146 6 4 5 0 1 
147 7 6 2 3 0 
148 2 6 5 4 1 0 
149 0 6 2 7 3 
150 1 7 6 5 4 
151 0 6 5 4 1 2 
152 0 1 2 3 
153 5 3 6 1 0 
154 7 1 0 2 
155 7 6 0 1 
156 7 0 6 1 
157 0 1 6 7 2 
158 7 6 0 
159 0 6 2 1 7 3 
160 4 6 0 1 
161 4 6 0 5 1 
162 3 6 4 5 0 1 
163 6 3 2 
164 1 7 5 6 
165 0 6 5 
166 7 0 1 3 
167 6 1 2 7 3 
168 5 0 3 
169 4 6 7 5 0 
170 1 0 6 5 4 
171 2 6 1 7 3 
172 5 6 7 0 
173 1 7 5 4 3 
174 6 2 1 7 3 
175 4 1 6 7 2 
176 3 1 0 5 2 
177 7 6 1 5 2 4 3 
178 0 6 1 3 5 
179 0 6 1 2 7 3 
180 1 6 4 3 7 5 
181 3 6 2 1 
182 2 7 6 0 1 
183 5 4 1 0 
184 4 3 2 1 0 
185 1 6 0 3 
186 4 6 2 1 3 7 
187 5 7 6 0 2 
188 6 0 
189 1 6 5 2 3 
190 5 4 0 1 
191 5 6 0 
192 1 6 5 3 4 
193 4 6 5 2 3 
194 6 4 2 5 3 
195 3 1 0 
196 2 6 4 5 0 1 
197 2 3 1 0 
198 7 6 3 
199 6 0 1 3 
200 0 7 6 5 2 
201 1 6 5 0 
202 0 4 2 5 3 
203 7 0 1 3 
204 4 6 7 5 0 
205 4 7 6 3 
206 6 7 4 2 
207 0 1 2 3 
208 3 7 5 4 1 2 
209 1 7 6 4 2 
210 6 7 5 0 4 
211 7 1 0 2 
212 2 1 0 
213 0 1 
214 1 7 5 4 2 3 
215 0 6 5 
216 2 1 6 7 
217 5 6 1 2 4 3 
218 4 6 5 0 1 2 
219 7 6 5 0 
220 5 2 3 0 
221 3 6 7 
222 7 3 2 1 0 
223 0 1 2 
224 4 5 2 3 0 
225 4 6 0 1 
226 3 0 6 1 7 
227 6 7 0 1 
228 1 0 6 
229 3 7 6 5 4 
230 6 7 5 
231 6 3 2 1 0 
232 6 5 0 3 
233 7 6 4 5 
234 3 5 2 0 
235 3 5 0 
236 5 6 0 1 
237 1 5 2 4 3 0 
238 4 6 5 7 1 
239 6 3 7 
240 3 6 1 0 
241 6 7 4 2 
242 0 6 5 
243 0 6 4 5 1 
244 5 4 0 1 
245 3 6 0 5 
246 2 6 1 7 3 
247 4 6 2 1 7 3 
248 7 0 1 6 
249 1 4 5 3 
250 5 1 6 7 2 
251 6 5 2 4 1 3 0 
252 7 6 0 1 
253 1 0 5 2 3 
254 5 6 2 7 3 0 
255 1 0 5 2 3 
256 1 6 3 7 
257 4 6 0 1 3 
258 6 1 2 3 0 
259 3 4 2 5 
260 0 7 6 1 
261 2 1 6 7 
262 6 5 1 3 4 
263 7 6 4 2 
264 0 6 4 5 1 
265 1 5 0 3 
266 3 6 1 2 7 
267 6 7 5 
268 4 6 0 5 1 
269 5 6 0 1 
270 3 5 4 0 
271 1 6 5 2 4 3 
272 3 6 2 7 0 
273 1 3 2 0 
274 6 7 4 5 
275 7 0 4 1 2 5 3 
276 2 6 7 3 0 
277 0 6 5 
278 1 6 4 5 0 
279 0 6 4 3 7 5 
280 1 6 5 3 4 
281 5 7 6 0 1 
282 7 6 5 3 
283 7 5 4 1 0 
284 7 6 5 4 1 0 
285 3 1 0 
286 7 6 1 3 5 
287 0 6 5 
288 4 6 5 0 
289 4 2 5 3 
290 3 6 5 0 4 1 2 
291 6 2 1 7 3 
292 1 0 2 
293 0 4 2 5 3 
294 6 0 
295 6 4 5 0 1 
296 5 6 0 1 
297 4 0 6 5 1 
298 1 5 4 3 0 
299 3 7 5 4 1 
300 5 6 7 0 
301 1 6 5 2 4 3 
302 4 6 5 0 1 2 
303 4 0 1 2 3 
304 3 1 0 5 2 
305 6 3 2 1 0 
306 0 6 2 3 1 
307 1 7 5 4 2 3 
308 1 6 2 3 
309 3 6 7 
310 2 5 4 0 1 
311 5 1 2 3 0 
312 2 6 0 5 4 1 
313 2 3 
314 2 0 7 4 1 5 3 
315 5 6 2 3 
316 7 5 4 0 1 
317 0 1 6 
318 5 6 1 3 
319 5 7 2 6 3 
320 5 6 0 1 
321 4 6 3 7 5 
322 6 5 2 3 
323 3 6 5 7 
324 1 0 
325 2 7 5 4 1 3 
326 7 6 0 
327 7 6 1 2 3 
328 0 7 5 4 1 2 3 
329 1 6 0 
330 0 1 2 
331 4 5 0 1 
332 7 6 0 1 3 
333 5 6 0 1 
334 0 7 6 1 
335 1 0 5 2 3 
336 3 6 7 5 0 4 
337 1 6 5 4 0 
338 6 0 1 2 3 
339 7 0 4 1 2 5 3 
340 2 3 
341 0 6 1 2 7 3 
342 1 6 4 0 5 
343 7 6 0 
344 1 0 
345 5 6 7 0 4 
346 7 6 4 5 
347 0 7 6 3 
348 7 6 2 1 3 
349 3 5 2 0 
350 6 0 5 4 1 
351 0 4 5 3 
352 4 2 1 0 3 
353 4 7 6 3 
354 3 6 5 4 1 0 
355 6 2 3 1 
356 1 7 6 5 0 2 
357 0 1 3 
358 7 6 2 1 3 
359 6 3 2 1 0 
360 4 1 0 5 2 3 
361 7 2 6 3 
362 3 6 5 4 1 0 
363 1 6 4 0 5 
364 5 2 4 3 1 
365 2 7 6 4 
366 6 0 5 4 1 
367 1 3 2 
368 3 6 7 
369 7 6 0 
370 0 6 1 3 
371 0 6 5 7 3 
372 1 6 0 5 
373 3 1 2 0 
374 2 4 5 3 
375 5 4 1 0 
376 4 7 2 6 3 
377 0 7 5 4 1 2 3 
378 5 2 4 1 3 0 
379 6 5 2 3 
380 7 5 4 1 0 
381 2 5 4 1 3 0 
382 4 1 0 
383 5 7 6 3 
384 1 6 5 7 3 
385 4 6 3 7 
386 6 5 0 4 1 2 
387 3 6 0 1 
388 5 6 4 1 0 
389 2 6 5 1 3 4 
390 2 6 4 0 5 1 
391 7 3 6 1 0 
392 5 6 1 3 
393 2 1 3 0 
394 0 6 2 1 3 7 
395 4 3 2 
396 4 5 0 3 
397 4 0 6 5 1 
398 6 0 1 
399 2 6 0 1 
400 3 7 5 6 
401 1 5 4 0 
402 3 6 0 
403 4 6 7 5 0 
404 6 0 1 
405 2 6 0 
406 6 5 4 1 0 
407 0 7 6 3 
408 6 5 0 3 
409 0 6 2 3 1 
410 6 7 5 
411 7 0 1 3 
412 5 3 2 1 0 
413 0 6 2 3 1 
414 7 4 2 5 3 
415 7 6 0 
416 4 2 5 3 
417 0 6 7 4 5 
418 7 6 5 4 
419 0 6 1 7 
420 0 7 4 1 2 5 3 
421 4 5 3 0 
422 3 0 1 
423 0 1 6 
424 6 5 0 4 1 2 
425 3 7 6 5 4 
426 6 7 2 3 
427 3 1 2 0 
428 5 6 0 4 1 
429 7 0 4 1 2 5 3 
430 6 5 2 3 
431 6 7 5 0 2 
432 2 0 6 1 7 
433 0 5 3 
434 1 7 6 5 4 
435 4 6 2 3 1 
436 5 0 6 4 1 
437 0 5 4 3 
438 2 1 6 7 
439 5 6 2 1 3 7 
440 7 6 4 5 1 
441 1 2 5 4 3 
442 5 6 2 7 3 0 
443 4 5 0 3 
444 7 5 0 3 
445 1 6 4 5 0 
446 5 4 3 
447 5 6 0 1 3 
448 1 0 6 5 4 
449 4 6 0 1 
450 6 1 3 5 
451 3 2 5 4 1 
452 0 6 
453 2 4 5 3 
454 7 6 0 
455 7 2 6 3 
456 3 6 7 5 0 4 
457 1 5 2 3 0 
458 0 6 5 
459 7 0 6 1 
460 4 7 6 5 
461 5 6 1 2 4 3 
462 0 6 2 7 3 
463 1 5 4 0 
464 3 6 0 1 
465 1 6 2 7 3 0 
466 6 0 7 4 1 2 5 3 
467 7 1 2 3 0 
468 2 7 6 5 4 
469 0 1 2 
470 1 0 6 7 
471 0 6 
472 1 6 2 3 
473 5 1 0 2 3 
474 7 6 0 1 
475 7 6 0 5 4 1 
476 7 6 1 2 3 
477 3 6 1 5 
478 7 6 4 5 1 
479 0 1 6 7 2 
480 4 5 3 0 
481 6 3 2 1 0 
482 3 6 5 0 
483 6 4 5 7 1 
484 1 6 5 3 4 
485 0 6 5 
486 7 0 1 6 
487 6 3 7 
488 5 3 6 1 0 
489 4 6 3 7 
490 1 3 2 
491 3 6 7 0 
492 5 1 0 2 3 
493 1 0 2 3 
494 6 0 5 
495 4 5 2 1 3 0 
496 3 6 5 4 1 0 
497 6 5 2 3 
498 0 1 2 
499 0 7 6 4 2 
500 1 6 0 
501 3 1 2 0 
502 2 6 0 5 
503 5 6 0 
504 4 6 5 2 3 
505 1 6 2 7 3 
506 5 6 4 7 1 
507 5 1 2 3 0 
508 7 6 4 5 
509 1 6 4 5 7 
510 5 7 4 3 1 
511 5 6 7 0 
512 1 7 6 5 4 
513 4 6 3 7 5 
514 6 0 1 7 
515 3 6 4 5 0 1 
516 0 6 4 5 1 
517 2 6 1 7 3 
518 7 5 6 
519 7 1 0 
520 0 1 2 
521 1 6 7 2 
522 0 7 5 4 3 1 
523 7 6 4 3 5 
524 4 5 0 3 
525 5 7 4 3 1 
526 0 1 2 
527 1 5 2 3 0 
528 3 0 7 4 1 2 5 
529 1 7 6 5 0 2 
530 6 2 5 4 3 1 
531 7 6 5 4 1 0 
532 2 5 4 3 0 
533 0 6 1 5 2 4 3 
534 3 6 5 0 1 
535 2 7 5 4 3 1 
536 1 6 3 7 
537 4 6 7 5 
538 7 6 5 0 4 
539 7 6 0 5 4 1 
540 7 6 5 0 4 
541 3 4 2 5 
542 7 0 1 6 
543 0 1 2 3 
544 4 6 0 5 1 
545 4 0 6 5 1 
546 3 7 5 4 1 2 
547 6 4 3 7 5 
548 1 6 0 
549 0 1 2 
550 7 6 0 
551 6 0 1 3 
552 5 2 3 0 
553 4 1 0 
554 1 7 6 5 0 2 
555 3 6 4 5 0 1 
556 5 7 4 3 1 
557 1 4 2 5 3 
558 6 1 5 2 4 3 
559 4 1 6 7 2 
560 3 7 5 4 1 
561 6 0 1 
562 0 6 2 1 3 7 
563 0 4 2 5 3 
564 1 0 7 4 2 5 3 
565 3 7 6 
566 2 1 3 0 
567 5 6 0 4 1 
568 4 7 6 3 
569 1 6 5 4 0 
570 5 6 7 3 
571 5 6 7 3 
572 7 2 5 4 3 1 
573 1 0 
574 5 6 7 4 
575 5 6 2 1 3 7 
576 1 7 5 6 
577 4 6 7 5 0 
578 6 1 2 3 0 
579 3 6 1 0 
580 0 6 5 4 1 
581 2 7 6 5 0 
582 7 6 0 
583 7 6 0 1 3 
584 0 7 6 5 4 
585 1 6 0 5 
586 0 6 5 4 1 
587 7 6 0 
588 4 6 3 7 
589 5 6 7 4 
590 0 1 2 
591 1 0 6 5 4 
592 3 6 1 2 7 
593 1 6 2 7 3 
594 6 1 0 
595 7 1 0 2 
596 2 1 6 7 
597 0 1 3 
598 1 6 5 4 0 
599 0 7 6 4 2 
600 1 6 5 0 4 2 
601 5 6 0 
602 7 6 5 0 
603 7 6 0 1 
604 7 1 0 5 2 3 
605 3 2 5 4 1 
606 7 6 0 
607 0 5 4 1 
608 4 1 2 3 0 
609 4 5 3 0 
610 2 6 5 4 1 0 
611 6 3 1 0 
612 1 6 5 4 0 
613 0 6 1 3 5 
614 7 2 5 4 3 1 
615 6 7 4 5 
616 5 6 7 0 4 
617 4 5 3 
618 1 0 6 7 
619 3 1 2 0 
620 5 7 6 0 2 
621 1 6 5 7 3 
622 6 0 5 
623 4 7 6 5 
624 3 6 5 7 
625 6 7 0 
626 0 7 5 4 3 1 
627 0 6 7 
628 1 6 5 0 4 2 
629 3 6 1 5 2 4 
630 2 0 6 5 4 1 
631 5 6 0 1 
632 4 7 2 6 3 
633 1 6 5 0 4 2 
634 5 6 1 3 
635 5 7 6 0 2 
636 7 6 0 1 3 
637 1 7 6 0 
638 5 6 4 0 1 
639 5 0 1 3 
640 1 2 0 3 
641 4 7 5 3 1 
642 6 7 3 
643 3 1 0 2 
644 0 6 5 
645 2 0 1 6 
646 7 0 1 3 
647 7 6 0 5 4 1 
648 0 6 7 4 5 
649 0 5 2 4 1 3 
650 3 6 7 0 
651 7 6 0 5 4 1 
652 4 6 7 5 0 
653 5 4 2 3 
654 0 7 6 1 
655 1 6 4 0 5 
656 3 6 7 0 
657 1 6 4 5 7 
658 6 7 2 3 
659 7 6 2 1 3 
660 2 5 4 3 0 
661 0 6 5 2 3 
662 1 0 2 3 
663 0 6 5 1 3 4 
664 1 6 0 5 4 
665 5 6 0 1 
666 7 6 5 0 4 
667 5 0 3 
668 7 6 5 0 2 
669 2 7 5 4 1 3 
670 7 6 2 3 1 
671 0 6 2 7 3 
672 4 0 7 1 2 5 3 
673 4 1 0 2 
674 3 6 2 1 7 
675 6 2 1 7 3 
676 1 6 2 7 3 
677 0 6 5 
678 7 0 1 3 
679 6 0 5 
680 5 4 3 0 
681 4 6 1 2 7 3 
682 1 0 6 5 4 
683 3 5 4 0 1 
684 5 0 7 4 1 2 3 
685 1 6 5 0 
686 6 5 4 3 0 
687 4 5 1 0 
688 3 7 6 0 1 
689 6 2 1 3 7 
690 0 7 6 5 2 
691 3 1 2 0 
692 1 6 5 3 4 
693 3 6 5 1 4 
694 2 6 5 1 3 4 
695 5 0 6 1 7 
696 4 6 7 5 0 
697 1 7 2 6 3 
698 5 6 0 1 
699 5 0 6 4 1 
700 7 5 4 1 2 3 
701 1 6 2 3 7 
702 5 6 1 2 4 3 
703 5 0 1 6 
704 1 7 6 0 
705 4 0 1 2 3 
706 6 3 7 
707 3 6 1 0 
708 0 7 6 4 2 
709 2 3 1 0 
710 7 6 0 1 3 
711 7 6 0 1 
712 0 1 2 3 
713 1 2 0 3 
714 0 6 4 3 7 5 
715 4 6 1 5 2 3 
716 4 7 6 2 
717 5 7 6 
718 0 7 6 5 2 
719 1 0 2 
720 3 7 6 0 1 
721 1 5 0 3 
722 6 7 0 1 
723 7 5 2 3 0 
724 2 6 4 3 7 5 
725 0 6 2 1 7 3 
726 1 6 5 0 
727 0 7 6 1 
728 1 6 4 5 0 
729 5 0 6 4 1 
730 7 6 0 5 4 1 
731 7 1 0 2 
732 7 6 3 
733 3 6 5 0 4 1 2 
734 7 1 2 3 0 
735 0 1 
736 4 6 5 1 0 
737 4 6 5 0 1 
738 3 1 2 0 
739 6 3 2 1 0 
740 1 0 7 4 2 5 3 
741 0 5 4 1 
742 7 0 6 1 
743 6 2 1 3 7 
744 5 6 0 
745 4 1 0 2 
746 1 7 5 4 3 
747 3 5 2 4 1 0 
748 5 0 1 6 
749 1 6 7 4 5 
750 6 7 4 5 
751 4 6 5 7 3 
752 3 7 5 6 
753 6 5 2 4 1 3 0 
754 0 3 2 
755 0 3 6 1 
756 1 2 3 0 
757 3 1 0 5 2 
758 2 0 1 3 
759 5 6 1 3 4 
760 4 7 5 6 
761 1 6 5 3 4 
762 5 7 6 0 2 
763 5 6 0 
764 4 1 2 3 0 
765 1 6 4 5 0 
766 5 6 0 4 1 
767 5 1 0 2 
768 1 2 0 3 
769 4 5 3 
770 6 1 7 2 
771 3 1 2 0 
772 0 2 1 3 
773 2 0 1 3 
774 7 6 4 5 1 
775 7 2 1 0 3 
776 0 1 5 2 3 
777 1 6 5 0 
778 0 3 2 1 
779 7 2 5 4 3 1 
780 4 1 0 5 2 3 
781 5 7 2 6 3 
782 0 3 2 
783 1 5 4 0 
784 2 0 1 3 
785 0 6 7 
786 6 4 5 7 1 
787 7 3 6 1 0 
788 2 6 4 5 7 1 
789 0 6 4 5 1 
790 0 6 2 7 3 
791 0 6 4 3 7 5 
792 1 6 2 7 3 
793 5 0 7 4 1 2 3 
794 7 6 5 3 
795 7 4 5 3 
796 7 6 3 
797 3 1 0 
798 7 2 5 4 3 1 
799 0 6 7 
800 4 6 5 0 1 2 
801 4 7 6 0 1 
802 3 7 6 
803 6 7 3 
804 0 6 7 4 5 
805 0 6 5 
806 7 6 0 1 
807 6 5 4 1 0 
808 5 6 0 
809 4 6 1 3 5 
810 1 6 2 7 3 0 
811 3 6 5 0 
812 5 2 3 0 
813 3 0 1 
814 6 2 1 7 3 
815 4 7 5 6 
816 3 5 4 0 
817 6 4 5 7 1 
818 2 5 4 1 3 0 
819 3 1 0 2 
820 2 6 5 0 
821 3 2 1 0 
822 2 5 4 3 1 
823 5 0 6 1 7 
824 4 2 5 3 1 
825 2 1 3 0 
826 5 0 1 3 
827 5 6 4 0 1 
828 7 5 2 4 1 3 0 
829 2 7 6 3 
830 5 0 6 4 1 
831 5 3 2 1 0 
832 3 0 1 
833 4 6 0 5 1 
834 6 7 4 2 
835 3 1 0 5 2 
836 2 5 3 0 
837 2 1 0 
838 7 0 6 1 
839 7 6 0 1 
840 3 7 6 0 1 
841 2 6 5 0 
842 3 4 5 
843 7 0 4 1 2 5 3 
844 4 5 3 0 
845 5 1 0 2 3 
846 2 6 0 1 3 
847 3 4 5 
848 3 1 2 0 
849 2 5 4 3 1 
850 4 6 2 1 3 7 
851 6 1 5 2 4 3 
852 2 1 0 3 
853 2 6 7 4 5 
854 2 3 6 1 0 
855 2 6 1 5 4 3 
856 2 3 6 1 0 
857 5 2 4 3 1 
858 7 6 2 1 3 
859 7 0 1 6 
860 7 2 6 3 
861 3 6 5 2 
862 6 7 4 2 
863 3 6 0 5 4 1 
864 4 6 5 1 3 
865 4 0 1 6 
866 3 6 5 1 4 
867 6 0 7 4 1 2 5 3 
868 2 7 6 3 
869 3 0 6 1 7 
870 6 7 5 4 3 1 
871 6 2 3 1 
872 5 6 0 
873 4 7 6 5 
874 3 6 4 5 0 1 
875 3 7 6 5 0 2 
876 5 3 2 
877 2 3 
878 6 0 1 
879 4 0 1 2 3 
880 3 4 5 
881 6 7 0 1 
882 2 7 6 4 
883 3 6 4 5 7 1 
884 2 1 0 3 
885 3 6 2 7 0 
886 2 7 6 3 
887 5 6 2 3 
888 4 7 5 1 2 3 
889 2 6 5 7 3 
890 5 2 4 3 1 
891 5 6 4 7 1 
892 6 4 0 5 1 
893 2 7 5 6 
894 5 4 0 1 
895 5 6 7 3 
896 3 6 7 
897 4 3 2 
898 6 5 2 3 
899 2 6 5 0 4 1 
900 2 6 5 3 
901 2 6 7 3 0 
902 6 7 5 4 
903 6 7 5 4 1 2 3 
904 2 5 4 3 0 
905 2 1 0 3 
906 3 6 1 2 7 
907 6 2 5 4 3 1 
908 7 6 2 3 1 
909 5 2 1 0 3 
910 3 6 2 1 
911 2 4 5 3 
912 3 6 0 1 
913 2 7 6 0 1 
914 4 1 2 3 0 
915 4 6 5 2 3 
916 6 5 0 1 
917 2 1 0 5 3 
918 3 0 1 2 
919 2 5 4 1 0 
920 2 6 1 5 4 3 
921 4 1 0 2 
922 6 3 1 0 
923 7 4 2 5 3 
924 6 1 2 3 0 
925 3 6 2 1 7 
926 6 5 4 1 0 
927 3 7 5 4 1 
928 4 5 0 1 
929 6 0 5 4 1 
930 3 5 2 0 
931 6 5 0 3 
932 2 7 6 3 
933 3 6 0 5 4 1 
934 6 2 3 1 
935 6 5 0 4 1 2 
936 5 2 1 0 3 
937 4 7 6 5 
938 3 1 0 2 
939 3 6 0 
940 5 7 6 
941 3 6 2 1 
942 6 7 0 1 
943 5 6 0 
944 2 6 3 1 
945 6 0 1 
946 2 6 4 5 0 1 
947 2 1 3 0 
948 2 3 
949 2 5 4 1 0 
950 2 6 5 1 3 4 
951 4 5 2 3 0 
952 4 1 0 
953 2 6 4 5 7 1 
954 4 5 0 1 
955 4 0 1 6 
956 2 0 6 1 7 
957 2 6 5 0 4 1 
958 3 1 0 
959 1 7 6 0 
960 2 6 5 1 3 4 
961 2 6 0 1 3 
962 3 5 2 0 
963 5 4 3 
964 2 6 1 7 3 
965 2 1 0 3 
966 6 4 3 7 5 
967 6 0 5 4 1 
968 2 6 7 3 0 
969 2 1 0 3 
970 2 7 6 3 
971 6 0 1 3 
972 4 6 1 3 5 
973 4 1 0 2 
974 2 5 0 3 
975 2 6 1 5 4 3 
976 2 6 1 3 5 
977 2 7 6 4 
978 6 1 0 2 
979 6 0 1 3 
980 2 6 4 5 7 1 
981 2 6 7 4 5 
982 2 5 0 3 
983 2 4 5 3 
984 2 6 1 3 5 
985 4 7 6 3 
986 6 5 2 3 0 
987 7 6 2 3 0 
988 6 7 5 0 2 
989 2 3 6 1 0 
990 6 7 5 4 3 1 
991 3 7 5 4 1 
992 4 5 2 1 3 0 
993 4 6 5 0 1 
994 2 5 4 0 1 
995 6 4 0 5 1 
996 2 1 0 
997 3 6 5 0 
998 6 5 2 3 
999 6 5 2 4 1 3 0 
1000 4 7 2 6 3 
1001 4 0 6 5 1 
1002 3 5 4 0 1 
1003 2 3 1 0 
1004 5 1 2 3 0 
1005 2 7 6 3 
1006 6 1 2 3 0 
1007 4 7 6 0 1 
1008 2 6 5 0 
1009 6 1 3 5 
1010 2 7 6 0 1 
1011 2 0 1 3 
1012 2 6 4 3 7 5 
1013 2 1 0 
1014 2 7 5 4 1 3 
1015 4 6 0 1 3 
1016 4 6 5 2 3 
1017 2 6 3 1 
1018 4 6 1 2 7 3 
1019 4 6 7 5 0 
1020 4 5 1 0 
1021 2 6 7 4 5 
1022 4 3 2 
1023 5 2 3 0 
