0 3 0 1 
1 1 3 2 4 7 5 0 
2 6 3 2 7 1 
3 3 0 4 5 1 
4 4 3 6 5 
5 5 0 1 
6 2 1 7 4 5 6 
7 0 4 7 5 
8 2 3 1 0 
9 1 3 2 0 
10 3 7 6 
11 3 2 1 
12 0 4 6 1 5 
13 1 7 3 6 
14 0 3 1 
15 4 1 6 5 
16 6 3 1 2 5 7 0 
17 2 6 4 1 5 3 
18 1 3 2 0 
19 4 1 5 
20 1 4 3 5 
21 4 3 2 1 0 
22 4 1 6 5 
23 1 3 4 7 6 
24 7 3 4 5 1 
25 2 3 1 
26 5 7 0 6 
27 6 3 1 
28 3 7 6 
29 5 0 4 7 1 6 
30 3 1 2 5 7 6 0 
31 6 7 0 
32 3 7 0 1 4 
33 0 4 2 6 3 1 
34 7 0 5 1 
35 6 3 2 4 7 5 0 
36 6 4 0 1 
37 4 1 2 3 5 0 
38 6 4 1 5 
39 1 7 3 6 
40 7 3 2 1 6 
41 1 3 6 4 5 
42 5 3 4 2 1 
43 6 7 3 2 1 
44 3 4 1 5 
45 4 3 1 6 
46 3 7 0 6 
47 7 3 4 6 1 
48 2 4 1 5 
49 4 3 2 1 5 
50 5 6 7 1 
51 7 5 3 1 
52 5 3 1 
53 0 4 6 1 5 
54 2 3 0 1 
55 0 1 6 
56 2 3 1 0 
57 2 3 5 0 
58 0 2 3 1 
59 6 4 2 3 1 
60 4 3 1 5 
61 6 5 7 3 
62 4 2 6 3 1 
63 5 2 3 7 6 1 
64 2 7 4 0 1 6 
65 1 3 2 0 
66 6 1 2 3 0 
67 3 7 0 1 4 
68 4 3 1 6 
69 5 4 0 6 1 
70 2 5 7 6 3 
71 0 1 6 
72 2 3 7 4 1 
73 1 3 6 
74 3 4 1 5 
75 3 7 6 5 1 
76 0 1 2 3 
77 1 7 4 0 6 
78 0 1 2 3 
79 4 2 6 3 1 
80 6 7 1 
81 2 3 7 6 1 
82 1 4 5 6 
83 5 6 7 1 
84 0 4 5 1 
85 4 3 2 7 6 1 
86 4 0 5 1 
87 1 4 6 5 
88 7 1 4 0 6 
89 2 4 6 3 1 
90 5 3 2 0 
91 6 3 2 1 0 
92 3 4 2 1 6 5 
93 5 4 1 
94 3 5 1 
95 6 7 0 
96 3 2 4 7 5 0 
97 0 5 7 6 3 
98 7 1 2 4 3 5 0 
99 6 1 2 3 0 
100 6 4 1 5 
101 4 7 6 1 
102 6 5 7 3 
103 1 4 2 6 3 
104 7 1 5 0 6 
105 1 2 3 5 
106 5 3 1 6 
107 6 1 7 5 0 
108 3 6 4 5 1 
109 4 3 7 6 1 
110 3 4 0 6 1 
111 7 6 1 
112 2 4 0 6 1 5 
113 5 1 
114 5 4 3 1 
115 6 3 4 2 0 5 
116 5 1 2 4 3 0 
117 0 3 2 5 
118 3 6 4 5 1 
119 0 3 1 
120 2 1 4 0 6 
121 2 4 0 6 1 
122 0 1 4 6 
123 6 1 2 3 0 
124 4 1 7 5 6 
125 6 5 3 1 
126 4 7 6 5 3 1 
127 5 3 1 
128 2 7 0 1 4 
129 1 4 2 6 3 5 
130 6 1 4 0 
131 3 4 0 1 5 
132 4 7 6 5 3 1 
133 5 0 4 1 
134 2 7 6 1 
135 0 3 2 7 6 1 
136 2 7 3 6 
137 1 5 7 6 3 
138 3 1 7 5 0 6 
139 3 2 1 0 
140 0 7 4 1 6 
141 1 2 4 3 5 0 
142 0 6 5 7 1 
143 4 1 5 
144 6 3 4 7 1 
145 2 4 3 1 5 
146 1 7 4 5 6 
147 4 2 6 1 5 3 
148 0 2 3 1 
149 5 2 6 4 1 3 
150 4 3 2 1 0 
151 1 4 5 
152 7 4 3 1 5 
153 2 7 0 1 4 
154 5 3 2 4 7 0 
155 6 5 7 1 
156 3 2 0 5 
157 5 3 1 6 
158 3 7 5 6 
159 6 4 7 0 5 
160 3 1 
161 0 7 4 1 6 
162 7 1 4 5 6 
163 6 4 0 1 
164 6 1 7 5 0 
165 4 7 6 5 3 1 
166 6 4 1 5 
167 1 2 3 
168 7 2 3 5 0 
169 1 3 2 7 6 
170 5 7 1 6 
171 6 2 3 1 
172 3 7 5 6 
173 4 3 2 0 5 
174 3 4 7 0 5 
175 7 3 1 6 
176 2 4 3 6 5 
177 4 1 6 
178 5 1 4 0 6 
179 6 2 3 1 
180 5 1 2 3 0 
181 0 5 7 3 2 1 6 
182 2 7 6 1 
183 0 5 7 6 3 
184 2 5 1 
185 2 4 1 6 3 5 
186 0 4 1 6 5 
187 6 2 1 3 5 
188 4 2 3 7 5 6 1 
189 6 4 0 5 1 
190 5 3 0 1 
191 5 7 3 6 
192 2 3 1 0 
193 1 4 0 5 
194 6 3 4 7 1 
195 3 0 4 7 1 6 5 
196 4 1 7 5 6 
197 5 1 
198 2 3 7 6 1 
199 0 4 1 5 6 
200 2 1 3 5 
201 1 7 6 5 3 
202 3 4 7 6 1 
203 3 4 1 5 6 
204 0 3 2 7 6 1 
205 1 3 2 7 6 
206 0 3 2 1 
207 4 3 1 5 
208 6 7 0 
209 3 2 1 0 
210 1 3 2 7 6 
211 4 0 5 1 
212 0 3 2 4 7 5 
213 4 0 7 1 6 5 
214 4 7 0 6 
215 1 7 6 5 3 
216 7 3 1 6 
217 2 1 6 
218 5 4 1 
219 6 7 3 
220 3 4 0 1 5 
221 5 3 1 2 7 6 0 
222 3 5 1 
223 6 3 2 4 7 5 0 
224 3 4 0 1 5 
225 0 3 1 
226 7 3 2 0 5 
227 5 7 6 1 
228 6 1 4 0 
229 5 3 2 1 0 
230 6 1 7 5 0 
231 1 5 
232 7 2 3 5 0 
233 1 3 2 0 
234 5 4 0 1 
235 6 2 3 5 0 
236 3 4 2 6 1 
237 5 1 2 4 3 0 
238 3 2 7 4 1 
239 7 3 1 2 5 6 0 
240 2 7 0 1 4 
241 4 3 2 1 0 
242 5 7 6 3 1 
243 6 7 4 0 1 
244 5 3 0 1 
245 0 4 1 5 
246 2 3 1 
247 0 4 7 5 
248 2 1 4 6 0 
249 2 3 4 1 5 
250 0 3 1 6 
251 6 1 2 4 3 5 0 
252 4 3 1 
253 6 4 3 5 
254 4 2 6 1 5 3 
255 5 4 3 6 
256 2 3 1 5 7 6 0 
257 1 4 2 6 3 5 
258 6 3 2 0 1 
259 3 4 7 6 1 
260 4 6 5 7 1 
261 5 3 1 6 
262 3 2 1 0 
263 0 3 2 1 
264 2 7 4 0 1 6 
265 0 2 3 5 
266 3 2 1 
267 3 1 7 5 0 6 
268 0 7 4 1 6 
269 1 4 2 6 3 
270 1 0 5 
271 6 1 
272 6 2 4 1 5 3 
273 2 5 1 
274 0 3 2 1 
275 4 7 3 2 1 6 
276 0 2 6 4 1 5 3 
277 4 7 3 6 
278 4 1 7 5 6 
279 1 2 3 0 
280 7 3 2 1 0 
281 2 7 6 1 
282 5 4 0 6 1 
283 6 5 7 3 
284 3 2 1 
285 5 0 4 7 1 6 
286 3 1 4 0 6 
287 6 7 3 
288 1 7 3 6 
289 0 3 4 7 6 1 
290 4 1 5 
291 6 4 7 0 5 
292 6 0 4 5 1 
293 4 3 7 6 1 
294 6 2 3 7 5 1 
295 1 7 4 5 6 
296 7 4 2 6 3 1 
297 1 5 7 6 
298 5 0 1 
299 6 3 4 2 0 5 
300 3 7 5 6 
301 4 1 6 
302 3 4 1 5 
303 7 4 3 1 5 
304 2 4 3 6 5 
305 4 5 1 
306 5 7 3 2 1 6 
307 6 7 0 
308 5 7 3 2 1 6 
309 0 3 1 2 5 7 6 
310 2 3 0 1 
311 0 3 2 1 
312 2 3 4 5 1 
313 2 4 0 6 1 
314 0 7 3 2 1 6 
315 6 4 0 5 1 
316 4 3 0 1 
317 7 1 4 6 0 
318 4 1 0 6 
319 5 7 0 6 
320 2 4 6 3 1 
321 2 1 3 0 
322 6 4 0 5 1 
323 2 4 0 6 1 5 
324 7 0 4 1 6 5 
325 5 7 0 6 
326 2 7 3 5 6 
327 0 2 3 1 
328 2 7 0 6 
329 1 3 
330 3 2 4 7 5 0 
331 3 0 1 
332 0 4 2 1 6 3 5 
333 1 3 
334 0 7 6 1 
335 4 3 6 5 
336 6 3 2 7 1 
337 2 3 1 
338 1 4 3 5 
339 4 7 3 2 1 6 
340 3 4 0 6 1 
341 4 2 3 1 
342 4 7 0 1 6 
343 1 2 3 7 5 6 
344 7 0 4 1 6 5 
345 3 2 7 6 1 
346 5 3 2 0 1 
347 6 3 2 7 1 
348 3 4 1 6 5 
349 5 4 0 1 
350 3 5 7 1 6 
351 6 3 4 2 1 5 
352 3 6 4 5 1 
353 1 3 2 7 6 
354 7 2 3 1 
355 6 5 7 3 2 1 
356 6 2 1 3 5 
357 6 4 1 5 
358 7 4 0 5 
359 1 5 
360 7 4 3 6 5 
361 1 7 0 6 
362 5 2 3 1 
363 6 7 4 0 1 
364 3 4 5 1 
365 4 3 2 1 0 
366 3 2 4 5 1 
367 7 4 0 6 1 
368 3 1 2 5 7 6 0 
369 4 2 3 7 5 6 1 
370 5 4 2 1 6 3 
371 6 4 0 1 5 
372 6 4 1 5 
373 0 5 3 1 
374 2 3 4 1 5 
375 1 5 7 6 3 
376 2 7 0 6 
377 2 7 0 6 
378 0 1 2 4 3 5 
379 6 4 0 5 1 
380 4 5 7 6 3 
381 6 1 2 4 3 5 0 
382 4 0 7 1 6 5 
383 5 3 2 7 6 1 
384 2 4 0 6 1 5 
385 1 3 2 5 7 6 0 
386 6 4 1 5 
387 3 1 
388 7 2 3 1 
389 5 3 2 1 0 
390 2 7 4 0 1 6 
391 0 7 1 4 
392 2 1 4 0 6 
393 1 5 3 
394 3 4 1 6 5 
395 2 4 0 6 1 
396 0 2 3 5 
397 1 5 7 6 
398 2 3 1 
399 4 3 1 
400 6 1 7 5 0 
401 2 3 0 1 
402 1 2 3 7 5 6 
403 4 3 2 7 6 1 
404 3 1 4 6 0 
405 4 2 3 7 5 6 1 
406 4 5 7 6 3 
407 1 3 2 7 6 
408 7 2 3 5 0 
409 2 5 7 3 1 6 
410 5 1 7 0 6 
411 6 4 1 5 
412 3 5 1 
413 5 7 3 2 1 6 
414 3 4 7 6 1 
415 6 7 3 5 
416 3 4 7 6 1 
417 0 3 2 1 
418 7 3 2 1 0 
419 6 3 2 0 5 
420 6 7 3 2 1 
421 4 0 5 1 
422 6 4 1 5 
423 1 4 6 0 
424 7 4 1 5 
425 1 3 2 0 
426 5 7 0 6 
427 6 5 3 1 
428 3 2 4 5 1 
429 4 7 3 2 1 6 
430 3 4 0 5 1 
431 7 2 1 3 5 
432 2 3 0 5 
433 4 2 3 5 0 
434 1 3 2 0 
435 6 5 7 3 2 1 
436 5 7 1 6 
437 0 5 1 
438 2 3 1 6 
439 0 4 1 6 5 
440 2 3 7 4 1 
441 2 3 4 5 1 
442 0 2 6 4 1 5 3 
443 6 2 3 5 0 
444 4 2 3 5 0 
445 6 1 7 4 5 
446 4 3 2 1 5 
447 5 4 2 1 6 3 
448 2 5 7 1 6 
449 1 3 
450 6 1 4 0 
451 3 4 5 1 
452 4 2 3 7 5 6 1 
453 5 3 4 2 1 
454 2 7 3 5 6 
455 0 7 6 
456 2 3 7 6 1 
457 1 4 0 5 
458 3 7 6 5 1 
459 3 2 0 5 
460 0 3 2 1 
461 1 6 
462 0 2 6 4 1 5 3 
463 4 3 0 1 
464 7 4 2 1 6 3 5 
465 2 6 4 1 5 3 
466 1 7 3 2 6 
467 4 5 3 1 
468 0 3 2 1 
469 5 3 2 4 7 0 
470 4 3 2 0 5 
471 1 2 3 7 5 6 
472 7 5 3 2 1 6 
473 2 4 3 6 5 
474 5 7 6 1 
475 6 3 2 4 5 1 
476 3 2 1 
477 6 1 4 0 
478 3 2 7 4 1 
479 6 3 1 
480 3 0 5 1 
481 0 5 1 
482 7 6 5 3 1 
483 6 3 2 7 4 1 
484 6 3 2 1 0 
485 4 1 5 
486 6 1 4 0 
487 1 3 2 5 7 6 0 
488 7 0 1 4 
489 1 3 2 5 7 6 0 
490 5 4 0 6 1 
491 6 7 3 5 
492 3 4 6 5 
493 4 3 1 5 
494 3 4 1 5 
495 7 1 2 4 3 5 0 
496 2 3 1 
497 4 0 5 1 
498 5 0 4 1 
499 6 3 2 1 0 
500 5 2 3 7 6 1 
501 0 5 3 1 
502 2 4 1 5 
503 0 2 3 7 5 6 1 
504 2 4 0 5 1 
505 2 4 7 0 5 
506 0 3 2 7 4 1 
507 6 5 3 1 
508 4 3 2 0 1 
509 6 3 2 7 4 1 
510 4 3 2 0 5 
511 5 7 3 6 
512 2 3 1 0 
513 1 2 3 0 
514 6 3 2 0 5 
515 3 1 7 4 5 6 
516 4 7 0 1 6 
517 5 4 7 0 
518 2 1 7 5 0 6 
519 0 4 7 1 6 5 
520 2 3 4 7 5 0 
521 1 3 6 
522 3 4 2 0 5 
523 3 1 2 0 
524 0 2 3 5 
525 1 3 4 2 0 5 
526 2 3 4 7 5 0 
527 5 4 0 1 
528 6 7 3 2 1 
529 2 1 3 5 
530 1 3 4 5 
531 4 2 3 1 
532 3 0 5 1 
533 4 1 6 
534 4 2 6 3 1 
535 1 3 4 2 0 5 
536 7 3 1 2 5 6 0 
537 2 3 0 1 
538 5 3 2 7 6 1 
539 6 3 2 4 5 1 
540 3 2 7 6 1 
541 5 3 4 7 6 1 
542 3 1 4 6 0 
543 6 3 2 0 1 
544 3 2 4 5 1 
545 0 5 7 1 6 
546 7 0 6 
547 6 1 2 3 0 
548 6 2 3 7 5 1 
549 4 0 5 1 
550 7 3 5 6 
551 1 4 5 6 
552 7 4 0 1 5 
553 0 4 7 1 6 5 
554 5 2 1 3 
555 6 1 7 4 5 
556 3 4 2 0 5 
557 4 3 7 6 1 
558 3 1 6 
559 7 3 1 6 
560 2 3 4 0 5 
561 4 1 6 0 
562 5 4 1 6 
563 7 3 4 6 1 
564 5 7 3 2 1 6 
565 0 3 2 7 6 1 
566 2 3 0 1 
567 2 3 4 5 1 
568 2 3 7 6 1 
569 2 3 1 
570 0 4 6 1 5 
571 7 4 0 6 1 5 
572 4 3 5 1 
573 7 0 4 1 6 5 
574 4 3 2 0 1 
575 5 4 1 6 
576 3 1 7 5 0 6 
577 2 3 7 6 1 
578 6 5 3 1 
579 3 7 0 1 4 
580 5 7 1 6 
581 5 2 1 3 
582 2 3 7 5 6 1 
583 3 4 2 1 6 5 
584 2 3 1 0 
585 3 4 1 5 
586 3 2 1 
587 3 7 5 6 
588 0 3 1 2 5 7 6 
589 1 3 2 0 
590 2 0 4 5 1 
591 4 5 7 1 6 
592 7 2 3 1 
593 3 4 7 0 5 
594 1 0 4 7 6 5 
595 4 3 2 7 5 0 
596 3 1 6 
597 4 1 5 6 
598 4 2 3 1 
599 1 3 2 0 
600 7 4 1 5 
601 2 7 6 5 3 1 
602 5 7 3 6 
603 7 6 1 
604 3 4 6 5 
605 5 3 4 1 
606 3 2 7 5 6 1 
607 7 3 0 1 
608 3 2 0 1 
609 0 5 1 
610 7 2 3 1 
611 7 0 1 4 
612 7 2 3 1 
613 4 1 0 6 
614 7 3 4 5 1 
615 1 3 2 0 
616 7 3 2 6 1 
617 1 3 4 2 5 
618 5 3 2 0 
619 6 3 2 0 1 
620 3 2 1 5 
621 4 0 6 1 5 
622 2 4 1 5 
623 7 3 2 1 0 
624 2 4 0 6 1 5 
625 4 7 3 5 6 
626 5 3 4 2 0 
627 7 3 5 6 
628 5 4 1 
629 0 1 6 
630 2 5 7 1 6 
631 2 4 6 3 1 
632 2 7 0 6 
633 2 4 1 5 
634 0 1 4 6 
635 7 2 1 3 5 
636 4 2 1 6 3 5 
637 7 6 5 1 
638 4 1 7 5 6 
639 5 4 1 6 
640 2 3 6 4 5 1 
641 2 3 4 0 5 
642 6 3 2 7 1 
643 3 0 4 5 1 
644 4 7 6 5 3 1 
645 6 1 4 0 
646 2 4 1 5 6 
647 3 2 4 5 1 
648 2 3 0 1 
649 3 1 2 4 5 0 
650 2 7 3 5 6 
651 3 2 4 5 1 
652 0 3 2 7 6 1 
653 1 3 4 7 6 
654 2 6 5 7 1 
655 4 7 0 1 6 
656 7 3 5 6 
657 2 3 7 4 1 
658 1 7 0 6 
659 4 7 0 5 
660 3 0 5 1 
661 4 0 5 1 
662 4 3 1 5 
663 1 3 2 0 
664 7 3 2 4 5 1 
665 1 4 2 6 3 
666 5 3 2 7 6 1 
667 7 2 3 5 0 
668 3 2 1 5 
669 6 7 0 
670 3 5 7 2 1 6 
671 7 2 6 4 1 5 3 
672 3 7 2 1 6 
673 0 4 5 1 
674 7 4 0 5 
675 7 4 0 5 
676 7 4 0 5 
677 4 1 5 
678 7 4 1 5 6 
679 1 4 5 
680 7 0 5 1 
681 1 2 3 
682 5 7 1 6 
683 6 3 0 1 
684 3 7 2 1 6 
685 4 7 3 6 
686 3 0 5 1 
687 7 5 6 3 
688 0 6 5 7 1 
689 4 1 6 5 
690 5 2 1 3 
691 7 3 2 0 1 
692 5 3 2 1 0 
693 0 3 2 1 
694 2 3 1 0 
695 2 3 0 5 
696 3 2 7 6 1 
697 2 7 0 6 
698 0 3 1 
699 7 5 1 6 
700 4 7 0 6 
701 7 4 1 6 5 
702 4 1 6 
703 5 1 4 6 0 
704 2 6 5 7 1 
705 3 4 1 5 
706 6 3 1 2 5 7 0 
707 3 7 0 1 4 
708 4 3 2 1 0 
709 5 1 
710 2 4 1 6 3 5 
711 3 7 6 1 
712 1 5 3 
713 3 6 4 5 1 
714 3 1 2 0 
715 3 1 6 
716 0 3 2 1 
717 1 7 5 0 6 
718 2 1 3 5 
719 4 0 5 1 
720 7 6 1 
721 0 2 3 5 
722 1 7 6 
723 4 0 1 5 
724 3 1 2 0 
725 4 7 0 5 
726 4 2 6 3 1 
727 1 6 5 7 
728 7 1 4 5 6 
729 0 5 7 1 6 
730 5 3 2 4 1 
731 7 0 4 5 1 
732 3 1 2 5 7 6 0 
733 5 4 1 
734 0 3 2 1 
735 7 0 4 1 6 5 
736 1 2 3 
737 0 4 2 6 3 1 
738 7 3 2 0 1 
739 7 5 1 
740 7 3 2 1 6 
741 4 5 7 6 3 
742 7 3 2 0 5 
743 1 4 6 5 
744 7 3 6 
745 1 3 2 4 7 5 0 
746 5 3 4 2 0 
747 6 1 2 4 3 5 0 
748 0 1 4 6 
749 4 3 2 0 1 
750 0 3 2 1 
751 7 4 0 6 1 5 
752 0 1 7 5 6 
753 4 1 2 3 5 0 
754 5 4 0 6 1 
755 7 0 1 4 
756 5 3 2 0 1 
757 0 4 3 6 5 
758 0 4 3 1 5 
759 2 3 1 0 
760 1 7 5 0 6 
761 0 3 2 1 
762 0 2 1 3 5 
763 7 4 1 5 
764 4 5 3 1 
765 7 1 4 5 6 
766 4 3 2 5 1 
767 5 3 2 4 7 0 
768 2 3 6 4 5 1 
769 2 3 4 1 5 
770 6 3 1 
771 3 2 0 1 
772 4 3 6 5 1 
773 5 4 1 6 
774 2 3 7 4 1 
775 3 6 4 5 1 
776 1 4 3 6 5 
777 3 7 6 5 1 
778 3 5 1 
779 3 4 5 1 
780 0 4 3 6 5 
781 1 7 0 6 
782 2 4 0 6 1 
783 4 5 7 6 3 
784 7 4 3 1 5 
785 0 7 3 5 6 
786 1 3 2 7 4 
787 4 7 0 1 
788 3 2 7 4 1 
789 4 7 0 1 6 
790 4 2 6 1 5 3 
791 1 2 3 0 
792 7 2 3 1 
793 1 7 3 2 6 
794 5 4 0 6 1 
795 7 3 4 2 1 5 
796 3 1 2 5 7 6 0 
797 5 0 4 7 1 6 
798 0 3 4 5 1 
799 7 3 5 6 
800 1 4 5 
801 0 6 5 7 1 
802 7 3 2 6 1 
803 7 3 2 6 1 
804 7 3 2 0 1 
805 4 1 5 
806 7 6 5 1 
807 1 2 3 
808 7 2 3 5 6 1 
809 1 4 0 6 
810 5 2 6 4 1 3 
811 6 7 5 3 1 
812 0 4 1 5 
813 4 1 5 6 
814 0 4 7 5 
815 7 1 5 0 6 
816 0 5 1 
817 4 3 2 7 1 
818 5 1 2 4 3 0 
819 7 3 2 4 5 0 
820 5 7 3 6 
821 0 5 1 
822 0 3 4 5 1 
823 2 3 0 5 
824 0 3 4 5 1 
825 0 5 3 1 
826 0 4 1 5 6 
827 7 4 0 1 6 
828 4 1 2 3 5 0 
829 7 0 6 
830 4 5 7 1 6 
831 5 1 
832 2 4 1 5 6 
833 2 3 4 5 1 
834 6 3 2 1 0 
835 3 4 6 5 
836 4 0 1 5 
837 5 0 4 7 1 6 
838 2 3 0 5 
839 3 1 
840 1 6 5 7 
841 3 7 6 
842 3 4 2 1 5 
843 3 7 2 1 6 
844 0 5 1 
845 1 4 3 6 5 
846 6 4 2 1 3 5 
847 4 3 2 1 5 
848 7 5 3 1 
849 6 3 4 5 1 
850 6 4 1 5 
851 4 1 6 
852 4 3 6 5 1 
853 4 3 2 0 1 
854 0 7 1 4 
855 6 1 
856 1 7 0 4 
857 7 3 4 5 1 
858 5 4 1 6 
859 7 1 4 6 0 
860 5 7 0 6 
861 3 4 0 5 1 
862 6 3 2 1 0 
863 2 3 4 5 1 
864 5 3 2 1 0 
865 4 1 6 0 
866 7 3 2 1 0 
867 7 3 2 1 6 
868 7 0 6 
869 4 3 2 0 5 
870 0 3 4 2 5 
871 7 5 3 2 1 6 
872 0 7 6 5 3 1 
873 7 3 2 1 0 
874 1 7 4 5 6 
875 1 2 3 5 
876 6 4 0 1 
877 1 4 0 6 
878 5 3 1 
879 1 4 3 5 
880 6 3 4 2 1 5 
881 1 7 6 
882 1 3 2 0 
883 7 3 2 4 1 
884 5 3 6 4 1 
885 0 2 6 4 1 5 3 
886 0 3 2 7 6 1 
887 2 4 0 5 1 
888 1 7 0 6 
889 0 4 6 1 5 
890 0 3 4 5 1 
891 7 3 2 4 1 
892 5 7 4 0 1 6 
893 7 1 5 0 6 
894 5 3 0 1 
895 5 4 0 6 1 
896 2 3 1 5 7 6 0 
897 1 4 0 6 
898 2 4 0 5 1 
899 7 4 1 5 
900 5 4 0 1 
901 5 2 6 4 1 3 
902 2 3 1 0 
903 0 7 6 
904 1 0 5 
905 3 6 4 5 1 
906 7 2 3 1 
907 3 4 5 1 
908 0 5 7 3 2 1 6 
909 1 3 6 4 5 
910 0 5 7 3 2 1 6 
911 5 3 4 2 1 
912 7 3 1 
913 0 6 5 7 1 
914 1 3 2 0 
915 5 4 0 1 
916 5 4 2 6 3 1 
917 1 4 3 6 5 
918 0 4 3 1 5 
919 6 5 7 3 
920 1 6 
921 7 3 2 4 5 0 
922 5 7 0 1 4 
923 5 3 4 7 6 1 
924 5 3 1 
925 1 4 6 5 
926 3 2 1 
927 2 3 4 0 5 
928 5 3 0 1 
929 0 3 2 4 5 1 
930 4 0 1 5 
931 5 2 3 0 
932 5 7 0 6 
933 5 3 2 4 1 
934 0 5 7 3 2 1 6 
935 7 4 1 5 
936 0 3 6 4 5 1 
937 7 3 2 1 0 
938 1 0 4 5 
939 1 2 3 7 5 6 
940 6 1 7 5 0 
941 1 5 7 3 2 6 
942 5 6 7 1 
943 1 7 3 6 
944 6 5 7 3 2 1 
945 1 4 6 0 
946 0 1 7 4 5 6 
947 7 5 3 1 
948 6 4 0 1 
949 0 5 7 6 3 
950 0 3 2 1 
951 3 4 0 1 5 
952 0 4 7 1 6 5 
953 2 3 7 4 1 
954 0 3 1 
955 7 1 4 6 0 
956 7 3 2 0 5 
957 5 4 1 
958 6 0 4 7 1 5 
959 5 7 6 1 
960 2 3 1 0 
961 1 4 2 6 3 5 
962 6 4 0 1 5 
963 3 4 2 1 5 
964 7 4 0 5 
965 6 3 4 5 1 
966 2 1 3 0 
967 0 5 7 1 6 
968 1 2 6 4 5 3 
969 1 3 6 4 5 
970 2 7 0 6 
971 3 4 2 1 6 5 
972 0 1 4 6 
973 1 0 4 5 
974 0 2 3 5 
975 6 1 
976 7 1 4 0 6 
977 6 3 2 1 0 
978 1 0 4 5 
979 0 4 2 1 6 3 5 
980 0 3 2 7 4 1 
981 5 3 2 0 1 
982 4 2 3 5 0 
983 0 3 4 2 1 5 
984 7 1 4 0 6 
985 1 3 2 7 6 
986 7 4 0 1 5 
987 5 2 6 4 1 3 
988 6 2 1 3 5 
989 6 7 0 1 4 
990 6 3 4 2 0 5 
991 7 3 4 2 0 5 
992 5 1 2 4 3 0 
993 1 7 4 5 6 
994 4 3 0 1 
995 7 4 0 1 6 
996 5 3 2 4 7 0 
997 7 6 5 3 1 
998 0 4 5 1 
999 7 1 2 4 3 5 0 
1000 0 7 6 
1001 7 5 1 6 
1002 1 3 0 
1003 1 5 
1004 6 3 2 0 1 
1005 2 7 0 6 
1006 5 3 2 0 1 
1007 2 7 6 1 
1008 6 7 5 3 1 
1009 1 4 0 6 
1010 1 6 5 7 
1011 5 4 3 1 
1012 6 1 2 3 0 
1013 1 0 4 5 
1014 1 7 0 6 
1015 2 4 1 6 3 5 
1016 1 4 0 5 
1017 2 5 7 3 1 6 
1018 0 2 3 1 
1019 7 3 2 6 1 
1020 5 7 6 3 
1021 7 3 2 0 1 
1022 6 4 0 1 
1023 5 4 0 1 
