0 1 3 0 6 7 2 
1 3 6 2 
2 4 5 2 
3 7 0 5 1 6 2 
4 2 0 1 4 
5 1 3 2 5 
6 5 0 7 4 1 2 
7 2 4 3 0 6 
8 2 3 0 4 7 6 1 
9 1 5 7 0 2 
10 5 2 3 1 
11 4 0 1 2 
12 7 1 0 4 2 6 
13 6 2 3 1 5 
14 2 3 0 1 6 7 
15 7 3 0 4 1 6 2 
16 0 1 2 5 4 
17 2 3 0 5 1 
18 4 5 7 0 2 
19 0 4 7 6 
20 2 0 1 
21 6 3 0 4 7 1 2 
22 1 3 0 7 4 6 2 
23 0 4 7 5 6 
24 6 0 1 2 7 3 4 
25 2 0 1 
26 4 6 0 7 3 
27 0 3 2 7 6 
28 1 2 3 5 
29 7 0 6 
30 7 0 1 2 5 4 
31 2 6 0 7 3 
32 3 5 0 2 1 6 4 
33 7 5 6 3 1 2 4 
34 6 3 2 5 
35 6 3 2 
36 4 3 2 5 
37 7 0 4 3 
38 2 3 0 7 4 1 6 
39 5 2 3 1 
40 5 6 4 3 0 2 
41 2 0 1 5 3 
42 0 5 6 4 1 2 
43 4 6 3 0 2 
44 4 7 6 
45 3 2 7 6 
46 5 6 0 7 3 
47 3 4 7 5 6 
48 0 4 7 6 
49 0 5 6 4 1 2 
50 5 0 1 2 
51 4 1 0 2 
52 3 5 6 4 1 2 
53 2 1 0 4 6 
54 4 6 2 7 
55 7 1 0 6 2 
56 7 5 0 2 
57 6 3 0 1 5 2 
58 2 0 1 
59 7 5 6 3 1 2 4 
60 0 1 2 
61 1 3 0 2 
62 6 5 3 1 7 2 4 
63 5 3 0 7 
64 2 4 7 6 
65 3 6 2 7 4 
66 4 5 0 2 
67 7 5 3 0 2 1 6 4 
68 2 3 7 6 
69 1 0 4 2 6 
70 5 1 3 0 2 
71 3 1 0 6 2 
72 2 3 7 0 6 
73 1 3 2 7 6 
74 5 4 7 6 
75 4 6 5 
76 7 5 4 0 2 
77 6 4 7 
78 2 5 4 0 
79 7 5 6 3 1 2 4 
80 0 4 2 
81 2 5 4 
82 4 0 5 1 2 
83 0 1 2 
84 2 0 7 5 1 6 
85 6 5 4 2 
86 1 3 2 5 
87 0 3 7 4 1 6 2 
88 6 0 1 2 
89 2 5 6 3 1 7 4 
90 4 3 0 7 2 6 
91 0 3 4 7 6 1 2 
92 1 6 5 3 4 
93 7 0 4 1 6 3 
94 7 1 4 0 2 
95 2 6 0 7 3 
96 1 6 3 2 
97 7 1 3 0 2 
98 6 7 0 4 3 
99 6 5 4 0 2 
100 4 0 1 6 3 
101 7 4 2 
102 2 1 3 0 
103 5 6 3 1 7 2 4 
104 4 3 2 5 0 
105 2 7 6 3 
106 0 3 2 7 6 
107 4 3 2 5 0 
108 5 0 1 3 2 
109 3 4 7 5 6 
110 5 3 2 4 
111 3 4 2 
112 0 1 4 2 6 
113 0 1 5 6 4 
114 4 0 1 2 
115 4 1 3 2 0 6 
116 3 7 0 4 
117 2 3 0 7 6 
118 4 0 1 5 3 2 
119 7 5 6 4 1 3 2 
120 7 0 1 2 
121 6 3 2 5 4 
122 2 0 1 
123 7 5 4 0 2 
124 0 7 4 1 5 2 
125 1 4 0 2 
126 4 6 5 
127 5 6 4 1 3 2 
128 2 5 3 0 1 6 4 
129 3 6 5 4 
130 4 0 2 7 6 
131 7 5 6 4 
132 2 6 5 4 
133 1 0 7 5 6 2 
134 5 4 2 
135 2 6 3 0 
136 2 3 1 5 
137 1 3 0 2 
138 5 3 2 0 4 
139 4 3 2 7 
140 7 4 6 
141 6 7 0 4 3 
142 2 0 1 
143 7 4 6 
144 0 4 7 5 6 
145 2 0 1 
146 4 0 7 1 5 2 
147 0 3 5 1 2 
148 2 7 6 3 5 
149 6 3 0 5 1 2 
150 1 3 0 4 7 6 2 
151 0 4 1 6 3 
152 6 0 1 2 
153 2 5 3 0 1 6 4 
154 4 6 3 2 
155 0 1 2 
156 1 3 0 7 2 6 
157 7 3 2 6 
158 7 3 4 0 5 2 
159 2 4 3 0 6 
160 3 5 6 4 1 2 
161 7 4 6 
162 6 0 7 4 1 5 2 
163 6 3 2 5 4 
164 4 3 2 5 0 
165 7 6 5 4 
166 2 0 5 4 1 
167 5 0 1 2 
168 5 3 0 1 2 
169 2 6 3 0 
170 0 1 3 7 2 4 6 
171 4 0 1 2 
172 4 3 7 0 5 2 
173 3 1 2 0 6 
174 5 4 3 0 6 2 
175 3 2 7 6 
176 0 1 2 4 
177 0 1 6 2 
178 4 0 1 2 
179 4 0 1 2 
180 3 5 4 0 2 
181 2 3 5 1 0 4 
182 4 2 
183 3 1 0 2 
184 6 1 5 4 
185 6 5 3 4 
186 2 3 0 7 4 1 6 
187 7 2 6 3 
188 0 5 3 7 
189 1 0 7 3 6 
190 6 3 0 1 7 2 
191 5 2 3 1 
192 2 3 7 4 
193 3 0 1 7 6 
194 4 7 5 6 
195 7 0 6 
196 2 0 7 4 1 5 
197 1 5 6 4 
198 5 4 2 
199 3 0 5 4 1 2 
200 0 2 7 6 3 
201 1 6 5 4 
202 5 4 7 6 
203 4 0 5 1 2 
204 7 6 3 0 2 
205 5 4 2 
206 2 5 7 0 
207 7 0 1 2 
208 0 6 7 3 
209 2 5 7 0 
210 4 6 3 0 2 
211 0 7 5 1 6 2 
212 2 6 3 
213 6 0 
214 1 6 0 7 3 
215 0 6 5 4 
216 6 3 2 7 
217 2 1 0 6 
218 4 0 1 6 3 
219 0 2 3 1 5 
220 0 5 6 4 
221 7 0 1 2 5 4 
222 7 1 5 6 4 
223 2 6 3 
224 1 5 6 4 
225 7 5 6 4 1 3 2 
226 6 3 0 7 2 
227 6 4 2 
228 5 0 2 7 4 6 
229 6 3 0 4 7 1 2 
230 2 3 5 0 4 
231 5 1 6 4 
232 4 3 0 1 5 2 
233 0 4 1 2 3 6 
234 0 5 6 4 
235 5 3 0 1 2 
236 4 5 6 3 1 7 2 
237 3 7 0 4 
238 5 3 2 7 0 6 
239 3 0 1 2 5 4 
240 0 5 3 2 1 6 4 
241 1 5 7 0 2 
242 4 6 5 
243 4 7 6 
244 3 0 1 6 7 2 
245 2 4 7 6 
246 4 0 1 2 
247 7 4 3 0 6 2 
248 7 0 2 4 6 
249 6 5 4 1 0 2 
250 2 3 7 6 
251 7 0 4 3 
252 0 5 6 4 1 3 2 
253 1 0 2 4 
254 6 3 0 5 1 2 
255 5 0 1 2 4 
256 2 0 1 5 4 
257 3 6 5 4 
258 4 6 2 7 
259 7 4 5 6 
260 2 0 1 
261 1 3 2 7 6 
262 5 3 2 7 4 
263 3 5 7 0 2 
264 2 4 7 6 
265 1 3 0 5 2 
266 5 0 1 2 
267 4 3 2 5 0 
268 6 4 7 
269 6 5 3 1 7 2 4 
270 3 2 5 
271 5 1 0 6 2 
272 0 3 5 1 2 
273 2 1 5 6 4 
274 4 0 1 2 3 6 
275 0 6 4 3 2 
276 3 0 5 1 2 
277 6 2 3 1 5 
278 1 0 7 4 5 2 
279 0 5 4 2 
280 6 3 2 7 4 
281 3 4 2 
282 4 1 0 2 6 
283 0 1 3 2 
284 1 2 7 6 3 5 
285 7 0 6 
286 7 0 1 2 
287 1 2 3 5 
288 3 2 1 5 
289 7 4 5 6 
290 6 0 4 1 3 
291 6 4 3 0 2 
292 4 0 7 5 1 6 2 
293 7 4 5 6 
294 2 5 3 0 7 
295 5 0 7 4 1 2 
296 5 6 3 1 7 2 4 
297 2 1 3 7 0 4 6 
298 1 3 2 5 
299 4 1 3 2 0 6 
300 4 3 7 0 5 2 
301 3 1 0 6 2 
302 5 0 4 1 6 3 
303 3 0 1 2 
304 0 1 2 4 
305 0 1 5 6 4 
306 6 3 5 1 0 4 2 
307 4 6 0 7 3 
308 3 5 1 0 4 2 
309 3 0 1 2 5 4 
310 4 3 0 1 6 7 2 
311 7 6 2 4 
312 1 6 3 7 2 
313 6 3 2 5 4 
314 3 6 4 0 2 
315 7 0 1 3 6 
316 0 3 1 6 7 2 
317 1 0 2 7 4 6 
318 6 0 1 2 
319 5 6 3 0 4 
320 1 5 6 3 7 2 4 
321 3 5 4 0 2 
322 6 0 1 7 3 
323 7 1 0 4 2 6 
324 3 0 6 
325 1 6 0 7 3 
326 5 3 7 4 0 2 
327 3 0 1 2 
328 2 6 0 7 3 
329 1 5 6 4 3 2 
330 5 6 3 2 
331 5 3 0 1 6 7 2 
332 7 6 5 3 4 
333 6 5 4 1 3 2 
334 2 4 
335 7 0 1 2 4 
336 0 6 3 2 
337 2 7 6 3 5 
338 4 0 1 2 
339 0 6 4 3 2 
340 2 3 5 4 
341 6 0 1 2 
342 1 4 7 6 
343 0 5 3 7 
344 6 0 
345 2 6 3 0 
346 1 4 0 2 3 6 
347 0 5 4 2 
348 1 3 0 7 4 6 2 
349 5 6 4 
350 4 1 3 7 0 2 6 
351 3 5 6 4 1 0 2 
352 3 0 1 5 2 
353 7 5 4 2 
354 6 2 7 3 5 
355 6 3 5 1 0 4 2 
356 4 2 7 6 3 
357 7 0 5 4 1 2 
358 1 4 3 0 6 2 
359 4 1 5 6 
360 5 0 1 2 4 
361 2 6 3 0 4 
362 0 2 7 6 3 5 
363 4 7 6 
364 4 0 1 2 7 3 
365 3 5 7 0 2 
366 5 6 3 7 2 
367 3 2 5 4 
368 1 0 2 5 4 
369 0 5 3 7 
370 4 6 5 3 
371 7 1 0 4 2 6 
372 3 4 7 6 
373 2 1 4 0 
374 5 6 4 1 0 2 
375 7 1 3 0 2 
376 7 6 3 0 4 
377 6 0 7 3 
378 2 7 0 4 3 
379 7 0 1 3 6 
380 1 3 0 2 
381 1 7 0 4 3 
382 6 0 
383 5 4 2 
384 3 1 0 4 2 6 
385 3 0 1 2 5 4 
386 4 0 1 6 3 
387 6 5 4 1 3 2 
388 1 2 7 6 3 5 
389 1 3 2 7 4 
390 5 4 7 6 
391 3 5 0 2 1 6 4 
392 2 0 1 
393 1 4 0 2 
394 5 3 0 7 4 1 6 2 
395 4 3 2 5 
396 7 3 0 1 5 2 
397 6 1 3 7 0 2 4 
398 2 5 6 4 1 3 
399 7 5 6 4 1 3 2 
400 0 3 2 5 4 
401 2 3 0 1 6 7 
402 7 5 3 0 
403 0 6 3 2 
404 2 0 7 4 6 
405 4 5 3 0 7 
406 1 3 0 2 
407 0 5 4 2 
408 6 3 0 1 5 2 
409 2 3 5 1 0 4 
410 4 3 2 5 0 
411 0 5 4 1 2 
412 0 1 5 6 4 
413 5 3 1 0 4 2 
414 7 4 5 6 
415 2 3 7 4 0 5 
416 3 4 7 5 6 
417 7 4 0 1 2 3 6 
418 6 3 0 4 7 1 2 
419 6 3 0 7 2 
420 4 6 3 0 2 
421 7 3 2 5 
422 2 0 5 4 1 
423 4 0 2 7 6 
424 5 0 4 1 6 3 
425 2 3 0 4 7 6 1 
426 0 6 3 4 
427 4 1 0 2 
428 4 6 3 7 2 
429 3 6 4 0 2 
430 5 0 1 7 3 6 
431 3 2 7 6 
432 0 3 7 2 6 
433 1 3 0 5 2 
434 4 3 0 7 6 1 2 
435 7 3 5 1 0 4 2 
436 3 1 7 0 2 4 6 
437 1 3 2 5 
438 4 3 2 7 6 
439 7 3 0 4 1 6 2 
440 7 3 2 0 6 
441 6 0 1 2 7 3 4 
442 2 3 0 5 1 
443 7 3 0 1 5 2 
444 0 3 1 5 2 
445 1 0 7 4 5 2 
446 6 5 4 1 0 2 
447 5 6 3 4 
448 2 1 3 7 0 4 6 
449 3 5 6 4 1 2 
450 4 0 1 2 
451 7 0 1 2 3 4 
452 2 5 3 0 7 
453 1 5 6 4 0 2 
454 5 3 7 4 0 2 
455 3 6 0 4 
456 2 6 3 0 
457 1 5 6 4 
458 5 6 4 
459 4 3 0 7 2 6 
460 7 3 0 4 6 1 2 
461 6 1 0 2 
462 2 3 0 5 1 
463 7 3 0 1 6 2 
464 0 6 5 3 4 
465 2 3 0 5 1 
466 5 6 4 3 0 2 
467 0 1 4 2 
468 2 3 0 4 7 6 1 
469 6 3 2 
470 1 3 0 7 2 6 
471 0 5 3 7 
472 6 3 5 1 0 4 2 
473 2 0 1 4 
474 4 2 
475 0 6 3 7 2 
476 1 0 2 
477 7 0 1 2 
478 7 3 2 0 6 
479 2 3 7 6 
480 3 2 5 
481 7 1 5 6 4 
482 6 5 4 
483 6 3 2 7 0 
484 4 3 2 7 
485 7 4 6 
486 2 0 7 4 6 
487 5 0 1 2 4 
488 5 3 0 2 1 6 4 
489 2 0 1 5 4 
490 0 3 2 5 4 
491 4 3 7 0 5 2 
492 4 0 1 2 
493 3 0 1 2 
494 5 4 7 6 
495 3 7 0 4 
496 0 2 7 6 3 5 
497 0 1 7 3 6 
498 4 0 7 5 1 6 2 
499 4 5 7 0 2 
500 3 5 0 7 
501 2 1 4 0 
502 4 7 6 
503 5 3 0 7 
504 7 0 1 3 6 
505 6 4 3 0 2 
506 2 3 7 0 6 
507 7 1 4 0 2 
508 0 4 1 2 3 6 
509 1 3 2 7 0 6 
510 6 1 3 2 0 
511 5 3 7 4 0 2 
512 2 3 0 4 7 6 1 
513 3 5 4 0 2 
514 5 3 0 7 2 6 
515 7 0 4 1 5 2 
516 2 4 7 6 
517 1 4 3 0 6 2 
518 5 3 2 0 4 
519 3 0 6 
520 2 6 3 
521 1 3 2 7 6 
522 5 1 3 2 0 6 
523 4 5 0 2 
524 7 3 0 1 5 2 
525 6 1 3 2 0 
526 2 6 3 
527 7 5 6 4 
528 0 6 4 3 2 
529 3 2 7 6 
530 4 0 1 2 7 3 
531 0 2 7 6 3 5 
532 2 3 5 
533 6 1 0 2 
534 1 5 6 3 7 2 4 
535 1 3 2 0 6 
536 6 0 1 2 5 4 
537 2 4 0 1 3 6 
538 4 6 3 0 2 
539 0 6 3 7 2 
540 1 6 3 0 2 
541 7 4 5 6 
542 7 0 2 4 6 
543 2 6 7 4 
544 3 6 7 2 
545 7 1 3 0 2 4 6 
546 6 0 7 3 
547 6 5 4 0 2 
548 4 5 3 0 7 
549 7 0 5 1 6 2 
550 2 3 7 4 0 5 
551 5 0 4 1 2 
552 5 6 4 
553 2 0 6 
554 0 2 7 6 3 
555 4 0 7 1 5 2 
556 4 1 3 2 0 6 
557 3 4 7 5 6 
558 5 1 0 6 2 
559 3 2 7 6 
560 0 1 3 2 6 
561 0 2 7 4 6 
562 4 3 0 7 1 6 2 
563 4 7 5 6 
564 3 6 4 0 2 
565 2 5 4 
566 4 6 2 7 
567 7 6 3 2 
568 7 5 4 2 
569 6 2 7 3 5 
570 2 1 0 4 6 
571 7 1 0 4 2 6 
572 0 1 2 7 3 4 
573 1 0 6 
574 6 4 0 1 2 3 
575 5 3 0 7 4 1 6 2 
576 2 3 5 0 4 
577 3 6 0 2 
578 4 1 0 2 
579 7 5 3 0 2 1 6 4 
580 2 1 3 7 0 4 6 
581 1 2 7 6 3 
582 5 3 0 7 
583 3 6 5 4 
584 2 3 0 4 7 6 1 
585 1 4 7 6 
586 5 2 7 6 3 
587 4 3 7 0 5 2 
588 7 0 1 2 5 4 
589 6 4 0 1 2 3 
590 2 0 7 5 1 6 
591 7 1 3 0 2 4 6 
592 0 1 2 
593 2 4 3 0 6 
594 4 0 6 
595 0 6 3 2 
596 2 3 7 6 
597 6 0 5 4 1 2 
598 1 2 7 6 3 5 
599 0 5 7 2 
600 6 0 4 1 3 
601 2 6 5 4 
602 4 2 3 1 5 
603 0 4 2 
604 1 0 2 4 
605 7 0 1 2 3 4 
606 7 5 3 0 
607 2 3 0 1 6 7 
608 3 6 2 7 4 
609 7 3 2 5 
610 6 2 7 3 5 
611 6 5 3 0 2 1 4 
612 4 2 7 6 3 5 
613 7 0 1 2 
614 2 0 1 7 3 4 
615 5 4 0 1 2 3 6 
616 5 6 3 0 2 
617 2 5 6 4 1 0 
618 0 3 7 2 6 
619 4 6 2 7 
620 4 2 7 6 3 
621 3 1 0 4 2 6 
622 5 4 7 6 
623 3 0 4 7 6 1 2 
624 0 1 4 2 6 
625 0 3 7 4 5 2 
626 4 1 3 2 0 6 
627 4 3 7 0 5 2 
628 3 0 4 1 6 
629 2 1 0 6 
630 4 1 3 7 0 2 6 
631 7 5 6 3 1 2 4 
632 7 6 3 0 4 
633 6 0 4 1 3 
634 2 0 1 
635 7 2 6 3 
636 0 6 5 3 4 
637 1 0 2 
638 6 0 7 4 1 5 2 
639 5 0 4 1 2 
640 2 0 1 5 3 
641 3 1 2 0 6 
642 5 4 2 
643 7 0 5 1 6 2 
644 2 6 5 4 
645 1 0 2 7 4 6 
646 5 0 4 1 2 
647 3 6 7 2 
648 3 4 0 1 2 6 
649 1 7 0 4 3 
650 5 3 7 4 0 2 
651 4 6 3 7 2 
652 7 6 3 0 2 
653 6 4 7 5 
654 2 0 1 
655 7 4 6 
656 0 3 7 4 5 2 
657 2 3 7 0 6 
658 4 6 3 0 
659 0 4 3 6 2 
660 2 3 5 
661 6 0 1 7 3 
662 1 0 2 
663 0 3 2 7 4 
664 6 3 7 2 
665 2 5 6 3 1 7 4 
666 4 6 3 0 2 
667 0 3 1 5 2 
668 1 2 7 6 3 
669 7 6 0 3 
670 7 3 5 1 0 4 2 
671 2 3 0 5 1 
672 3 6 4 0 2 
673 7 0 5 1 6 2 
674 6 4 3 0 2 
675 6 4 3 0 2 
676 4 3 0 6 2 
677 7 4 6 
678 2 0 5 4 1 
679 5 4 7 6 
680 5 3 2 
681 2 0 1 
682 0 1 3 7 2 4 6 
683 4 3 0 1 6 7 2 
684 4 6 3 0 2 
685 3 2 1 5 
686 5 3 2 
687 3 1 0 2 
688 0 1 2 
689 0 3 7 4 1 6 2 
690 4 2 7 6 3 
691 4 6 2 7 
692 3 2 7 4 
693 2 3 7 4 
694 4 3 2 7 
695 7 3 0 2 6 
696 7 6 3 0 2 
697 5 6 3 0 4 
698 2 5 6 4 1 3 
699 7 1 3 0 2 4 6 
700 0 6 7 3 
701 1 3 0 7 4 6 2 
702 6 1 0 2 
703 5 0 2 7 4 6 
704 2 0 1 
705 3 0 1 2 
706 4 0 1 2 5 
707 7 5 3 0 2 1 6 4 
708 2 5 7 0 
709 1 5 6 4 
710 5 6 3 4 
711 3 4 2 
712 2 1 4 0 
713 1 0 5 3 2 
714 5 4 0 2 
715 4 1 0 6 2 
716 7 5 0 2 
717 6 3 2 5 0 4 
718 2 7 6 3 
719 6 0 7 5 1 2 
720 0 4 2 
721 2 3 0 1 5 
722 4 2 
723 0 5 6 4 
724 2 5 4 0 
725 6 4 3 0 2 
726 1 5 6 3 7 2 4 
727 0 1 2 
728 6 0 7 4 1 5 2 
729 2 1 3 7 0 4 6 
730 4 6 3 7 2 
731 0 7 5 1 6 2 
732 1 0 2 5 4 
733 7 0 4 1 6 3 
734 7 6 2 4 
735 2 0 6 
736 3 2 7 6 5 
737 7 5 6 3 1 2 4 
738 6 2 7 4 
739 6 1 5 4 
740 4 6 3 0 2 
741 7 1 3 0 2 
742 3 0 7 2 6 
743 5 3 0 7 4 1 6 2 
744 5 2 3 1 
745 2 6 3 
746 0 1 3 2 6 
747 4 7 0 3 
748 4 0 2 7 6 
749 3 4 0 1 2 6 
750 5 4 0 1 2 3 6 
751 3 1 0 4 2 6 
752 0 3 2 5 4 
753 0 7 4 3 
754 5 3 2 4 
755 4 5 3 0 2 1 6 
756 3 6 2 7 4 
757 2 0 1 4 
758 4 0 1 2 
759 7 3 2 4 
760 7 3 2 5 0 4 
761 3 2 7 4 
762 2 7 6 3 
763 7 4 6 
764 0 1 4 2 
765 1 0 7 4 5 2 
766 4 6 3 7 2 
767 5 6 3 2 
768 2 0 1 5 3 
769 3 5 6 4 1 0 2 
770 4 3 2 7 6 
771 7 6 2 4 
772 3 0 1 5 2 
773 1 0 5 4 2 
774 5 3 2 7 0 6 
775 3 0 1 5 2 
776 3 0 1 2 4 
777 1 6 5 4 
778 5 1 6 4 
779 4 0 1 2 7 3 
780 7 0 1 2 4 
781 6 3 0 4 
782 3 2 5 4 
783 7 1 3 0 2 
784 0 1 2 
785 3 7 4 0 5 2 
786 4 3 2 7 0 6 
787 0 5 3 2 1 6 4 
788 3 2 7 0 6 
789 6 4 7 
790 1 3 0 5 2 
791 0 5 4 2 
792 6 0 1 2 
793 3 6 4 0 2 
794 4 1 0 2 6 
795 0 5 6 4 1 2 
796 1 0 2 5 4 
797 7 0 6 
798 7 0 1 2 3 4 
799 3 7 4 0 5 2 
800 3 0 4 1 6 
801 7 0 1 2 
802 6 5 4 2 
803 6 5 4 2 
804 4 0 1 2 3 6 
805 7 4 6 
806 3 0 1 2 
807 5 2 7 6 3 
808 5 3 0 7 
809 3 0 1 2 
810 0 3 5 1 2 
811 4 6 5 
812 4 5 6 
813 3 0 5 4 1 2 
814 5 4 3 0 6 2 
815 3 2 5 0 4 
816 0 3 2 5 
817 0 3 2 7 6 
818 4 7 0 3 
819 4 6 3 2 
820 3 2 1 5 
821 3 1 5 6 4 
822 4 0 1 2 7 3 
823 7 3 0 2 6 
824 7 0 1 2 3 4 
825 6 1 4 0 2 
826 3 0 5 4 1 2 
827 6 4 7 
828 0 7 4 3 
829 1 6 3 0 4 
830 6 1 3 7 0 2 4 
831 5 1 6 4 
832 3 0 5 4 1 2 
833 3 6 7 2 
834 4 5 7 0 2 
835 7 0 1 2 4 
836 3 5 6 4 
837 1 0 6 
838 5 3 0 7 2 6 
839 3 5 6 4 1 2 
840 3 0 1 2 
841 1 2 3 5 
842 5 6 4 1 0 2 
843 4 6 3 0 2 
844 7 3 2 5 
845 6 0 1 2 4 
846 3 6 5 4 
847 7 5 6 4 1 0 2 
848 0 1 4 2 
849 3 0 1 2 7 4 
850 5 3 0 7 4 1 6 2 
851 0 1 6 2 
852 3 0 1 5 2 
853 6 4 0 1 2 3 
854 1 5 3 0 2 6 4 
855 1 0 6 2 
856 6 5 3 0 2 1 4 
857 3 0 1 2 7 4 
858 5 3 0 7 4 1 6 2 
859 0 2 7 4 6 
860 1 6 3 0 4 
861 7 0 1 3 6 
862 7 5 0 2 
863 3 6 7 2 
864 3 2 7 4 
865 7 0 2 4 6 
866 6 3 2 7 4 
867 6 4 3 0 2 
868 5 6 3 0 4 
869 7 3 0 2 6 
870 3 1 2 0 6 
871 5 3 1 0 4 2 
872 5 6 4 
873 3 0 4 7 6 1 2 
874 0 7 4 1 5 2 
875 5 2 7 6 3 
876 5 3 2 4 
877 3 2 5 4 
878 5 6 4 1 3 2 
879 3 0 1 2 
880 0 5 6 4 1 2 
881 0 4 2 
882 5 7 0 2 
883 4 3 2 7 0 6 
884 3 0 1 5 2 
885 3 0 5 1 2 
886 5 4 2 
887 5 0 1 7 3 6 
888 6 0 7 3 
889 6 1 0 4 2 
890 3 0 1 2 7 4 
891 6 3 2 7 0 
892 0 4 7 6 
893 1 3 2 5 0 4 
894 6 3 0 1 7 2 
895 5 1 0 4 2 6 
896 3 0 1 2 5 4 
897 3 2 5 4 
898 6 0 1 7 3 
899 6 0 4 1 3 
900 1 0 7 3 6 
901 1 3 0 5 2 
902 5 3 0 4 7 6 1 2 
903 3 6 0 7 
904 3 2 5 
905 1 0 5 3 2 
906 5 0 1 2 
907 5 0 1 2 7 3 4 
908 3 5 1 0 4 2 
909 1 0 5 3 2 
910 1 3 5 0 4 2 
911 1 5 6 4 0 2 
912 0 5 6 4 1 3 2 
913 0 1 2 
914 7 6 2 4 
915 1 0 7 3 6 
916 0 5 6 3 1 7 2 4 
917 4 0 1 2 
918 1 0 2 
919 0 1 3 2 
920 6 1 0 2 
921 3 6 2 
922 5 3 0 2 1 6 4 
923 1 4 7 5 6 
924 1 4 0 2 
925 6 3 0 7 4 1 2 
926 6 2 7 3 5 
927 1 3 2 0 6 
928 1 3 0 6 7 2 
929 6 3 7 2 
930 6 5 4 
931 0 3 1 5 2 
932 3 6 0 4 
933 0 6 3 7 2 
934 1 3 5 0 4 2 
935 1 0 4 6 3 
936 5 0 1 3 2 
937 3 0 4 7 6 1 2 
938 0 7 5 1 6 2 
939 5 3 0 7 
940 5 3 2 0 4 
941 1 3 5 0 4 2 
942 1 0 2 
943 1 2 3 5 
944 0 3 5 1 4 2 
945 0 2 7 4 6 
946 6 0 7 4 1 5 2 
947 4 1 0 2 
948 1 3 2 5 4 
949 1 3 0 2 
950 5 3 2 7 4 
951 6 5 4 
952 6 0 
953 6 3 2 7 0 
954 1 3 0 6 7 2 
955 5 0 2 7 4 6 
956 0 3 7 2 6 
957 1 0 4 6 3 
958 6 0 
959 5 4 2 
960 3 2 7 4 
961 3 6 5 4 
962 5 6 4 
963 6 5 4 1 0 2 
964 3 4 0 6 2 
965 1 0 5 3 2 
966 5 4 0 2 
967 1 3 7 0 2 4 6 
968 0 3 5 1 2 
969 1 0 5 3 2 
970 5 6 3 0 4 
971 5 6 3 4 
972 6 0 1 2 
973 6 0 7 5 1 2 
974 1 3 0 5 2 
975 6 1 0 2 
976 0 1 2 
977 0 5 7 2 
978 5 0 7 1 6 2 
979 0 6 5 3 4 
980 0 3 2 7 6 
981 6 4 0 1 2 3 
982 1 3 0 5 2 
983 0 5 6 4 1 2 
984 6 0 1 2 
985 0 5 4 2 
986 5 6 4 
987 0 3 5 1 2 
988 1 2 7 6 3 
989 6 5 3 0 2 1 4 
990 6 1 3 2 0 
991 1 3 2 0 6 
992 1 7 0 4 3 
993 6 0 7 4 1 5 2 
994 6 3 0 1 7 2 
995 6 4 7 
996 5 6 3 2 
997 6 5 4 
998 1 0 7 3 6 
999 5 7 0 4 3 
1000 5 6 3 0 4 
1001 0 1 3 7 2 4 6 
1002 1 3 0 6 7 2 
1003 5 1 6 4 
1004 5 6 2 7 4 
1005 1 6 3 0 4 
1006 5 6 2 7 4 
1007 1 4 2 
1008 1 6 5 4 
1009 1 0 2 
1010 5 0 1 2 
1011 4 0 1 2 
1012 1 5 4 0 2 
1013 1 0 7 5 6 2 
1014 5 6 0 7 3 
1015 6 5 3 4 
1016 6 0 1 7 3 
1017 3 5 1 0 4 2 
1018 1 0 2 
1019 1 6 3 0 2 
1020 1 3 0 2 
1021 1 4 0 2 3 6 
1022 1 3 2 5 4 
1023 1 5 6 4 
