0 6 5 1 3 4 
1 7 4 3 0 6 2 1 
2 1 0 5 6 
3 4 1 3 5 
4 6 5 4 1 0 
5 0 6 1 7 3 5 
6 3 1 5 7 6 0 
7 0 1 6 7 4 
8 5 1 3 4 6 0 
9 6 4 7 2 1 0 
10 7 1 3 4 5 
11 1 3 0 2 5 4 
12 6 1 0 4 5 
13 7 1 2 3 6 5 0 
14 5 6 
15 7 3 2 1 0 
16 0 3 1 2 5 
17 2 5 6 7 0 1 
18 0 2 3 1 
19 0 4 5 
20 4 6 5 
21 6 3 2 1 0 
22 7 6 5 4 0 
23 4 0 1 
24 1 3 2 0 
25 4 6 5 
26 3 5 0 4 1 
27 2 5 0 4 1 
28 5 3 2 0 1 
29 4 2 3 1 
30 1 5 6 7 0 
31 5 6 7 
32 6 3 7 5 1 
33 7 3 2 1 0 
34 1 3 2 0 
35 4 0 3 2 1 
36 6 0 3 2 1 7 4 5 
37 0 4 3 6 2 7 1 
38 3 5 6 7 0 1 
39 0 2 3 1 
40 5 0 3 2 1 
41 6 7 5 4 0 
42 7 1 3 4 5 
43 1 5 6 4 0 
44 6 5 1 0 
45 7 2 3 1 
46 5 1 3 0 
47 7 6 3 5 1 
48 0 6 7 2 3 5 1 
49 2 6 5 
50 0 6 5 7 
51 0 6 7 5 1 
52 4 1 0 3 6 2 7 5 
53 6 0 3 1 2 5 
54 7 0 2 3 1 
55 4 3 0 2 1 5 
56 1 3 2 0 
57 4 0 2 3 1 
58 3 0 1 2 5 
59 2 1 5 3 4 6 0 
60 5 3 0 2 4 1 
61 4 7 6 5 
62 1 4 5 
63 5 3 0 2 1 
64 6 1 7 3 5 
65 7 3 5 6 2 4 0 
66 1 0 4 
67 4 5 1 0 
68 6 1 3 5 
69 0 1 6 7 4 
70 3 5 0 1 
71 0 3 2 5 1 
72 5 1 3 0 6 2 7 
73 6 5 3 1 0 
74 7 3 5 6 2 4 0 
75 1 4 5 
76 6 7 5 4 
77 7 1 3 6 5 
78 5 7 6 4 
79 7 3 2 1 0 
80 0 1 5 3 4 6 
81 2 3 0 5 4 1 
82 0 3 2 1 
83 0 5 6 1 
84 4 5 0 1 
85 6 0 2 3 1 
86 7 0 6 3 5 4 
87 4 5 
88 1 7 0 6 3 5 4 
89 4 5 0 1 
90 3 1 0 6 2 4 7 5 
91 2 0 3 6 1 7 4 5 
92 5 3 0 2 1 
93 4 3 1 0 
94 1 6 5 7 0 
95 5 7 6 4 
96 6 5 1 3 4 
97 7 0 3 6 2 1 4 5 
98 1 5 4 
99 4 3 2 0 5 1 
100 6 1 7 3 5 
101 0 3 2 1 
102 3 5 1 6 4 
103 0 6 7 3 1 4 5 
104 5 0 1 
105 6 4 3 0 2 7 1 
106 6 1 2 0 
107 1 5 6 3 0 
108 6 5 0 1 
109 7 5 0 4 1 
110 5 3 0 2 1 
111 7 6 3 1 4 5 
112 0 5 4 
113 2 1 3 5 
114 0 5 4 1 
115 0 2 3 1 
116 4 5 1 3 2 
117 6 0 7 2 3 5 1 
118 7 5 1 3 2 4 
119 4 1 6 7 0 
120 1 2 3 6 5 0 
121 4 1 2 0 
122 3 5 6 1 0 
123 2 0 3 1 5 
124 5 1 3 6 
125 4 0 2 3 1 
126 1 5 6 4 0 
127 5 0 3 1 2 
128 6 5 4 
129 7 1 5 6 0 
130 1 7 6 5 4 
131 5 7 6 4 
132 6 3 2 0 5 1 
133 0 1 7 6 5 
134 3 0 2 1 4 5 
135 0 3 5 6 2 7 4 
136 5 7 6 4 
137 6 5 7 0 1 
138 7 6 3 1 4 5 
139 1 6 7 5 0 
140 6 7 1 4 3 0 
141 7 3 0 2 5 4 1 
142 5 2 3 0 1 
143 7 1 3 6 5 
144 0 4 3 6 2 7 1 
145 2 7 6 4 
146 0 7 6 3 5 4 
147 0 3 1 
148 4 6 7 2 1 0 
149 6 0 5 1 
150 7 4 5 
151 4 0 5 6 1 
152 1 5 3 0 
153 4 1 5 7 6 0 
154 3 6 7 5 
155 2 3 0 1 
156 5 6 7 
157 4 3 5 6 2 7 0 
158 1 7 6 4 
159 5 1 3 0 
160 6 5 4 
161 7 4 6 5 
162 1 0 4 5 
163 4 7 6 
164 6 5 1 3 2 4 
165 0 6 7 5 1 
166 3 4 5 
167 0 2 3 1 
168 5 4 
169 6 1 0 7 5 
170 7 6 5 1 0 
171 1 5 7 6 0 
172 6 1 0 3 2 4 7 5 
173 7 0 2 1 3 4 5 
174 5 1 0 4 
175 7 3 1 0 
176 0 4 3 6 2 7 1 
177 2 1 0 
178 0 3 2 1 
179 0 1 7 6 5 
180 4 3 0 2 1 5 
181 7 5 0 4 1 
182 7 1 3 5 
183 4 1 0 5 
184 1 5 6 3 0 
185 4 1 0 3 6 2 7 5 
186 3 5 0 4 1 
187 2 3 0 5 1 
188 5 6 1 7 3 
189 4 5 1 3 2 
190 1 3 2 0 5 
191 5 6 4 1 0 
192 6 5 0 1 
193 7 5 0 1 
194 1 5 7 6 0 
195 4 6 7 5 
196 6 3 2 1 0 
197 0 1 6 7 4 
198 3 6 5 1 0 
199 0 2 3 1 
200 5 6 1 0 
201 6 5 0 1 
202 4 5 
203 1 2 3 
204 6 1 3 5 
205 7 3 0 2 5 1 
206 5 1 0 3 6 2 4 7 
207 7 6 1 3 5 
208 0 3 2 5 1 
209 2 1 5 3 4 6 0 
210 0 3 2 5 1 
211 0 1 2 3 6 5 
212 4 1 5 7 6 0 
213 6 3 0 2 5 4 1 
214 7 6 3 1 4 5 
215 4 1 5 3 0 
216 1 6 7 3 5 
217 4 6 7 3 1 5 
218 3 2 0 5 1 
219 2 4 3 0 6 7 1 
220 5 6 1 0 
221 4 0 3 1 5 
222 1 3 0 2 5 4 
223 5 1 0 7 6 
224 6 0 3 2 1 
225 7 0 6 2 3 5 1 
226 1 3 0 
227 4 6 7 1 3 0 
228 6 0 2 7 3 5 
229 1 2 3 
230 3 0 6 2 1 7 4 5 
231 0 7 6 3 5 4 
232 5 4 1 0 
233 6 1 7 3 5 
234 7 0 1 3 5 
235 1 6 7 3 5 
236 6 1 0 4 5 
237 7 6 5 4 0 
238 5 0 3 2 1 
239 6 7 1 4 3 0 
240 0 4 7 6 5 
241 2 4 7 6 5 
242 1 0 5 6 
243 0 4 1 
244 4 1 2 3 6 5 0 
245 6 7 5 4 
246 7 6 3 5 1 
247 5 6 7 0 
248 1 3 2 0 
249 4 1 2 0 
250 3 0 1 5 
251 2 6 3 7 5 1 
252 5 0 3 1 
253 4 3 0 2 5 1 
254 1 6 7 5 
255 5 4 
256 6 2 3 0 1 
257 4 7 6 
258 1 0 3 5 
259 4 2 3 1 
260 6 4 5 
261 0 4 3 6 2 7 1 
262 3 1 0 7 6 5 
263 0 5 4 1 
264 5 1 3 4 
265 6 5 1 3 2 4 
266 7 6 0 2 3 5 
267 1 6 7 5 
268 6 4 3 0 2 7 1 
269 7 3 0 2 1 5 
270 5 1 3 0 
271 7 3 2 1 0 
272 0 1 4 5 
273 2 5 1 3 6 4 
274 0 6 7 1 4 3 
275 0 1 5 3 
276 4 1 3 5 
277 6 3 0 2 5 1 
278 7 1 5 3 4 6 0 
279 4 3 1 0 
280 1 5 4 
281 4 6 7 2 1 0 
282 3 7 6 4 
283 2 6 0 7 3 5 
284 5 0 4 1 
285 4 6 3 7 5 1 
286 1 5 6 7 0 
287 5 7 6 4 
288 7 1 2 3 6 5 0 
289 7 5 4 
290 1 0 3 5 
291 4 6 7 1 3 0 
292 6 4 5 
293 0 6 5 7 
294 3 1 6 7 0 4 
295 1 0 3 6 2 4 7 5 
296 5 0 6 7 2 3 1 
297 6 5 7 0 1 
298 7 0 6 2 3 5 1 
299 1 6 7 3 5 
300 7 5 4 
301 7 6 5 1 0 
302 5 3 2 1 0 
303 7 5 1 3 2 4 
304 0 3 6 2 1 7 4 5 
305 2 6 5 7 0 
306 0 3 5 6 2 7 4 
307 0 5 6 4 1 
308 4 7 0 6 3 5 
309 6 3 5 2 7 4 0 
310 7 4 6 5 
311 4 0 2 1 3 5 
312 1 6 7 5 0 
313 4 0 2 3 1 
314 3 5 0 4 1 
315 2 3 5 6 7 4 0 
316 5 6 1 0 
317 5 6 
318 1 4 3 0 6 2 7 
319 5 0 2 1 3 4 
320 4 3 0 2 1 5 
321 7 3 2 1 0 
322 1 3 6 5 
323 4 5 6 7 0 1 
324 7 6 5 0 
325 0 6 7 5 1 
326 3 6 1 7 5 
327 0 3 2 1 
328 5 4 1 0 
329 7 3 0 2 1 5 
330 7 0 6 2 3 5 1 
331 1 5 6 7 0 
332 5 0 4 1 
333 7 6 1 3 5 
334 5 6 7 3 1 4 
335 4 1 5 3 6 0 
336 0 6 7 5 4 
337 3 2 1 0 
338 0 1 2 3 6 5 
339 0 7 6 3 5 4 
340 4 1 6 7 0 
341 6 7 4 
342 6 2 3 1 
343 4 5 6 3 1 0 
344 1 3 0 2 5 4 
345 5 4 
346 3 6 5 1 0 
347 2 5 1 3 6 4 
348 5 1 7 6 0 
349 4 7 6 
350 1 5 3 6 4 
351 5 1 3 
352 6 5 1 0 
353 7 5 6 3 1 0 
354 1 5 3 6 4 
355 4 0 3 1 5 
356 6 1 3 5 
357 0 1 2 3 6 5 
358 3 0 2 1 
359 0 3 2 1 
360 5 7 0 6 3 4 
361 5 1 3 2 4 
362 7 5 1 3 2 4 
363 1 3 4 5 
364 6 0 2 7 3 5 
365 5 6 
366 5 0 2 1 3 4 
367 7 1 3 6 5 
368 0 3 1 2 5 
369 2 0 3 1 5 
370 0 4 5 
371 1 3 2 0 5 
372 5 4 
373 4 1 0 3 6 2 7 5 
374 4 1 0 7 6 5 
375 4 6 7 2 1 0 
376 1 3 0 2 5 4 
377 4 5 1 
378 3 0 6 2 1 7 4 5 
379 2 3 1 0 
380 5 3 1 0 
381 4 6 7 1 3 0 
382 1 0 4 
383 5 1 3 0 6 2 7 
384 6 3 1 0 
385 7 3 0 2 5 1 
386 1 0 7 6 5 
387 4 0 6 7 2 3 5 1 
388 6 0 2 7 3 5 
389 0 5 6 7 1 
390 3 5 4 1 
391 0 5 1 3 2 4 
392 5 1 3 4 
393 6 5 7 0 
394 7 4 5 1 0 
395 1 5 3 4 6 0 
396 6 1 5 7 0 
397 7 4 6 5 
398 5 1 3 6 
399 7 4 6 2 1 0 
400 0 6 3 7 5 1 
401 2 0 3 6 1 7 4 5 
402 0 3 2 5 4 1 
403 0 4 5 
404 4 0 3 2 1 
405 6 5 3 1 0 
406 7 0 2 1 3 4 5 
407 4 6 0 2 7 3 5 
408 1 7 6 5 4 
409 4 0 3 2 1 
410 3 2 1 0 
411 2 7 6 5 4 
412 5 1 0 3 6 2 4 7 
413 4 3 2 0 5 1 
414 1 0 5 6 
415 5 1 0 4 
416 6 0 7 2 3 5 1 
417 7 0 3 1 2 5 
418 1 5 0 
419 4 1 0 7 6 5 
420 6 0 7 2 3 5 1 
421 0 6 7 3 1 4 5 
422 3 0 1 5 
423 0 4 3 6 2 7 1 
424 5 1 0 7 6 
425 6 3 0 2 5 1 
426 7 4 6 5 
427 1 7 6 5 4 
428 6 1 2 0 
429 7 3 0 2 5 4 1 
430 5 3 2 1 0 
431 7 6 5 0 
432 0 3 1 5 
433 2 5 6 7 0 1 
434 0 6 7 2 3 5 1 
435 0 4 1 
436 4 0 3 2 1 
437 6 7 1 4 3 0 
438 7 1 3 4 5 
439 4 5 0 1 
440 1 6 7 5 4 0 
441 4 6 3 7 5 1 
442 3 7 6 4 
443 2 1 5 3 4 6 0 
444 5 0 3 6 2 1 7 4 
445 4 1 2 3 6 5 0 
446 1 5 6 4 0 
447 5 0 3 1 2 
448 6 4 5 
449 7 0 2 3 1 
450 1 6 7 3 5 
451 4 0 6 7 2 3 5 1 
452 6 5 
453 0 1 3 5 
454 3 4 5 1 0 
455 0 7 6 3 5 4 
456 5 1 3 6 4 
457 6 4 5 
458 7 6 5 
459 1 6 7 3 5 
460 6 5 7 0 
461 6 7 5 4 
462 5 0 4 1 
463 7 0 3 2 1 
464 1 3 0 2 5 4 
465 2 0 3 1 5 
466 0 6 7 5 
467 0 6 2 7 3 5 
468 4 6 7 5 0 
469 6 0 1 3 5 
470 7 4 6 5 
471 4 3 1 0 
472 1 3 2 0 
473 4 5 1 3 6 
474 3 0 5 6 1 
475 2 4 5 
476 5 0 4 1 
477 4 1 5 3 6 0 
478 1 3 0 2 5 4 
479 5 4 3 0 6 2 7 1 
480 6 4 7 5 
481 7 3 0 2 5 1 
482 1 4 6 7 2 0 
483 4 0 5 6 1 
484 6 2 3 0 1 
485 0 4 6 7 2 1 
486 3 6 7 1 4 5 
487 0 3 5 6 2 7 4 
488 5 4 
489 6 1 5 7 0 
490 7 1 5 6 0 
491 1 3 2 0 
492 6 1 2 3 5 0 
493 7 3 2 1 0 
494 5 1 0 3 6 2 4 7 
495 7 1 6 0 4 
496 0 4 5 
497 2 1 3 6 5 0 
498 0 6 7 5 
499 0 5 6 4 1 
500 4 7 0 6 3 5 
501 6 1 5 3 4 0 
502 7 4 3 0 6 2 1 
503 4 5 6 7 0 1 
504 1 6 7 3 4 5 
505 4 6 1 7 3 5 
506 3 0 1 2 5 
507 2 6 0 7 3 5 
508 5 6 1 7 3 
509 4 0 3 2 1 
510 1 6 7 5 0 
511 5 4 1 0 
512 6 0 5 1 
513 7 6 1 4 3 0 
514 1 2 0 
515 4 5 1 3 6 
516 6 7 0 3 5 4 
517 0 1 2 
518 3 7 6 4 
519 0 4 5 1 
520 5 1 3 4 
521 6 4 5 
522 7 6 5 
523 1 3 0 6 2 7 5 
524 6 1 5 3 4 0 
525 7 0 3 1 5 
526 5 1 3 
527 7 4 6 2 1 0 
528 0 4 7 6 5 
529 2 1 3 5 
530 0 6 7 5 
531 0 3 2 1 
532 4 5 1 3 2 
533 6 5 1 3 2 4 
534 7 3 1 0 
535 4 6 7 5 1 0 
536 1 2 3 0 
537 4 1 3 0 6 2 7 5 
538 3 5 0 4 1 
539 2 0 3 1 5 
540 5 0 1 3 
541 4 0 3 6 2 1 7 5 
542 1 2 3 0 
543 5 1 7 6 0 
544 6 3 0 2 1 5 
545 7 0 3 6 2 1 4 5 
546 1 3 2 0 5 
547 4 5 1 
548 6 1 7 0 4 
549 0 6 3 7 5 1 
550 3 4 7 6 5 
551 0 4 1 
552 5 2 3 0 1 
553 6 7 5 4 
554 7 5 6 4 1 0 
555 1 4 5 
556 6 0 5 1 
557 7 6 1 4 3 0 
558 5 3 0 2 1 
559 7 6 0 2 3 5 
560 0 3 1 
561 2 6 5 
562 0 1 3 6 2 7 5 
563 0 1 3 6 2 7 5 
564 4 0 1 
565 6 2 3 0 1 
566 7 1 0 3 6 2 4 5 
567 4 5 
568 1 3 0 2 5 
569 4 5 1 0 
570 3 5 6 1 0 
571 2 1 0 7 6 5 
572 5 7 6 4 
573 4 1 6 7 0 
574 1 0 2 3 4 5 
575 5 6 4 1 0 
576 6 5 4 1 
577 7 4 5 1 0 
578 1 6 7 3 4 5 
579 4 5 
580 6 7 5 
581 0 5 1 
582 3 6 7 5 1 0 
583 0 5 6 1 
584 5 0 3 1 2 
585 6 7 5 4 
586 7 1 0 3 6 2 4 5 
587 1 3 5 
588 6 1 5 7 0 
589 7 5 4 
590 5 6 3 1 0 
591 7 1 3 6 5 
592 0 4 5 1 
593 2 4 6 7 1 0 
594 0 1 3 5 
595 0 5 6 3 1 
596 4 5 1 0 
597 6 5 1 3 2 4 
598 7 6 5 1 0 
599 4 6 7 5 1 0 
600 1 6 3 7 5 
601 4 6 7 5 0 
602 3 5 4 
603 2 0 1 3 5 
604 5 6 7 1 4 3 0 
605 4 6 7 2 1 0 
606 1 6 5 0 
607 5 1 0 4 
608 6 4 7 5 
609 7 5 6 0 1 
610 1 0 3 6 2 4 7 5 
611 4 6 7 1 3 0 
612 6 7 0 3 5 4 
613 0 5 6 4 1 
614 3 0 2 1 5 
615 0 1 3 6 2 7 5 
616 5 6 7 0 
617 6 1 3 5 
618 7 6 5 
619 1 6 7 3 5 
620 6 5 3 1 0 
621 7 0 3 2 1 
622 5 0 2 1 3 4 
623 7 3 5 6 2 4 0 
624 0 3 2 1 
625 2 6 5 7 0 
626 0 5 6 4 1 
627 0 1 3 4 5 
628 4 7 6 
629 6 0 3 1 5 
630 7 3 2 1 0 
631 4 1 3 5 
632 1 0 3 6 2 4 7 5 
633 4 7 0 6 3 5 
634 3 0 2 1 
635 2 1 6 7 0 4 
636 5 6 3 1 0 
637 4 5 0 1 
638 1 5 6 7 0 
639 5 4 1 
640 6 1 7 0 4 
641 7 3 5 6 2 4 0 
642 1 0 2 3 4 5 
643 4 6 7 5 0 
644 6 4 5 
645 0 4 5 1 
646 3 0 1 5 
647 0 2 3 1 
648 5 0 1 3 
649 6 1 2 0 
650 7 6 5 4 0 
651 1 3 0 
652 6 4 5 
653 7 0 3 1 5 
654 5 1 3 0 
655 7 1 2 0 
656 0 5 6 7 1 
657 2 6 0 7 3 5 
658 0 3 6 2 1 7 4 5 
659 0 3 5 6 2 7 4 
660 4 5 0 1 
661 6 5 4 1 
662 7 5 1 3 2 4 
663 4 3 2 1 0 
664 1 0 3 5 
665 4 3 5 6 2 7 0 
666 3 1 4 5 
667 2 1 5 3 4 6 0 
668 5 0 3 1 2 
669 4 1 3 0 6 2 7 5 
670 1 6 7 0 4 
671 5 1 3 4 
672 6 1 0 4 5 
673 7 5 1 3 2 4 
674 1 6 7 5 4 0 
675 4 1 5 3 0 
676 6 5 1 3 4 
677 0 6 5 1 
678 3 6 1 7 5 
679 0 2 1 3 4 5 
680 5 6 3 1 0 
681 6 5 7 0 
682 7 3 2 1 0 
683 1 6 7 3 5 
684 6 7 4 
685 7 1 5 3 0 
686 5 3 0 2 1 
687 7 4 3 0 6 2 1 
688 0 1 5 3 4 6 
689 2 5 4 1 
690 0 1 3 6 5 
691 0 3 1 5 
692 4 3 0 2 5 1 
693 6 2 3 0 1 
694 7 6 3 1 4 5 
695 4 5 1 
696 1 6 3 7 5 
697 4 5 6 1 0 
698 3 5 6 4 1 0 
699 2 6 5 
700 5 3 6 2 7 4 0 
701 4 5 0 1 
702 1 5 6 4 0 
703 5 2 3 1 
704 6 1 2 0 
705 7 6 5 
706 1 0 2 3 4 5 
707 4 1 5 7 6 0 
708 6 0 3 1 5 
709 0 3 2 1 5 
710 3 1 5 0 
711 0 4 3 6 2 7 1 
712 5 0 3 1 
713 6 0 2 1 3 4 5 
714 7 0 3 2 1 
715 1 3 2 0 
716 6 1 0 7 5 
717 7 3 0 2 5 1 
718 5 0 2 3 1 
719 7 6 3 5 1 
720 0 4 5 
721 2 4 6 7 1 0 
722 0 1 2 
723 0 1 7 6 5 
724 4 6 1 7 3 5 
725 6 1 0 3 2 4 7 5 
726 7 0 6 2 3 5 1 
727 4 5 
728 1 6 7 3 4 5 
729 4 7 6 5 
730 3 6 1 7 5 
731 2 0 3 1 5 
732 5 1 3 4 
733 4 3 0 2 5 1 
734 1 5 0 
735 5 6 7 4 0 
736 6 1 7 0 4 
737 7 6 5 1 0 
738 1 0 3 2 
739 4 1 2 0 
740 6 0 5 1 
741 0 1 5 3 
742 3 6 1 7 5 
743 0 6 5 1 
744 5 0 3 6 2 1 7 4 
745 6 0 3 2 1 
746 7 1 0 6 5 
747 1 0 3 2 
748 6 1 5 3 4 0 
749 7 0 3 2 1 
750 5 2 3 1 
751 7 5 6 0 1 
752 0 1 2 
753 2 3 1 0 
754 0 6 5 1 
755 0 7 6 3 5 4 
756 4 5 1 0 
757 6 3 2 0 5 1 
758 7 5 0 1 
759 4 5 1 
760 1 6 7 3 4 5 
761 4 6 5 
762 3 0 6 7 2 5 1 
763 2 1 3 6 5 0 
764 5 6 1 7 3 
765 4 0 3 2 1 
766 1 0 3 5 
767 5 0 3 2 1 
768 6 1 2 0 
769 7 1 5 3 4 6 0 
770 1 0 4 
771 4 1 6 7 0 
772 6 5 4 1 0 
773 0 2 3 1 
774 3 0 6 7 2 5 1 
775 0 6 3 7 5 1 
776 5 6 3 7 1 
777 6 5 0 1 
778 7 1 3 6 5 
779 1 6 7 5 0 
780 6 4 7 2 1 0 
781 7 6 0 2 3 5 
782 5 6 7 3 1 4 
783 7 6 1 4 3 0 
784 0 5 6 4 1 
785 2 1 3 5 
786 0 6 7 1 4 3 
787 0 1 2 3 6 5 
788 4 1 3 5 
789 6 1 0 4 5 
790 7 6 1 3 5 
791 4 6 7 5 1 0 
792 1 2 3 
793 4 5 1 3 6 
794 3 5 4 
795 2 5 4 1 
796 5 0 1 
797 5 1 0 4 
798 1 3 6 5 
799 5 1 3 0 6 2 7 
800 6 1 3 4 5 
801 7 0 3 2 1 
802 1 4 5 
803 5 0 3 1 2 
804 5 4 
805 0 3 1 
806 3 4 5 
807 0 1 6 7 4 
808 5 6 1 7 3 
809 6 0 3 1 5 
810 7 5 1 3 6 4 
811 1 0 4 5 
812 6 5 
813 7 6 5 0 
814 5 3 1 0 
815 7 6 0 2 3 5 
816 0 6 5 1 
817 2 4 6 7 1 0 
818 0 1 7 6 5 
819 0 6 5 
820 5 0 6 7 2 3 1 
821 6 5 1 3 2 4 
822 7 6 1 3 5 
823 5 4 
824 1 5 0 4 
825 5 6 3 7 1 
826 3 6 1 7 5 
827 2 3 1 
828 5 4 7 6 
829 5 0 4 1 
830 1 0 5 6 
831 5 6 7 0 
832 6 1 7 3 5 
833 7 0 2 3 1 
834 1 0 3 2 
835 5 3 6 2 7 4 0 
836 6 4 5 
837 0 4 6 7 2 1 
838 3 6 1 7 5 
839 0 3 1 
840 5 0 1 
841 6 0 5 1 
842 7 1 0 4 5 
843 1 0 3 2 
844 6 7 5 
845 5 6 7 3 1 4 
846 5 1 2 0 
847 4 1 2 3 6 5 0 
848 0 1 5 7 6 
849 2 3 1 
850 1 2 3 6 5 0 
851 1 4 5 0 
852 5 0 2 3 1 
853 4 1 3 6 5 
854 4 6 7 5 0 
855 5 0 3 6 2 1 7 4 
856 1 4 5 0 
857 5 6 3 7 1 
858 3 1 5 0 
859 2 3 1 0 
860 5 0 3 6 2 1 7 4 
861 5 6 0 2 7 3 
862 1 5 4 
863 3 0 2 1 
864 2 6 5 
865 2 0 4 1 
866 1 3 0 2 5 
867 1 3 0 6 2 7 5 
868 2 1 5 7 6 0 
869 1 3 0 2 5 
870 3 6 0 2 7 5 
871 1 4 5 0 
872 2 0 3 1 5 
873 3 0 2 1 
874 2 6 0 7 3 5 
875 1 5 4 
876 3 5 4 
877 2 1 3 6 5 
878 2 5 4 
879 3 6 5 1 0 
880 1 3 0 2 5 
881 2 3 0 1 
882 1 0 6 7 2 3 5 
883 1 2 0 
884 2 3 1 0 
885 2 0 3 1 
886 2 1 0 3 6 4 7 5 
887 2 6 7 5 4 0 
888 1 0 5 6 
889 2 3 0 1 5 
890 3 0 1 2 5 
891 2 3 1 
892 3 5 4 
893 3 2 1 0 
894 2 0 3 6 1 7 4 5 
895 2 6 7 5 4 0 
896 2 4 3 0 6 7 1 
897 2 3 0 5 4 1 
898 2 3 1 
899 1 5 6 7 0 
900 2 1 0 4 5 
901 2 1 3 6 5 
902 3 7 6 5 4 
903 3 6 1 7 5 
904 2 3 0 1 5 
905 3 1 5 
906 2 0 1 3 5 
907 2 1 3 5 
908 3 0 4 1 
909 2 0 1 3 4 5 
910 2 0 3 1 5 
911 3 6 7 5 4 0 
912 2 3 1 0 
913 2 4 7 6 5 
914 2 0 1 3 4 5 
915 3 5 1 6 4 
916 2 3 0 1 5 
917 2 0 3 1 5 
918 2 1 5 3 0 
919 2 7 0 6 3 5 4 
920 2 1 0 4 5 
921 2 3 1 0 
922 3 2 1 0 
923 2 6 1 7 3 5 
924 3 0 1 5 
925 3 6 7 1 4 5 
926 2 6 5 7 0 
927 2 1 3 5 
928 3 4 7 6 5 
929 3 1 4 5 
930 2 5 1 3 6 4 
931 1 6 5 
932 2 1 3 0 6 7 5 
933 2 6 1 7 3 5 
934 3 0 2 1 
935 3 1 0 6 2 7 5 
936 2 4 7 6 5 
937 3 1 0 4 5 
938 2 5 6 3 1 0 
939 2 1 3 0 6 7 5 
940 3 0 2 1 
941 2 1 3 0 6 7 5 
942 3 4 0 6 2 7 1 
943 3 5 4 
944 2 4 5 
945 2 7 6 4 
946 2 1 5 7 6 0 
947 3 0 6 2 1 7 4 5 
948 2 5 0 1 
949 2 0 4 1 
950 3 0 5 6 1 
951 3 5 6 2 7 4 0 
952 3 6 5 
953 2 6 7 5 
954 3 6 7 1 4 0 
955 2 4 6 7 1 0 
956 3 6 1 7 5 
957 3 0 2 1 
958 2 6 5 7 0 
959 2 3 0 5 1 
960 2 6 7 5 
961 2 0 3 1 
962 3 1 0 6 2 4 7 5 
963 1 2 3 
964 3 5 6 1 0 
965 2 6 5 1 0 
966 3 2 1 
967 3 1 5 0 
968 2 3 1 0 
969 3 6 7 5 1 
970 3 4 7 6 5 
971 2 1 6 7 0 4 
972 3 5 0 4 1 
973 3 0 2 5 1 
974 2 3 1 
975 3 1 0 6 2 7 5 
976 3 7 0 6 5 4 
977 2 3 5 6 7 4 0 
978 2 0 3 1 
979 3 1 4 5 
980 3 1 0 7 6 5 
981 2 3 0 5 1 
982 2 6 7 5 1 0 
983 2 4 5 
984 2 0 3 1 
985 2 4 5 
986 3 6 7 1 4 0 
987 3 5 1 2 4 
988 3 6 7 1 4 0 
989 3 2 0 5 1 
990 3 7 6 4 
991 2 6 7 5 1 0 
992 2 0 1 3 4 5 
993 3 6 7 5 4 0 
994 3 1 5 
995 1 4 6 7 2 0 
996 3 5 1 6 4 
997 2 1 3 6 5 0 
998 3 5 6 1 0 
999 3 0 2 1 4 5 
1000 2 3 0 5 4 1 
1001 3 6 7 5 1 0 
1002 3 5 0 4 1 
1003 2 1 0 7 6 5 
1004 3 6 0 2 7 5 
1005 3 5 0 4 1 
1006 3 5 0 4 1 
1007 3 0 1 5 
1008 3 2 0 5 1 
1009 3 1 5 4 6 0 
1010 2 3 0 1 
1011 3 1 5 0 
1012 3 0 2 5 4 1 
1013 2 0 3 1 
1014 3 2 0 1 
1015 3 1 5 0 
1016 3 1 2 6 5 0 
1017 2 1 3 0 6 7 5 
1018 3 0 2 1 5 
1019 3 7 6 5 4 
1020 3 0 2 1 5 
1021 3 1 6 5 
1022 3 7 0 6 5 4 
1023 3 1 5 
