0 0 1 2 3 
1 1 2 0 5 3 
2 7 3 1 5 0 4 2 
3 3 0 1 7 5 6 
4 6 3 4 2 
5 3 5 2 
6 2 5 4 3 
7 6 5 
8 7 5 2 4 3 
9 3 5 7 4 6 
10 1 7 5 6 4 
11 2 3 1 5 0 4 
12 4 6 3 2 
13 4 0 6 1 
14 6 3 4 2 
15 4 7 5 6 
16 4 0 3 1 
17 6 0 1 7 5 2 
18 4 0 1 2 3 
19 0 1 
20 7 0 1 5 3 6 
21 6 5 7 0 2 3 
22 0 1 7 5 3 6 
23 6 5 4 
24 2 4 6 0 
25 2 0 1 3 4 
26 0 3 7 4 2 6 
27 6 4 7 2 3 
28 2 5 6 
29 3 4 6 2 
30 6 5 4 3 
31 5 4 
32 2 5 7 0 6 3 
33 6 3 4 2 
34 4 1 7 0 6 2 
35 5 1 7 4 0 6 2 
36 7 3 6 
37 7 3 6 2 
38 7 3 2 4 
39 6 3 0 1 2 
40 6 0 1 7 4 2 3 
41 5 4 7 0 6 2 
42 2 1 0 
43 2 7 5 6 4 
44 3 2 7 0 6 
45 2 6 3 4 
46 7 5 4 6 
47 0 7 5 6 
48 1 7 4 6 
49 5 7 6 4 
50 0 1 3 
51 2 5 4 3 
52 2 7 3 6 
53 0 5 1 4 
54 7 6 3 4 2 
55 6 0 5 1 4 
56 3 1 7 0 5 4 6 
57 4 7 5 6 
58 5 7 4 6 
59 7 2 0 5 3 
60 2 0 1 3 
61 2 3 0 5 7 1 6 
62 6 5 7 4 
63 4 0 6 1 
64 1 5 6 4 
65 1 3 0 5 7 6 2 
66 7 2 0 5 3 
67 3 5 4 
68 6 5 7 4 
69 3 0 5 7 1 6 2 
70 2 0 1 3 
71 7 5 6 3 
72 7 3 6 2 
73 3 0 1 
74 1 0 7 5 3 6 
75 2 1 0 
76 4 5 
77 4 7 5 6 
78 6 5 3 4 2 
79 4 5 
80 4 0 1 2 3 
81 6 3 1 5 0 4 2 
82 4 2 7 0 6 3 
83 0 1 7 4 6 3 
84 7 1 0 2 
85 6 5 4 3 
86 0 4 7 1 6 
87 6 5 
88 2 3 4 
89 2 5 3 
90 0 5 4 
91 6 5 7 4 
92 2 0 1 7 5 6 
93 3 4 6 0 
94 7 0 1 2 3 
95 5 6 4 
96 2 0 5 1 4 
97 7 4 6 2 3 
98 4 3 2 
99 5 0 1 3 4 
100 7 0 1 5 3 4 
101 0 5 1 4 
102 7 0 1 3 4 
103 5 7 4 6 
104 5 0 1 2 3 
105 5 6 
106 3 6 
107 2 5 6 4 
108 3 0 1 7 4 6 2 
109 2 0 5 3 
110 7 5 6 3 
111 0 7 5 6 4 
112 1 0 2 3 
113 5 2 3 
114 0 3 1 5 4 2 
115 2 5 3 
116 2 5 3 
117 0 2 3 
118 7 5 6 3 
119 6 3 4 2 
120 3 7 4 2 6 
121 4 3 2 
122 5 3 6 
123 7 3 6 2 
124 2 7 5 4 6 
125 2 0 1 5 3 6 
126 6 0 1 2 3 
127 4 5 2 3 
128 0 5 2 3 
129 1 6 3 4 2 
130 7 4 6 
131 1 5 4 3 
132 6 3 
133 3 5 7 0 2 6 
134 2 3 6 
135 6 5 
136 7 3 0 1 2 
137 3 5 
138 1 5 6 4 
139 0 4 7 5 6 2 
140 4 3 2 
141 4 7 3 6 2 
142 6 7 4 
143 4 0 7 1 6 
144 4 3 1 5 0 2 
145 6 0 1 2 3 
146 6 0 1 2 3 
147 0 5 4 
148 7 5 6 
149 6 0 1 7 4 2 3 
150 0 1 7 2 6 
151 6 5 
152 2 5 4 
153 2 3 4 
154 1 5 3 
155 6 3 4 2 
156 2 5 4 3 
157 3 6 
158 5 1 0 
159 4 0 7 1 6 
160 2 1 7 0 5 4 6 3 
161 6 5 4 3 
162 4 1 0 2 
163 5 2 1 3 
164 5 0 1 2 3 
165 7 0 1 3 4 
166 7 0 1 2 3 
167 6 4 0 
168 6 1 7 4 0 3 
169 5 3 1 0 4 2 
170 2 5 4 
171 2 7 4 6 
172 3 1 0 
173 2 3 4 
174 7 3 2 4 
175 0 5 1 4 
176 1 5 2 3 
177 5 6 4 
178 0 2 3 
179 3 1 0 2 
180 2 5 4 
181 0 4 7 5 6 2 
182 7 0 1 5 2 6 
183 6 3 2 4 
184 3 0 4 7 1 6 
185 4 0 6 1 
186 5 6 3 4 2 
187 7 5 4 6 
188 2 5 7 4 6 
189 2 7 5 6 4 
190 6 0 1 5 3 4 
191 4 0 3 1 
192 0 1 7 4 6 2 
193 1 5 3 
194 7 6 4 3 2 
195 3 0 1 
196 4 5 7 6 
197 3 5 2 4 
198 0 7 5 6 
199 6 0 1 5 3 4 
200 7 0 4 1 6 
201 1 2 3 
202 1 5 7 6 3 
203 2 5 7 4 6 
204 4 2 3 0 
205 4 0 1 2 3 
206 6 5 2 4 3 
207 4 5 6 
208 4 0 3 1 
209 6 2 3 0 
210 4 1 7 0 5 6 3 
211 0 5 4 3 
212 5 2 0 3 
213 6 5 4 3 
214 3 5 6 4 
215 6 0 1 2 3 
216 2 3 1 5 0 4 
217 2 7 3 6 
218 0 6 3 4 2 
219 6 4 0 1 
220 2 3 4 
221 3 4 6 0 
222 6 4 3 2 
223 5 3 4 
224 2 1 7 4 0 6 3 
225 4 5 2 3 
226 1 3 4 2 
227 5 1 7 0 4 6 3 
228 7 1 4 0 6 2 
229 7 5 3 4 2 
230 7 1 0 2 6 
231 6 2 1 3 
232 6 1 0 
233 5 3 4 2 
234 0 3 7 4 2 6 
235 2 5 4 3 
236 3 5 4 
237 2 3 4 
238 7 5 4 6 
239 1 0 3 
240 1 0 3 4 
241 5 0 1 3 4 
242 0 7 4 6 
243 2 4 7 5 0 6 
244 2 3 0 
245 0 5 4 
246 7 0 1 2 3 
247 6 2 1 3 
248 3 7 4 6 
249 4 5 3 
250 5 7 6 
251 7 0 1 2 3 
252 2 5 7 4 6 
253 2 0 5 3 
254 6 7 3 2 
255 4 5 3 
256 0 3 4 
257 1 0 2 
258 7 0 1 2 3 
259 3 5 4 
260 6 7 5 4 
261 3 0 4 7 1 6 
262 2 4 3 6 
263 6 0 3 1 2 4 
264 7 4 3 6 2 
265 3 1 7 4 0 6 
266 1 5 6 
267 2 6 3 4 
268 4 5 7 6 
269 4 2 1 3 
270 6 4 0 1 
271 6 4 7 5 0 2 
272 4 7 6 2 3 
273 6 0 3 1 2 4 
274 4 0 6 1 
275 1 3 0 2 
276 7 1 4 0 6 2 
277 7 0 1 2 3 
278 0 5 4 
279 6 7 5 4 
280 1 4 7 6 2 3 
281 2 5 4 3 
282 0 5 3 4 2 
283 7 4 6 0 
284 2 5 4 
285 3 2 7 0 6 
286 6 1 0 7 2 
287 5 7 4 6 
288 2 0 1 7 4 6 3 
289 6 0 1 2 3 
290 1 5 6 
291 5 3 4 
292 7 0 1 4 6 2 3 
293 5 7 4 6 
294 5 3 4 2 
295 7 5 6 
296 6 7 5 
297 5 0 3 1 2 4 
298 2 1 3 
299 2 6 4 3 
300 3 0 1 2 4 
301 1 0 5 3 4 
302 7 5 4 6 
303 0 3 1 2 4 
304 1 2 3 0 
305 5 7 3 6 2 
306 0 5 3 
307 2 7 5 6 
308 1 0 3 
309 0 7 3 6 2 
310 7 0 5 1 4 
311 4 5 
312 3 7 4 6 
313 4 3 6 
314 5 2 7 0 6 3 
315 5 3 0 1 2 
316 2 3 4 
317 3 7 5 4 6 
318 6 0 4 7 1 
319 6 3 4 2 
320 0 5 4 
321 1 0 2 3 
322 7 3 0 1 2 
323 3 5 4 
324 6 5 2 3 
325 3 1 7 4 0 6 2 
326 5 0 1 3 4 
327 6 0 1 2 3 
328 7 4 3 6 2 
329 3 4 7 6 2 
330 1 0 7 4 6 2 3 
331 6 1 7 4 0 3 
332 7 6 4 3 2 
333 4 0 1 2 3 
334 6 3 
335 0 5 4 
336 4 5 
337 5 0 1 7 3 6 
338 5 3 0 7 1 6 2 
339 0 1 7 5 4 6 3 
340 7 0 1 5 3 6 
341 6 7 4 
342 3 5 2 4 
343 5 4 3 
344 2 0 1 3 
345 0 1 7 2 6 
346 0 5 3 
347 6 2 1 3 
348 3 4 7 6 2 
349 3 1 0 
350 6 5 4 
351 4 5 7 6 3 
352 3 1 7 4 0 6 
353 6 5 7 3 
354 4 3 2 
355 0 7 3 6 2 
356 5 1 7 0 4 6 3 
357 7 0 1 2 3 
358 7 5 4 
359 6 4 0 1 
360 6 4 3 2 
361 5 3 4 2 
362 2 0 4 6 1 
363 5 2 0 3 
364 1 0 3 4 
365 2 3 1 5 0 4 
366 5 1 0 2 
367 5 7 6 3 
368 1 5 4 3 
369 5 0 1 2 3 
370 1 0 2 3 
371 3 2 7 0 6 
372 2 6 4 3 
373 0 1 5 3 6 
374 4 6 3 2 
375 7 1 4 0 6 3 
376 0 3 4 2 
377 4 7 6 
378 5 4 0 6 1 
379 7 5 4 6 
380 2 6 3 4 
381 2 0 1 3 
382 1 0 5 3 4 
383 4 3 6 2 
384 0 5 6 4 
385 1 3 4 
386 4 3 
387 6 7 5 4 
388 4 0 1 7 6 2 3 
389 3 7 5 4 6 
390 3 0 4 7 1 6 
391 4 0 3 1 
392 7 5 4 
393 3 2 0 
394 5 7 4 6 
395 0 3 1 2 4 
396 4 1 7 0 6 3 
397 4 0 7 1 6 
398 5 0 1 7 3 6 
399 4 0 1 2 3 
400 7 5 6 4 
401 6 3 0 5 7 1 2 
402 4 7 5 6 
403 6 3 7 4 2 
404 1 5 4 
405 4 2 7 0 6 3 
406 6 5 3 
407 0 7 5 6 
408 5 4 6 0 
409 2 5 4 3 
410 6 0 1 7 5 2 
411 6 3 7 4 2 
412 5 0 1 3 
413 3 1 0 7 2 6 
414 6 0 5 1 4 
415 1 3 5 0 4 2 
416 5 4 3 6 2 
417 6 1 7 4 0 2 
418 7 0 1 4 6 2 3 
419 5 6 4 
420 1 0 4 6 
421 0 5 7 6 3 
422 0 7 5 4 6 
423 0 3 7 4 2 6 
424 1 3 4 2 
425 5 1 0 2 
426 1 0 7 5 2 6 
427 2 5 6 4 
428 3 7 4 6 
429 2 0 1 5 3 6 
430 7 5 4 6 
431 2 5 4 3 
432 1 7 4 6 
433 5 3 0 1 2 
434 7 2 3 0 
435 5 3 4 2 
436 2 5 3 4 
437 4 5 3 
438 7 0 4 1 6 
439 0 4 6 1 
440 3 7 5 4 6 
441 1 4 6 0 
442 1 0 7 5 2 6 
443 1 6 3 4 2 
444 3 0 1 2 4 
445 2 1 7 4 0 6 
446 6 0 3 1 
447 4 5 7 0 2 6 3 
448 0 1 7 4 6 3 
449 1 5 4 
450 7 0 1 3 
451 3 7 4 2 6 
452 6 1 7 0 5 4 3 
453 3 0 1 
454 2 7 0 6 3 
455 6 3 4 2 
456 7 5 3 
457 3 5 7 0 2 6 
458 1 7 5 4 6 
459 2 5 3 
460 4 6 3 2 
461 4 0 3 1 
462 6 5 7 4 
463 4 0 7 1 6 
464 4 0 7 1 6 
465 6 5 7 3 
466 4 5 
467 0 5 7 4 6 
468 7 5 2 4 3 
469 6 4 3 2 
470 0 5 7 2 6 3 
471 6 0 1 3 4 
472 2 5 3 
473 2 0 1 3 
474 0 5 6 4 
475 6 5 4 
476 2 5 3 
477 3 0 1 2 
478 6 0 4 1 
479 5 0 1 7 4 6 2 3 
480 2 7 4 6 
481 6 1 0 2 
482 4 2 7 0 6 3 
483 5 7 4 6 
484 7 3 6 2 
485 7 4 3 6 2 
486 7 0 1 2 3 
487 6 0 1 3 
488 6 1 7 4 0 2 
489 5 4 3 
490 2 0 1 3 
491 2 0 4 6 1 
492 3 0 1 
493 3 4 
494 7 0 1 5 3 6 
495 0 5 2 4 3 
496 1 0 4 6 
497 5 1 0 
498 0 3 5 7 1 6 2 
499 2 1 0 7 6 
500 2 0 1 3 
501 0 1 3 
502 7 5 4 6 
503 6 5 7 0 2 3 
504 3 1 0 7 2 6 
505 5 4 
506 5 3 0 7 1 6 2 
507 7 3 4 
508 2 7 0 6 3 
509 2 0 1 3 
510 6 5 7 4 
511 4 5 7 6 
512 0 5 6 4 
513 1 3 4 2 
514 7 0 1 3 4 
515 3 5 2 4 
516 6 3 0 5 7 1 2 
517 3 1 0 2 
518 2 0 5 3 
519 6 7 5 4 
520 7 0 1 5 3 6 
521 3 1 0 7 2 6 
522 1 7 0 5 4 6 3 
523 3 4 
524 4 0 1 7 5 2 6 
525 4 5 3 2 
526 6 0 1 5 3 4 
527 4 0 1 3 
528 4 1 7 0 6 2 
529 6 3 4 2 
530 4 7 6 
531 0 1 7 5 2 6 
532 7 0 4 1 6 
533 6 5 4 
534 0 1 7 5 3 6 
535 6 1 0 2 
536 2 7 4 6 
537 2 5 6 
538 0 4 7 5 6 2 
539 6 3 4 2 
540 2 5 4 3 
541 3 0 5 7 1 6 2 
542 6 7 3 2 
543 5 0 3 1 
544 2 1 7 4 0 6 3 
545 6 0 1 7 4 2 3 
546 4 0 6 1 
547 5 0 3 1 
548 7 0 1 5 3 6 
549 7 0 1 3 4 
550 7 5 4 6 
551 6 0 4 1 
552 6 1 0 2 
553 5 2 4 3 
554 2 5 4 3 
555 2 5 4 
556 3 0 1 5 4 
557 2 1 7 4 0 6 
558 7 6 4 3 2 
559 0 4 6 1 
560 1 5 4 3 
561 5 0 1 7 4 6 2 3 
562 0 5 6 4 
563 2 5 3 
564 2 0 3 1 4 
565 0 1 5 3 6 
566 7 5 3 4 2 
567 6 3 
568 3 1 0 
569 4 1 0 2 
570 5 3 0 7 1 6 2 
571 7 2 0 6 3 
572 2 0 1 3 
573 2 0 4 6 1 
574 6 5 3 
575 4 3 6 
576 0 4 6 
577 1 2 3 
578 7 5 3 4 2 
579 3 1 0 
580 6 3 0 1 2 
581 3 1 7 0 5 4 6 
582 2 5 7 0 6 3 
583 6 5 4 
584 7 3 6 
585 3 5 7 0 2 6 
586 1 7 5 4 6 
587 2 4 6 0 
588 4 5 6 
589 4 5 3 2 
590 6 5 
591 4 0 3 1 2 
592 4 2 1 3 
593 7 4 6 
594 4 0 1 7 5 2 6 
595 0 4 6 1 
596 7 0 1 2 3 
597 6 4 3 2 
598 0 4 7 5 6 2 
599 6 3 1 5 0 4 2 
600 2 3 4 
601 2 3 6 
602 0 1 2 3 
603 6 3 2 4 
604 2 5 4 3 
605 3 1 5 0 4 2 
606 6 2 1 3 
607 5 7 4 6 
608 2 3 0 1 
609 6 5 3 
610 4 3 0 1 2 
611 5 0 1 7 2 6 
612 7 1 0 2 6 
613 7 6 4 3 2 
614 7 4 5 0 6 2 
615 6 1 7 0 5 4 3 
616 6 4 7 2 3 
617 5 3 0 7 1 6 2 
618 2 0 5 3 
619 2 7 3 6 
620 3 7 5 6 4 
621 2 3 7 4 6 
622 6 5 4 
623 0 1 3 
624 1 2 3 
625 5 0 1 4 
626 0 1 2 3 
627 2 1 7 0 5 4 6 3 
628 2 3 4 
629 0 3 7 4 2 6 
630 7 5 4 6 
631 6 4 7 2 3 
632 3 5 
633 4 3 7 2 6 
634 5 4 3 
635 7 5 6 
636 2 5 7 0 6 3 
637 2 0 1 3 
638 6 5 7 0 2 3 
639 4 0 1 2 3 
640 0 5 4 
641 1 3 4 2 
642 7 5 6 3 
643 3 5 4 
644 6 3 
645 3 7 4 2 6 
646 2 7 0 6 3 
647 6 0 1 7 4 2 3 
648 7 6 3 4 2 
649 3 5 4 
650 1 3 2 4 
651 2 5 4 3 
652 4 5 
653 4 0 1 2 3 
654 7 4 6 0 
655 4 3 
656 4 6 3 2 
657 6 0 5 1 4 
658 4 5 3 
659 0 5 2 3 
660 7 2 3 0 
661 6 4 0 1 
662 0 1 2 3 
663 6 3 4 
664 2 1 0 
665 3 5 6 4 
666 0 3 6 
667 6 5 7 4 
668 2 7 5 6 
669 3 5 6 4 
670 6 4 7 2 3 
671 5 7 4 6 
672 2 5 7 4 6 
673 6 7 5 4 
674 4 5 3 2 
675 5 0 3 1 
676 7 0 1 5 3 6 
677 7 0 1 2 3 
678 5 3 4 2 
679 7 2 0 5 3 
680 6 0 1 3 4 
681 5 0 1 2 3 
682 2 0 3 1 4 
683 2 0 1 3 
684 3 0 5 1 4 
685 3 1 0 
686 7 5 6 3 
687 0 3 1 5 4 2 
688 1 0 7 5 3 6 
689 5 3 0 7 1 6 2 
690 0 1 7 2 6 
691 2 0 1 5 3 6 
692 2 3 4 
693 0 1 7 5 4 6 3 
694 7 5 4 
695 7 4 6 2 3 
696 3 2 0 
697 4 3 2 
698 5 2 0 3 
699 7 5 0 2 6 3 
700 2 5 7 0 6 3 
701 2 0 5 3 
702 7 5 6 4 
703 4 1 0 7 2 6 
704 0 2 7 6 3 
705 1 3 0 2 
706 7 0 4 6 1 
707 3 5 4 
708 6 0 1 5 3 
709 3 0 1 5 4 
710 2 5 4 3 
711 7 4 6 
712 7 6 4 3 2 
713 3 2 4 
714 1 0 2 3 
715 2 4 3 6 
716 4 0 1 5 3 
717 4 0 1 7 5 3 6 
718 7 3 4 2 6 
719 4 0 3 1 2 
720 4 6 0 
721 7 0 3 1 2 4 
722 4 5 7 6 
723 0 7 4 6 
724 7 4 6 2 3 
725 7 4 6 
726 0 3 5 7 1 6 2 
727 6 3 1 5 0 4 2 
728 2 4 7 5 0 6 
729 2 5 6 4 
730 0 5 7 6 3 
731 7 1 4 0 6 2 
732 2 5 6 
733 3 2 1 
734 7 3 6 
735 5 3 4 2 
736 2 5 6 4 
737 7 3 0 5 1 6 2 
738 4 5 
739 5 4 7 0 6 2 
740 7 0 4 1 6 
741 7 5 3 
742 7 5 6 4 
743 7 3 2 4 
744 6 5 
745 5 0 3 1 2 4 
746 2 3 4 
747 2 3 0 5 7 1 6 
748 3 5 6 4 
749 2 5 3 
750 7 5 4 6 
751 0 4 7 5 6 2 
752 1 0 2 3 
753 5 7 6 
754 0 7 5 6 
755 2 4 3 6 
756 3 5 
757 0 4 7 5 6 2 
758 7 4 5 0 6 2 
759 7 2 1 3 
760 3 2 4 
761 5 0 4 6 1 
762 5 0 3 1 
763 7 5 4 
764 3 0 1 7 5 2 6 
765 3 5 6 4 
766 7 5 4 3 
767 4 0 1 5 3 
768 0 5 7 4 6 
769 1 0 7 2 6 
770 7 1 0 2 
771 3 5 4 
772 6 1 7 4 0 3 
773 3 2 7 0 6 
774 3 7 4 6 
775 7 0 1 5 3 6 
776 7 0 1 4 6 2 3 
777 3 0 1 4 
778 1 3 0 5 7 6 2 
779 3 0 1 
780 4 1 7 0 6 2 
781 4 3 2 
782 7 5 6 
783 5 0 1 3 4 
784 4 1 0 
785 7 0 4 1 6 
786 4 5 
787 0 7 5 6 4 
788 7 4 0 6 1 
789 7 0 5 1 4 
790 0 3 1 2 
791 6 2 0 5 3 
792 2 7 4 6 
793 3 1 7 4 0 6 
794 0 5 4 
795 7 3 4 2 
796 3 4 2 
797 3 0 1 5 6 
798 1 5 4 3 
799 5 0 1 2 3 
800 3 4 7 6 2 
801 7 5 4 6 
802 4 6 3 2 
803 5 0 1 2 3 
804 7 0 1 2 3 
805 7 6 4 3 2 
806 5 4 
807 5 2 3 0 
808 5 7 6 
809 5 4 
810 3 4 6 2 
811 3 4 
812 3 2 0 5 
813 3 0 1 2 
814 5 7 4 6 
815 0 4 7 6 2 3 
816 1 0 7 5 3 6 
817 5 3 2 4 
818 0 1 3 4 
819 3 5 4 
820 3 4 7 5 0 6 2 
821 0 1 7 4 6 2 3 
822 4 5 2 3 
823 4 5 
824 3 4 6 0 
825 4 0 1 2 3 
826 5 0 1 4 
827 4 1 0 2 
828 3 1 7 4 0 6 
829 3 5 4 
830 5 0 4 6 1 
831 4 1 0 
832 0 4 6 
833 1 0 4 6 
834 4 0 1 5 3 
835 3 5 4 
836 4 0 1 3 
837 3 0 1 
838 3 2 0 
839 4 5 6 
840 4 5 3 2 
841 3 2 4 
842 1 3 4 2 
843 3 7 4 6 
844 4 0 1 7 5 3 6 
845 4 1 7 0 5 6 3 
846 5 0 1 7 2 6 
847 4 0 1 2 3 
848 4 5 7 6 3 
849 5 3 7 4 2 6 
850 4 5 
851 0 2 7 6 3 
852 5 4 6 0 
853 4 7 3 6 2 
854 0 1 2 3 
855 5 0 1 7 3 6 
856 2 0 1 7 5 6 
857 3 2 7 0 6 
858 0 1 7 5 4 6 3 
859 5 4 7 6 2 3 
860 3 7 6 2 
861 3 0 4 7 1 6 
862 5 0 1 7 3 6 
863 5 3 7 4 2 6 
864 3 5 4 
865 4 0 5 1 
866 4 3 6 
867 5 0 1 7 2 6 
868 5 4 
869 5 4 
870 5 7 6 3 
871 5 6 4 
872 5 6 4 
873 5 0 1 2 3 
874 3 4 2 
875 3 7 4 6 
876 3 1 5 0 4 2 
877 3 5 7 6 
878 5 7 4 6 
879 0 1 2 3 
880 1 0 3 
881 5 7 4 6 
882 0 1 7 4 6 3 
883 3 0 4 6 1 
884 3 4 6 2 
885 1 7 5 6 
886 4 1 7 0 6 2 
887 5 3 4 2 
888 3 5 2 
889 5 3 4 2 
890 5 7 6 
891 5 3 0 1 2 
892 3 1 0 
893 3 0 1 2 
894 5 4 
895 4 3 0 1 2 
896 0 3 4 
897 1 5 3 
898 5 1 0 
899 3 5 6 4 
900 4 7 6 
901 3 0 5 1 4 
902 3 0 1 2 
903 5 0 3 1 
904 4 6 3 2 
905 3 0 4 6 1 
906 1 0 5 3 6 
907 3 2 0 
908 4 3 2 
909 5 3 1 0 4 2 
910 5 1 0 7 2 6 
911 0 3 7 4 2 6 
912 4 5 3 2 
913 5 1 7 0 4 6 3 
914 5 1 0 2 
915 1 7 4 0 6 2 
916 1 3 4 2 
917 4 3 0 1 2 
918 0 1 2 3 
919 0 2 7 6 3 
920 1 0 3 4 
921 0 4 7 6 2 3 
922 0 5 7 2 6 3 
923 0 2 5 3 
924 1 0 7 5 2 6 
925 3 0 1 4 
926 1 0 2 3 
927 1 2 3 
928 0 3 4 2 
929 1 0 3 
930 1 3 4 2 
931 0 5 7 2 6 3 
932 1 7 3 6 2 
933 1 5 7 6 3 
934 0 5 4 3 
935 0 1 5 3 6 
936 1 3 0 2 
937 0 2 5 3 
938 3 7 5 6 4 
939 3 7 4 6 
940 1 0 5 3 6 
941 0 4 3 6 2 
942 0 7 5 4 6 
943 0 7 5 6 
944 1 7 5 6 4 
945 0 2 3 
946 0 5 4 
947 1 5 6 4 
948 1 5 4 
949 0 3 2 4 
950 1 0 3 2 4 
951 0 1 5 3 6 
952 0 5 7 2 6 3 
953 1 0 7 4 6 2 3 
954 1 5 4 
955 1 0 3 2 4 
956 0 7 4 6 
957 1 3 2 4 
958 5 3 4 2 
959 1 2 3 0 
960 0 1 3 
961 1 0 2 3 
962 5 0 1 3 6 
963 1 2 3 
964 4 1 0 7 2 6 
965 1 5 6 4 
966 0 1 5 3 4 
967 5 4 0 6 1 
968 4 6 3 2 
969 1 0 2 3 
970 1 4 0 6 
971 0 4 3 6 2 
972 4 0 1 3 
973 5 4 7 0 6 2 
974 5 6 3 4 2 
975 5 2 3 
976 4 5 2 3 
977 5 4 0 6 1 
978 5 4 3 
979 0 5 4 
980 5 0 1 4 
981 4 3 0 1 2 
982 0 1 7 4 6 2 3 
983 5 3 4 2 
984 1 7 4 0 6 3 
985 1 4 7 6 2 3 
986 0 3 4 2 
987 0 5 4 
988 1 4 0 6 
989 1 0 2 3 
990 1 0 3 
991 1 3 5 0 4 2 
992 1 7 4 6 
993 1 7 5 6 4 
994 1 0 3 2 4 
995 0 1 7 2 6 
996 1 0 2 
997 1 0 2 3 
998 1 6 4 3 2 
999 0 5 7 4 6 
1000 1 0 7 2 6 
1001 1 0 3 
1002 1 5 7 4 6 
1003 0 2 3 
1004 1 4 7 5 0 6 2 
1005 1 2 3 
1006 1 0 5 4 
1007 1 0 4 6 
1008 1 6 4 3 2 
1009 1 0 
1010 1 3 7 4 2 6 
1011 1 5 3 
1012 1 7 4 0 6 2 
1013 1 5 4 
1014 1 7 4 6 
1015 1 7 4 0 6 3 
1016 1 5 6 
1017 1 0 5 3 4 
1018 1 0 7 5 3 6 
1019 1 7 4 6 
1020 1 4 6 0 
1021 1 7 0 5 4 6 3 
1022 1 4 6 0 
1023 1 0 7 5 2 6 
