0 1 7 5 6 3 
1 0 7 2 5 1 3 
2 7 2 4 3 6 5 
3 2 5 1 0 6 
4 7 1 0 
5 6 2 1 3 0 
6 5 3 
7 5 3 6 4 
8 0 4 5 
9 4 6 5 
10 2 4 7 3 6 
11 5 0 6 1 
12 0 5 7 1 6 
13 5 7 1 0 6 
14 1 6 5 0 3 
15 4 1 5 0 
16 2 5 4 3 
17 3 5 1 2 0 6 
18 2 4 5 
19 7 4 3 6 
20 0 7 4 3 6 
21 0 6 7 4 5 
22 5 2 6 4 0 3 
23 3 6 1 7 
24 1 4 7 0 6 5 
25 2 3 0 
26 4 1 0 
27 4 5 2 6 0 3 
28 6 1 0 
29 0 5 1 2 6 
30 4 7 0 6 5 
31 5 2 3 
32 0 7 2 5 3 
33 5 0 4 1 6 
34 6 4 5 
35 2 5 7 1 0 6 
36 0 1 2 4 5 3 
37 4 2 1 0 
38 5 0 4 1 6 
39 0 4 1 5 
40 3 5 7 0 
41 5 6 2 7 3 
42 6 5 1 7 0 
43 3 6 4 5 
44 1 2 0 
45 6 7 5 1 3 
46 7 2 1 5 0 3 
47 0 6 3 7 2 5 
48 5 7 2 0 1 3 
49 2 6 7 1 0 5 
50 4 6 1 7 3 
51 3 7 5 6 1 
52 2 4 0 6 5 
53 2 1 0 
54 1 5 3 
55 2 6 3 7 5 0 
56 4 1 0 
57 6 4 7 0 5 
58 3 1 5 0 
59 6 4 5 
60 4 2 3 
61 3 7 4 6 
62 7 2 4 3 0 6 
63 5 4 7 2 3 6 
64 1 5 2 6 4 0 3 
65 0 2 3 
66 7 0 6 5 1 
67 2 0 5 6 
68 7 0 6 5 
69 6 2 3 
70 5 4 1 0 
71 5 6 3 7 2 0 
72 0 5 3 
73 4 5 3 
74 2 6 7 4 5 
75 5 3 0 
76 3 6 5 
77 5 2 7 1 0 3 
78 1 5 2 6 4 0 3 
79 4 6 5 0 3 1 
80 2 1 0 
81 3 4 1 5 0 
82 2 5 4 6 3 
83 7 2 1 5 0 3 
84 0 3 4 5 
85 0 6 7 3 5 
86 5 7 4 3 6 
87 3 6 2 7 5 
88 1 7 4 5 6 
89 2 6 7 3 
90 4 1 5 0 
91 5 0 6 
92 6 4 
93 3 2 1 0 
94 4 2 7 1 5 0 3 
95 5 2 3 
96 0 4 5 
97 5 2 7 1 0 3 
98 7 2 3 0 
99 2 1 3 0 
100 0 5 1 2 6 
101 4 2 1 0 
102 4 6 5 
103 0 2 1 
104 3 2 0 
105 5 1 0 
106 6 2 3 
107 3 2 7 4 6 
108 1 2 3 0 
109 6 7 0 5 
110 7 5 1 2 0 6 
111 0 5 7 3 
112 5 0 6 1 
113 2 1 0 
114 4 1 2 5 3 
115 3 2 0 
116 2 4 7 3 0 6 
117 2 5 3 
118 3 1 5 0 4 
119 2 6 7 3 
120 4 5 6 7 2 
121 6 2 3 
122 3 2 
123 5 1 0 4 
124 4 6 5 
125 3 2 0 1 
126 7 2 3 0 
127 5 1 0 
128 1 2 3 
129 0 4 7 2 3 6 
130 7 6 2 5 3 
131 2 3 0 
132 7 3 4 5 0 
133 6 2 3 
134 5 0 6 1 
135 5 2 1 0 
136 0 7 6 5 
137 4 2 7 6 3 
138 2 6 7 1 0 5 
139 5 6 7 2 4 
140 3 2 7 1 5 0 
141 5 3 
142 1 2 3 0 
143 4 5 
144 2 3 
145 3 2 0 1 
146 2 0 4 1 6 5 
147 6 5 
148 3 2 6 
149 0 2 3 
150 4 2 3 6 
151 3 2 
152 3 2 0 1 
153 2 1 4 5 3 
154 4 5 3 
155 5 6 7 2 4 
156 6 0 5 1 
157 3 6 5 
158 4 1 5 0 
159 5 6 7 3 
160 0 6 7 3 5 
161 5 4 2 3 
162 7 4 5 
163 2 3 6 
164 0 6 7 4 5 
165 4 3 0 
166 5 2 3 
167 0 6 7 1 5 
168 3 7 4 5 6 
169 5 2 4 3 6 
170 6 3 4 5 0 
171 3 1 5 0 4 
172 1 0 2 3 
173 6 4 0 5 
174 7 4 5 6 
175 0 5 1 7 6 
176 5 7 4 3 6 
177 2 3 0 
178 4 5 3 
179 3 0 5 6 
180 2 5 6 7 4 
181 2 5 7 0 3 
182 3 0 5 6 
183 2 3 
184 4 7 3 6 
185 6 2 7 1 5 0 3 
186 3 6 1 7 
187 5 3 6 4 
188 4 2 3 5 
189 3 2 6 
190 7 5 3 
191 5 6 7 3 
192 1 0 4 6 5 
193 1 6 7 4 5 
194 7 0 6 5 1 
195 2 6 7 4 5 
196 7 2 3 6 
197 6 1 5 0 4 
198 4 7 5 6 1 3 
199 5 3 0 
200 0 2 3 
201 4 2 1 3 0 
202 2 6 7 3 
203 5 2 1 3 0 
204 3 4 1 5 0 
205 5 2 3 
206 0 5 6 
207 4 2 7 3 0 6 
208 2 6 7 5 3 
209 3 6 7 2 
210 2 0 5 6 
211 7 5 6 1 3 
212 3 5 1 7 6 0 
213 0 3 
214 5 2 0 1 3 
215 3 4 5 
216 3 5 1 2 0 6 
217 2 5 1 0 6 
218 4 2 1 3 0 
219 5 7 1 0 6 
220 6 4 
221 3 4 5 0 
222 4 1 5 0 
223 5 4 
224 0 7 2 5 3 
225 5 6 7 3 
226 7 2 0 1 3 
227 2 0 1 3 
228 0 6 7 4 5 
229 6 7 4 5 
230 7 6 1 0 5 
231 0 2 3 
232 3 2 7 4 6 
233 5 4 3 2 
234 6 0 5 
235 3 0 6 5 1 
236 1 5 0 
237 6 3 0 
238 7 6 4 5 
239 0 2 4 3 6 5 
240 5 2 3 1 0 
241 2 0 1 3 
242 7 1 0 
243 3 1 0 
244 2 3 1 0 
245 2 3 0 
246 3 2 6 
247 2 4 0 6 5 
248 4 2 7 1 5 0 3 
249 6 2 3 
250 2 6 7 4 5 
251 5 4 0 6 
252 6 1 7 5 4 
253 3 4 7 0 6 5 
254 6 3 0 
255 5 4 6 3 
256 1 0 
257 0 5 3 
258 7 5 1 0 6 
259 2 6 5 
260 7 2 3 1 0 
261 6 2 4 7 3 0 
262 5 7 1 0 6 
263 4 2 3 
264 0 5 6 7 2 4 
265 4 2 7 3 0 6 
266 2 3 6 4 5 
267 5 3 4 0 
268 3 7 4 5 6 
269 4 5 
270 1 5 0 4 
271 7 6 1 0 5 
272 2 0 6 5 1 
273 3 7 4 5 6 
274 2 3 6 4 5 
275 7 1 5 0 4 
276 2 5 3 
277 0 6 7 4 5 
278 7 4 0 6 5 
279 3 6 7 1 0 5 
280 2 7 5 6 1 3 
281 2 7 4 5 6 
282 6 5 7 1 0 
283 7 2 3 
284 6 4 7 3 
285 3 5 7 0 
286 4 6 1 7 5 
287 5 3 
288 0 2 4 3 6 5 
289 5 7 2 3 0 
290 7 4 2 3 5 
291 2 6 5 0 3 1 
292 1 6 7 5 4 
293 6 2 3 1 0 
294 7 0 6 5 1 
295 0 6 3 7 2 5 
296 3 6 5 
297 5 7 4 3 6 
298 6 5 2 4 0 3 
299 3 2 0 
300 1 2 3 0 
301 6 5 7 2 4 
302 7 0 6 5 
303 0 7 5 6 1 3 
304 5 4 7 3 6 
305 2 5 1 7 6 0 
306 7 2 1 0 
307 1 4 7 2 3 6 
308 2 4 7 3 6 
309 2 4 6 
310 3 7 2 5 0 
311 2 3 0 
312 4 5 
313 6 1 2 4 5 3 
314 3 1 5 0 
315 5 6 7 1 0 
316 6 3 4 5 0 
317 2 0 4 1 6 5 
318 7 4 1 5 0 
319 5 2 4 7 3 0 6 
320 1 7 2 5 3 0 
321 0 6 2 7 5 3 
322 7 2 1 0 
323 2 3 
324 7 2 3 0 
325 7 5 1 6 0 
326 7 0 6 5 1 
327 5 1 7 6 0 
328 0 6 7 1 5 
329 4 5 6 7 2 
330 2 5 7 1 0 6 
331 5 4 2 3 
332 3 6 5 
333 5 6 7 4 
334 1 2 0 
335 7 4 5 
336 2 7 0 5 1 3 
337 2 6 7 3 
338 2 5 6 4 0 3 
339 7 4 1 5 0 
340 3 0 4 1 6 5 
341 0 6 5 3 1 
342 5 1 0 
343 2 7 4 6 3 
344 3 2 1 0 
345 3 4 7 6 
346 6 5 3 
347 7 0 2 1 3 
348 6 4 7 2 3 
349 3 4 0 6 5 
350 4 6 
351 5 7 0 6 
352 1 0 4 6 5 
353 5 3 4 0 
354 1 0 
355 2 4 5 
356 0 5 3 
357 6 4 7 3 
358 7 2 4 3 0 6 
359 1 3 6 4 5 
360 3 6 1 7 5 4 
361 5 4 1 0 
362 6 7 3 5 
363 3 7 5 6 1 
364 1 2 3 
365 6 2 3 
366 6 7 3 5 
367 0 3 
368 5 6 7 4 
369 1 2 4 5 3 
370 7 6 2 3 
371 3 6 7 2 5 0 
372 2 4 7 3 0 6 
373 2 5 7 1 0 6 
374 3 7 0 6 5 
375 0 4 7 3 6 
376 4 1 5 0 
377 6 2 3 0 
378 3 7 4 6 
379 5 4 7 3 6 
380 6 0 2 1 3 
381 3 6 5 0 1 
382 7 6 3 2 5 0 
383 5 2 1 0 
384 1 4 7 3 6 
385 0 4 5 
386 7 2 1 3 0 
387 2 6 7 1 0 5 
388 7 2 3 1 0 
389 6 5 4 3 
390 7 4 2 3 6 
391 5 6 2 7 3 
392 0 2 3 1 
393 4 7 0 6 5 
394 2 6 7 3 
395 5 4 2 3 
396 2 4 7 3 6 
397 5 1 0 
398 1 2 4 7 3 0 6 
399 7 1 2 4 5 3 
400 2 5 3 
401 3 2 
402 2 3 6 4 5 
403 7 3 4 5 0 
404 3 2 0 1 
405 0 7 4 5 6 
406 7 2 0 5 1 3 
407 3 7 4 5 6 
408 3 2 1 0 
409 1 0 5 6 
410 4 2 0 1 3 
411 7 6 1 3 
412 6 0 5 
413 2 4 7 3 0 6 
414 4 1 2 5 3 
415 5 2 1 3 0 
416 0 2 7 4 6 3 
417 5 7 4 3 6 
418 7 5 3 
419 2 7 5 3 0 
420 0 7 5 6 1 3 
421 6 2 3 1 0 
422 6 2 1 0 
423 1 2 3 
424 3 4 7 6 
425 5 2 0 1 3 
426 6 1 7 3 
427 2 6 7 5 3 
428 1 6 7 2 3 
429 6 2 3 
430 7 5 6 1 3 
431 0 5 1 2 6 
432 5 4 
433 2 5 4 3 
434 7 2 4 3 6 5 
435 3 5 
436 2 3 1 0 
437 2 7 1 5 0 3 
438 3 5 7 1 0 6 
439 2 6 7 3 5 
440 4 5 3 
441 6 7 4 5 
442 3 6 7 1 0 5 
443 5 2 3 6 
444 6 7 0 5 
445 2 4 5 
446 7 4 5 
447 5 2 7 1 0 3 
448 1 2 7 4 6 3 
449 0 5 7 3 
450 7 5 1 6 0 
451 2 3 6 4 5 
452 7 3 4 5 0 
453 6 2 1 3 0 
454 7 3 6 4 5 
455 5 2 3 1 0 
456 0 2 3 
457 4 7 2 5 3 0 
458 2 4 0 6 5 
459 5 2 0 1 3 
460 3 7 0 6 5 
461 5 4 7 0 6 
462 1 2 4 5 3 
463 6 2 3 
464 2 0 6 5 1 
465 3 2 4 7 0 6 
466 2 4 6 
467 7 2 4 3 6 5 
468 3 6 7 4 5 
469 0 5 2 6 4 3 
470 7 4 0 6 5 
471 3 5 7 1 0 6 
472 3 4 0 6 5 
473 2 5 3 
474 6 2 3 0 
475 7 2 5 3 0 
476 6 2 1 3 0 
477 3 4 7 0 6 5 
478 4 5 2 6 0 3 
479 5 7 2 3 0 
480 0 5 1 7 6 
481 5 6 0 3 1 
482 7 5 1 0 6 
483 2 7 4 5 6 
484 0 5 6 
485 6 5 7 0 3 
486 7 6 1 3 
487 0 2 7 1 5 3 
488 3 2 1 0 
489 5 6 0 3 1 
490 6 2 1 3 0 
491 3 2 1 0 
492 1 6 7 3 
493 6 5 
494 7 4 2 3 5 
495 0 6 5 1 
496 5 2 4 7 3 0 6 
497 2 5 7 1 0 6 
498 7 5 3 
499 2 4 6 
500 2 7 5 3 0 
501 2 5 3 
502 3 6 7 2 5 0 
503 2 4 1 5 0 
504 4 2 3 6 5 
505 6 1 7 5 4 
506 3 6 4 5 
507 5 7 1 0 6 
508 6 7 0 5 
509 3 2 4 7 0 6 
510 7 5 1 6 0 
511 4 6 1 7 3 
512 1 7 4 5 6 
513 0 2 1 3 
514 7 1 2 4 5 3 
515 2 5 6 7 4 
516 7 4 6 
517 6 2 3 0 
518 7 5 2 6 4 0 3 
519 5 0 6 
520 0 5 6 
521 4 2 3 5 
522 2 4 7 3 6 
523 5 1 0 
524 3 4 5 
525 5 4 2 3 
526 1 4 0 6 5 
527 6 7 2 0 5 1 3 
528 2 6 1 7 3 
529 3 1 5 0 
530 2 1 3 0 
531 7 1 2 4 5 3 
532 3 6 7 4 5 
533 0 2 3 
534 7 6 1 0 5 
535 3 0 2 1 
536 3 7 2 0 5 1 
537 2 6 7 3 
538 6 2 7 1 5 0 3 
539 7 4 0 6 5 
540 6 2 0 1 3 
541 3 7 4 6 
542 4 5 6 7 2 
543 5 2 3 0 
544 0 2 1 3 
545 4 2 1 0 
546 7 4 6 
547 2 3 
548 0 3 4 5 
549 6 4 1 5 0 
550 7 3 6 4 5 
551 0 6 7 4 5 
552 3 6 7 4 5 
553 5 7 1 0 6 
554 6 4 
555 3 6 7 2 
556 1 6 7 5 4 
557 6 7 4 5 
558 7 4 5 
559 0 2 4 3 6 5 
560 5 6 2 7 3 
561 2 5 3 
562 7 6 5 
563 3 7 0 6 5 
564 2 4 6 
565 2 1 3 0 
566 3 6 5 0 1 
567 2 5 4 3 
568 4 2 1 3 0 
569 6 4 0 5 
570 3 5 7 0 
571 5 3 4 0 
572 6 7 2 0 5 1 3 
573 3 2 4 6 5 
574 7 1 2 4 5 3 
575 5 3 
576 1 6 7 5 4 
577 0 1 2 4 5 3 
578 7 6 4 5 
579 2 3 0 
580 7 2 3 
581 6 2 3 
582 7 6 1 0 5 
583 5 7 6 1 3 
584 0 5 4 6 3 
585 4 2 3 5 
586 2 5 1 7 6 0 
587 5 2 4 7 3 0 6 
588 3 0 2 1 
589 5 7 0 3 
590 1 7 2 0 5 3 
591 7 5 4 3 2 
592 2 3 
593 3 2 
594 2 1 3 0 
595 7 6 5 0 3 1 
596 3 2 7 4 6 
597 0 4 1 6 5 
598 6 5 
599 3 0 2 1 
600 3 2 
601 2 7 4 6 3 
602 6 2 4 3 5 
603 7 4 5 
604 6 5 4 3 
605 3 5 7 1 0 6 
606 4 5 1 2 0 6 
607 5 2 1 3 0 
608 0 7 2 5 1 3 
609 5 6 7 1 0 
610 7 4 1 5 0 
611 2 5 7 0 3 
612 0 2 3 
613 6 7 4 3 
614 7 6 3 5 
615 0 3 
616 3 7 0 6 5 
617 4 6 
618 6 5 4 3 2 
619 3 1 2 4 5 
620 1 2 3 0 
621 6 5 1 7 0 
622 7 4 2 3 6 
623 0 1 5 
624 5 4 7 2 3 6 
625 2 4 3 6 5 
626 7 2 3 0 
627 3 6 7 2 5 0 
628 2 0 1 3 
629 2 7 1 5 0 3 
630 3 6 2 7 5 
631 2 6 7 4 5 
632 4 6 5 0 3 1 
633 6 7 0 5 
634 2 0 1 3 
635 5 2 6 4 0 3 
636 6 2 3 
637 3 1 5 0 4 
638 7 3 0 
639 5 6 
640 1 0 6 5 
641 0 4 6 5 
642 7 5 1 6 0 
643 0 6 5 
644 7 5 3 
645 6 4 2 3 5 
646 6 5 4 3 
647 5 7 0 3 
648 0 4 6 5 
649 4 3 6 5 
650 2 4 7 3 6 
651 5 4 0 6 
652 3 6 1 7 
653 5 2 3 
654 1 0 2 3 
655 4 2 3 6 5 
656 2 5 4 3 
657 3 6 5 
658 2 1 5 0 
659 7 5 6 2 4 
660 3 5 7 1 0 6 
661 0 3 4 5 
662 7 5 1 0 6 
663 3 6 1 7 
664 3 7 0 6 5 
665 2 3 
666 6 5 7 2 4 
667 7 2 1 3 0 
668 6 0 4 1 5 
669 3 2 7 4 6 
670 4 5 2 6 0 3 
671 5 2 1 3 0 
672 0 3 4 5 
673 5 6 2 7 3 
674 7 5 1 0 6 
675 2 3 
676 0 2 3 
677 4 7 3 6 
678 7 0 5 6 
679 0 1 5 4 
680 2 1 5 0 
681 5 1 2 0 6 
682 7 5 4 6 3 
683 3 6 7 4 5 
684 1 7 2 0 5 3 
685 6 0 2 1 3 
686 7 6 1 5 4 
687 0 1 5 4 
688 5 2 3 0 
689 1 2 0 
690 7 6 4 5 
691 0 6 7 4 5 
692 1 5 6 7 2 4 
693 0 7 2 5 1 3 
694 3 2 7 1 5 0 
695 0 7 4 5 6 
696 4 6 7 1 0 5 
697 6 5 7 0 3 
698 0 6 7 3 5 
699 5 2 1 0 
700 6 1 7 5 4 
701 3 6 7 5 
702 7 4 5 6 
703 5 2 3 
704 1 5 0 
705 0 4 1 6 5 
706 7 5 1 0 6 
707 0 2 3 
708 7 6 3 5 
709 6 2 1 3 0 
710 7 6 3 2 5 0 
711 5 7 2 0 1 3 
712 0 3 4 5 
713 4 5 7 1 0 6 
714 2 4 5 
715 5 4 2 3 
716 0 2 1 3 
717 5 2 3 6 
718 1 2 3 
719 7 6 4 5 
720 0 7 2 5 1 3 
721 0 2 3 
722 0 6 7 4 5 
723 7 4 2 3 6 
724 3 5 2 6 4 0 
725 0 4 5 
726 7 5 1 2 0 6 
727 1 5 4 3 2 
728 3 5 4 6 
729 1 4 7 0 6 5 
730 6 5 7 0 3 
731 7 5 1 2 0 6 
732 6 3 7 2 5 0 
733 3 2 
734 4 5 6 3 
735 5 2 3 0 
736 0 6 3 7 2 5 
737 5 2 1 3 0 
738 7 2 4 6 3 
739 1 2 3 
740 0 4 2 3 5 
741 6 4 7 2 3 
742 7 5 1 0 6 
743 0 4 7 6 5 
744 0 2 3 
745 5 2 3 0 
746 6 5 7 0 3 
747 1 5 7 0 6 
748 1 6 7 3 
749 6 2 3 0 
750 7 5 1 2 0 6 
751 0 4 6 5 
752 5 2 3 0 
753 1 0 
754 6 5 0 3 1 
755 0 4 5 
756 1 2 4 3 6 5 
757 0 7 5 6 1 3 
758 3 1 2 4 5 
759 0 6 7 1 5 
760 4 6 
761 6 2 4 3 5 
762 0 4 7 3 6 
763 5 0 6 
764 6 7 3 5 
765 3 6 7 5 
766 7 2 0 5 1 3 
767 5 4 6 3 
768 1 2 3 
769 0 5 3 
770 7 6 4 5 
771 0 5 7 1 6 
772 7 5 1 6 0 
773 6 3 4 5 
774 7 2 5 3 0 
775 5 2 0 1 3 
776 0 1 5 4 
777 4 6 7 1 0 5 
778 2 0 1 3 
779 5 2 7 1 0 3 
780 0 6 7 4 5 
781 5 7 4 3 6 
782 1 5 2 0 6 
783 7 6 3 5 
784 1 7 2 5 3 0 
785 0 5 4 6 3 
786 0 2 3 
787 7 3 0 
788 3 4 5 0 
789 0 2 3 6 
790 7 4 3 6 
791 1 5 6 7 2 4 
792 3 0 2 1 
793 1 5 6 7 2 4 
794 6 5 4 3 
795 7 6 1 5 4 
796 6 7 0 5 
797 0 2 1 3 
798 4 1 5 0 
799 4 7 0 6 5 
800 0 4 5 
801 4 7 2 5 3 0 
802 7 0 2 1 3 
803 1 2 3 6 
804 0 2 1 3 
805 6 2 3 
806 7 6 2 5 3 
807 0 2 3 
808 0 6 5 3 1 
809 4 6 
810 6 3 4 5 
811 1 7 5 6 3 
812 1 3 6 4 5 
813 6 5 3 
814 7 6 1 3 
815 0 5 7 1 6 
816 4 2 0 1 3 
817 1 6 7 3 
818 4 6 7 5 
819 0 5 7 3 
820 1 7 5 6 3 
821 0 5 4 3 2 
822 1 4 5 0 
823 0 7 6 5 
824 4 6 3 7 2 5 0 
825 6 5 7 1 0 
826 0 5 3 
827 4 5 
828 4 2 3 0 
829 3 7 2 0 5 1 
830 7 5 1 0 6 
831 4 1 5 0 
832 1 2 3 0 
833 0 4 1 6 5 
834 7 2 4 6 3 
835 0 5 4 6 3 
836 7 4 0 6 5 
837 6 5 3 
838 4 5 
839 4 5 3 2 
840 0 2 7 4 6 3 
841 4 6 2 7 5 3 
842 2 3 
843 4 5 6 7 2 
844 0 7 4 3 6 
845 0 2 3 
846 1 5 4 3 2 
847 0 4 2 3 5 
848 0 4 6 5 
849 0 2 3 
850 1 2 0 
851 0 5 4 3 2 
852 1 2 3 
853 1 6 7 5 4 
854 1 2 3 0 
855 1 5 3 
856 3 4 1 5 0 
857 1 7 4 5 6 
858 3 2 1 0 
859 3 2 7 4 6 
860 0 2 1 3 
861 7 1 5 0 
862 1 5 0 
863 1 3 0 
864 4 6 1 7 5 
865 1 5 4 3 2 
866 1 0 6 5 
867 6 5 7 1 0 
868 6 4 7 3 
869 1 2 3 0 
870 1 5 7 0 6 
871 5 2 4 3 6 
872 5 6 3 7 2 0 
873 1 2 3 0 
874 1 4 5 0 
875 6 5 2 4 0 3 
876 6 5 1 7 0 
877 1 2 3 
878 1 2 7 5 0 3 
879 4 2 7 6 3 
880 1 6 5 0 3 
881 4 6 
882 2 1 5 0 
883 4 7 5 6 
884 5 4 7 3 6 
885 5 4 
886 5 7 2 3 0 
887 4 7 2 5 3 0 
888 4 2 1 3 0 
889 6 2 7 5 3 
890 6 2 3 0 
891 4 0 5 6 
892 4 1 0 
893 6 2 3 
894 7 4 5 
895 4 6 5 0 3 1 
896 1 6 7 2 3 
897 1 3 6 4 5 
898 6 5 4 3 
899 2 4 5 
900 7 6 3 2 5 0 
901 3 5 7 1 0 6 
902 4 1 2 5 3 
903 1 4 7 0 6 5 
904 1 7 2 5 3 0 
905 1 5 2 6 4 0 3 
906 4 1 5 0 
907 2 6 7 3 
908 4 6 7 2 3 
909 4 0 6 5 
910 1 4 7 2 3 6 
911 4 7 0 6 5 
912 2 5 3 
913 1 7 2 0 5 3 
914 1 7 5 6 3 
915 2 6 7 4 5 
916 3 6 2 7 5 
917 1 5 4 3 2 
918 1 5 2 0 6 
919 3 0 
920 3 7 5 6 1 
921 1 4 7 2 3 6 
922 4 5 6 7 2 
923 4 2 3 
924 2 3 
925 3 6 5 0 1 
926 4 2 3 
927 4 6 7 2 3 
928 1 0 4 6 5 
929 4 6 7 5 
930 1 5 7 0 3 
931 2 3 6 
932 1 2 7 4 6 3 
933 4 0 2 1 3 
934 4 6 7 2 3 
935 1 2 3 
936 1 6 7 3 5 
937 4 5 3 2 
938 7 2 3 
939 1 6 3 7 2 5 0 
940 1 2 3 0 
941 6 4 
942 6 7 0 5 
943 4 6 2 7 5 3 
944 1 0 5 6 
945 1 3 4 5 0 
946 4 7 3 6 
947 1 6 7 3 
948 1 5 4 6 3 
949 1 2 7 4 6 3 
950 3 2 
951 1 6 7 5 4 
952 4 6 2 7 5 3 
953 6 1 5 0 4 
954 0 4 5 
955 4 5 2 6 0 3 
956 4 3 0 
957 6 0 4 1 5 
958 6 4 5 
959 4 1 5 0 
960 1 2 3 
961 1 7 4 5 6 
962 6 2 3 
963 6 5 7 1 0 
964 6 0 4 1 5 
965 6 5 4 3 
966 4 0 6 5 1 
967 4 7 0 6 5 
968 4 2 3 
969 4 5 1 2 0 6 
970 4 5 3 
971 4 2 3 6 5 
972 4 5 3 2 
973 4 2 7 3 0 6 
974 4 7 2 3 6 
975 4 1 5 0 
976 1 0 
977 2 6 1 7 5 4 
978 1 5 7 6 0 
979 6 2 3 
980 2 6 5 
981 1 5 7 6 0 
982 4 0 1 6 5 
983 1 2 3 0 
984 1 6 5 0 3 
985 2 6 3 7 5 0 
986 4 2 3 5 
987 3 4 2 5 
988 6 2 3 0 
989 7 2 3 0 
990 1 2 3 0 
991 1 4 2 3 5 
992 4 3 0 
993 1 5 7 0 3 
994 1 0 6 5 
995 6 2 3 
996 6 2 3 
997 1 2 3 
998 1 4 7 2 3 6 
999 5 4 
1000 5 2 3 
1001 1 6 7 5 4 
1002 1 6 7 4 5 
1003 6 0 2 1 3 
1004 6 4 
1005 1 6 7 5 4 
1006 1 2 3 0 
1007 1 5 3 
1008 1 7 4 3 6 
1009 4 1 2 5 3 
1010 2 5 6 4 0 3 
1011 4 5 7 1 0 6 
1012 5 6 7 4 
1013 5 6 7 2 3 
1014 5 2 3 
1015 4 2 1 3 0 
1016 4 2 7 3 0 6 
1017 6 4 7 3 
1018 6 1 7 3 
1019 4 1 5 0 
1020 4 7 5 6 
1021 6 0 2 1 3 
1022 6 0 4 1 5 
1023 4 7 3 6 
