0 7 4 5 6 2 
1 7 4 1 5 2 3 
2 0 3 2 1 
3 6 7 3 4 2 5 0 1 
4 5 7 
5 1 7 5 6 4 
6 0 4 5 6 1 
7 4 7 
8 1 7 6 0 
9 0 4 5 7 1 
10 1 0 7 2 
11 0 7 1 6 2 
12 0 1 7 2 
13 3 2 1 
14 2 0 1 
15 5 2 3 7 1 
16 6 7 4 5 1 
17 0 7 2 4 6 3 1 
18 7 5 6 4 1 0 
19 7 5 4 
20 2 0 3 
21 1 7 2 0 4 6 3 
22 5 2 4 1 
23 2 3 1 0 
24 3 0 4 1 
25 1 2 3 0 
26 5 4 0 1 2 
27 7 0 6 4 1 
28 3 7 6 4 2 1 
29 4 0 1 
30 0 4 5 1 
31 3 0 1 7 
32 7 2 6 1 
33 1 4 5 0 6 
34 5 0 1 4 
35 6 7 0 4 5 1 
36 6 7 0 4 1 
37 6 2 3 7 1 
38 1 4 7 5 2 3 
39 3 7 6 1 
40 3 6 2 7 1 
41 6 4 5 1 
42 7 0 6 4 1 
43 2 5 0 1 4 
44 1 0 3 
45 5 0 2 3 
46 3 7 6 0 4 5 1 
47 6 1 0 3 2 
48 1 4 5 
49 4 5 3 0 
50 1 0 2 
51 7 3 2 1 
52 4 7 5 3 0 2 
53 4 7 
54 0 1 7 2 
55 7 6 0 4 5 1 
56 6 2 4 1 
57 2 4 5 7 1 
58 6 7 4 3 5 1 2 
59 7 3 4 2 6 5 0 1 
60 4 7 6 1 2 
61 0 5 3 4 
62 6 7 4 3 5 1 2 
63 2 7 3 4 6 5 0 1 
64 7 2 3 0 
65 7 4 6 5 3 2 
66 0 2 3 7 
67 6 0 4 1 
68 5 6 4 7 1 0 
69 1 7 6 0 4 5 
70 0 5 3 4 
71 4 5 0 1 
72 1 5 6 4 7 0 
73 0 7 4 1 
74 1 6 7 5 4 
75 0 5 4 1 
76 0 2 3 4 1 
77 3 7 4 6 5 1 2 
78 2 7 3 4 6 5 0 1 
79 5 2 0 1 
80 6 1 0 3 2 
81 0 2 6 7 1 
82 7 4 5 1 
83 7 5 4 2 
84 2 4 5 0 6 1 
85 1 7 6 0 
86 5 2 3 1 0 
87 2 7 6 5 4 
88 3 4 5 7 1 
89 1 2 4 
90 5 6 3 4 1 2 
91 6 7 0 1 
92 3 6 2 7 1 
93 4 5 6 7 1 0 
94 1 3 6 2 7 
95 3 7 1 6 0 2 
96 7 6 0 1 
97 1 2 3 0 
98 5 6 7 4 1 
99 6 7 1 
100 7 4 1 
101 6 3 2 1 7 
102 1 0 4 
103 3 4 0 5 1 
104 3 0 1 7 2 
105 6 2 3 1 0 
106 7 6 1 
107 2 7 6 1 
108 1 7 0 4 6 5 
109 5 7 6 0 4 1 
110 3 7 6 5 4 1 
111 6 0 3 1 
112 1 7 4 6 5 
113 4 6 0 5 7 1 
114 1 6 5 4 3 2 
115 7 4 1 
116 4 7 5 2 
117 4 0 2 3 
118 0 7 6 5 4 2 
119 7 4 1 
120 6 4 0 5 7 1 
121 2 7 3 4 6 5 0 1 
122 6 7 4 3 2 1 
123 7 1 6 0 2 
124 4 0 2 3 
125 0 2 3 1 
126 6 7 3 4 2 5 0 1 
127 0 7 1 6 2 
128 7 6 0 4 5 1 
129 7 4 3 6 5 1 2 
130 0 2 3 1 
131 6 7 1 
132 5 3 6 2 1 7 
133 1 2 6 7 
134 0 7 6 4 5 1 
135 4 7 3 6 2 
136 1 5 4 7 
137 0 7 4 5 3 2 
138 1 4 7 5 6 2 
139 0 4 5 1 
140 0 7 6 1 
141 3 7 6 2 
142 2 7 6 5 4 1 
143 5 2 4 1 
144 6 7 4 3 2 1 
145 2 6 7 5 4 1 
146 7 4 5 1 
147 7 4 6 5 3 2 
148 2 6 7 1 
149 1 4 0 5 2 
150 4 3 2 1 
151 2 7 4 5 3 0 
152 3 5 0 4 
153 1 0 4 
154 5 2 3 4 1 
155 6 0 3 1 
156 3 2 7 1 
157 4 3 2 1 
158 0 2 3 7 1 
159 3 7 6 4 2 1 
160 7 4 
161 1 7 4 
162 5 0 2 3 
163 6 5 4 
164 6 7 0 4 5 1 
165 6 4 5 7 1 
166 1 3 6 2 7 
167 3 4 1 7 5 2 
168 3 7 6 4 5 0 
169 6 7 1 2 
170 7 0 2 1 
171 2 7 
172 1 7 0 4 6 5 
173 5 2 3 0 7 
174 3 2 0 1 
175 6 0 1 7 2 
176 1 7 5 6 4 
177 4 7 6 0 1 
178 1 7 6 5 4 
179 7 0 4 1 
180 4 5 0 6 1 
181 4 2 3 1 
182 0 7 6 1 2 
183 7 6 0 1 
184 6 0 1 2 3 
185 2 0 4 1 
186 6 2 3 1 0 
187 7 4 1 5 2 3 
188 4 5 0 1 
189 0 6 5 4 3 1 2 
190 6 4 0 5 1 2 
191 0 5 1 4 
192 7 3 6 2 1 
193 7 6 1 2 
194 0 2 3 1 
195 6 0 3 1 
196 5 3 0 4 
197 1 7 2 0 4 6 3 
198 1 6 3 4 5 2 
199 4 7 1 
200 1 6 5 4 3 2 
201 0 5 4 
202 1 3 6 2 7 
203 0 7 5 4 2 
204 0 2 1 
205 3 0 1 7 
206 2 0 1 7 
207 4 7 5 1 
208 6 7 4 5 3 0 2 
209 0 7 4 6 5 1 
210 7 2 3 1 0 
211 7 6 0 1 
212 2 0 4 1 
213 1 4 0 5 2 
214 5 2 3 1 0 
215 2 7 1 6 0 
216 3 2 4 1 
217 1 2 3 0 
218 5 7 4 3 6 1 2 
219 6 7 4 
220 3 2 4 1 
221 7 4 3 6 5 1 2 
222 0 5 6 4 7 1 
223 2 7 4 6 5 1 
224 7 4 5 3 0 2 
225 1 7 6 2 
226 5 2 6 7 1 
227 4 5 0 1 
228 6 7 5 4 2 
229 6 2 7 1 
230 0 5 4 1 
231 3 0 1 7 2 
232 2 7 
233 6 7 4 1 
234 7 6 4 3 2 1 
235 2 7 1 6 0 
236 1 4 5 
237 5 4 
238 3 0 4 1 
239 6 7 4 5 1 
240 1 3 2 
241 4 0 1 
242 1 0 4 
243 7 2 3 0 
244 4 2 0 1 
245 4 6 5 3 1 2 
246 0 5 4 7 
247 7 4 0 5 1 2 
248 6 3 2 1 
249 2 0 1 
250 6 1 0 3 2 
251 7 0 4 1 
252 4 7 5 6 2 
253 0 5 4 
254 5 2 0 1 
255 0 7 6 5 4 2 
256 7 4 6 5 1 
257 7 6 0 1 
258 0 6 4 5 7 1 
259 6 4 5 0 1 
260 5 3 2 1 
261 1 7 0 6 4 
262 0 5 3 4 
263 4 7 0 6 5 1 
264 0 4 5 7 1 
265 0 7 4 6 5 3 2 
266 1 7 4 5 
267 0 7 6 1 
268 0 4 7 5 6 2 
269 3 0 1 
270 2 7 1 6 0 
271 5 4 0 1 2 
272 6 7 5 4 1 
273 0 7 6 4 1 
274 7 5 0 1 4 
275 7 4 5 1 
276 2 3 0 7 
277 1 5 0 4 
278 5 7 4 1 
279 2 3 1 
280 3 2 0 1 
281 1 7 0 6 4 
282 5 6 4 0 7 1 
283 6 2 0 1 
284 3 7 5 6 4 1 
285 4 2 3 1 
286 2 4 0 5 1 
287 3 6 2 1 7 
288 5 7 4 2 
289 1 0 3 
290 5 6 3 4 1 2 
291 6 4 5 7 1 
292 6 7 5 4 1 
293 6 4 0 5 7 1 
294 1 5 3 0 4 
295 3 5 4 7 
296 3 4 5 6 7 1 
297 6 0 2 1 
298 7 2 3 0 
299 2 5 6 4 7 1 0 
300 1 7 4 6 5 3 2 
301 5 3 6 2 1 7 
302 3 4 7 5 6 2 
303 7 2 4 1 
304 1 7 5 6 4 
305 4 7 
306 1 4 5 6 7 
307 7 2 3 1 0 
308 4 7 3 2 6 5 0 1 
309 4 2 6 7 1 
310 0 7 4 6 5 1 
311 4 7 6 5 1 
312 6 2 3 1 0 
313 2 7 6 5 4 
314 6 5 0 1 4 
315 7 2 3 1 0 
316 4 7 6 3 2 1 
317 0 4 5 1 
318 7 2 6 1 
319 0 5 3 4 
320 7 0 4 6 5 1 
321 4 7 
322 0 2 3 1 
323 6 4 0 5 1 
324 4 7 3 6 5 1 2 
325 1 7 6 5 4 
326 0 7 4 5 3 2 
327 4 7 3 6 2 
328 1 0 7 2 
329 0 2 3 
330 0 4 5 6 7 1 
331 0 2 3 1 
332 0 2 1 
333 3 7 1 6 0 2 
334 2 7 0 6 4 1 
335 5 4 6 7 1 
336 4 6 5 3 1 2 
337 0 5 4 7 
338 7 2 3 1 0 
339 7 0 1 3 
340 2 5 6 4 7 1 0 
341 1 5 3 0 4 
342 5 7 6 4 2 
343 2 7 4 6 5 3 
344 3 5 4 
345 1 2 3 4 
346 5 7 2 0 4 6 3 1 
347 6 0 3 1 
348 2 3 6 1 7 
349 4 5 7 
350 0 3 1 
351 3 7 6 4 5 0 
352 7 4 5 6 1 
353 1 0 7 2 
354 5 7 6 1 
355 6 7 4 3 5 1 2 
356 6 3 4 5 1 2 
357 6 1 0 3 2 
358 1 7 4 6 5 3 2 
359 3 7 4 6 5 1 2 
360 3 4 1 7 5 2 
361 6 7 1 2 
362 4 5 6 7 1 
363 2 7 4 5 1 
364 1 0 2 
365 5 2 3 1 
366 3 4 5 0 6 1 
367 5 0 2 1 
368 1 7 2 0 4 6 3 
369 4 7 3 6 5 1 2 
370 2 4 5 6 7 1 
371 7 5 6 4 1 
372 4 5 1 
373 4 7 1 6 0 2 
374 0 4 1 
375 7 2 4 1 
376 6 0 1 2 3 
377 2 7 5 4 
378 6 3 4 5 1 2 
379 5 2 3 1 0 
380 4 7 6 5 2 
381 0 2 3 1 
382 6 4 5 7 1 
383 0 3 1 
384 5 7 3 6 2 
385 7 6 4 3 2 1 
386 0 5 4 7 
387 6 7 4 5 0 
388 5 7 6 4 2 
389 0 7 5 4 2 
390 0 2 3 7 
391 4 7 6 5 1 
392 1 6 3 4 5 2 
393 1 7 6 2 
394 1 7 4 
395 0 4 5 7 1 
396 0 1 7 3 
397 3 7 4 2 6 5 0 1 
398 2 3 1 
399 5 0 1 4 
400 6 4 0 5 1 
401 0 2 3 1 
402 7 3 6 2 
403 7 4 5 6 1 
404 2 3 1 
405 1 4 5 6 7 
406 5 7 6 1 2 
407 2 7 4 1 
408 3 7 
409 3 5 0 1 4 
410 5 7 6 4 1 
411 6 7 
412 3 2 1 0 
413 7 5 4 
414 0 1 2 3 
415 2 3 1 0 
416 7 6 4 0 5 1 
417 1 0 2 3 
418 5 7 6 4 0 
419 6 7 4 5 3 2 
420 5 0 1 7 2 
421 6 2 7 1 
422 2 7 6 0 1 
423 3 7 6 5 4 1 
424 3 7 6 2 
425 6 2 7 1 
426 7 2 3 0 
427 2 4 5 1 
428 1 3 6 2 7 
429 5 4 0 1 2 
430 3 7 0 6 4 1 
431 6 4 5 1 
432 1 5 0 4 
433 4 5 0 1 
434 1 7 6 
435 7 6 4 3 2 1 
436 4 5 6 7 1 0 
437 4 2 3 1 
438 0 7 6 4 5 1 
439 7 3 4 2 6 5 0 1 
440 6 7 0 1 
441 2 4 0 5 1 
442 6 0 1 7 2 
443 7 4 0 5 1 2 
444 4 7 0 6 1 
445 0 2 1 
446 6 7 1 0 2 
447 0 4 1 
448 7 2 3 1 
449 7 5 3 0 4 
450 0 2 3 4 1 
451 6 3 4 5 1 2 
452 5 0 4 1 
453 1 6 3 4 5 2 
454 0 5 4 7 
455 4 7 6 5 3 2 
456 1 4 5 0 6 
457 0 2 3 7 
458 1 2 3 7 
459 0 4 1 
460 0 5 4 
461 3 7 4 5 0 2 
462 2 7 0 4 6 3 1 
463 5 6 4 0 7 1 
464 6 7 1 2 
465 1 4 5 6 7 
466 7 4 0 5 1 2 
467 7 5 4 
468 2 4 1 7 5 3 
469 1 0 2 
470 5 0 1 7 3 
471 2 3 7 1 
472 3 0 4 1 
473 1 5 4 
474 5 7 3 6 2 
475 6 0 3 1 
476 3 4 5 6 7 1 
477 4 7 6 5 1 
478 0 2 6 7 1 
479 3 4 0 5 1 
480 7 4 0 5 1 2 
481 1 2 3 4 
482 5 7 6 1 
483 6 0 2 3 
484 6 4 7 5 2 
485 6 7 4 5 1 
486 1 0 3 2 
487 3 5 0 4 1 
488 3 2 7 1 
489 6 7 4 3 2 1 
490 7 4 5 6 1 
491 2 3 6 1 7 
492 0 4 5 6 1 
493 4 7 5 6 1 
494 3 7 6 0 4 5 1 
495 6 7 4 5 3 2 
496 1 2 0 
497 4 5 0 6 1 
498 0 6 2 7 1 
500 4 7 6 5 2 
501 4 5 
502 0 6 7 5 4 1 
503 7 1 0 3 2 
504 4 7 6 5 1 
505 2 6 5 4 3 1 
506 6 4 5 0 1 
507 7 4 0 5 1 2 
508 4 6 7 5 1 
509 0 3 1 
510 6 3 2 1 7 
511 0 1 3 2 
512 7 5 0 1 4 
513 7 4 5 1 
514 0 5 6 4 7 1 
515 7 5 4 2 
516 5 7 6 0 4 1 
517 1 2 3 0 
518 0 4 5 1 
519 4 2 3 1 0 
520 1 0 4 
521 0 7 4 
522 1 7 6 2 
523 0 5 6 4 7 1 
524 0 2 3 1 
525 3 2 1 0 
526 2 4 0 5 1 
527 5 4 1 7 2 3 
528 6 2 7 1 
529 0 6 7 5 4 1 
530 7 0 1 3 
531 7 4 6 5 3 2 
532 2 4 5 7 1 
533 1 7 6 5 4 2 
534 5 3 2 1 
535 2 0 1 
536 3 6 2 1 7 
537 1 0 4 
538 5 4 7 1 
539 6 7 4 3 2 1 
540 3 7 5 4 2 
541 4 1 0 3 2 
542 0 4 1 
543 3 6 2 7 1 
544 7 5 4 2 
545 0 2 3 1 
546 5 4 0 6 1 
547 6 4 0 5 1 
548 6 2 3 1 0 
549 4 0 1 
550 1 2 6 7 
551 3 7 6 2 
552 3 6 5 4 1 2 
553 6 2 0 1 
554 7 6 4 0 5 1 
555 3 2 1 
556 1 0 7 2 
557 4 7 0 6 5 1 
558 3 4 5 7 1 
559 6 0 2 1 
560 1 7 0 6 4 
561 4 0 3 1 
562 0 6 5 4 3 1 2 
563 7 5 0 1 4 
564 4 7 2 0 6 3 1 
565 4 7 6 5 1 
566 0 7 6 4 5 1 
567 7 0 4 6 5 1 
568 6 4 0 5 1 2 
569 2 7 3 4 6 5 0 1 
570 6 0 1 2 3 
571 7 2 3 1 
572 4 2 3 1 0 
573 0 7 
574 6 7 3 4 2 5 0 1 
575 0 7 4 6 5 3 2 
576 7 6 1 2 
577 7 4 5 3 0 2 
578 0 6 5 4 3 1 2 
579 6 4 5 1 
580 5 2 3 1 0 
581 1 7 3 4 2 6 5 0 
582 0 5 6 4 7 1 
583 4 7 5 1 
584 1 2 4 
585 0 7 4 6 5 3 2 
586 1 2 3 4 
587 0 7 6 1 
588 0 1 7 3 
589 3 6 7 5 4 1 
590 2 7 4 3 6 5 1 
591 5 7 4 6 1 
592 7 2 3 1 
593 0 7 4 1 
594 7 5 0 1 4 
595 5 2 6 7 1 
596 2 0 4 1 
597 1 4 0 5 
598 6 7 4 5 1 
599 2 1 0 3 
600 3 6 5 4 1 2 
601 1 4 7 5 2 3 
602 5 3 0 4 
603 5 0 4 1 
604 3 5 4 7 
605 5 7 4 3 0 2 
606 1 4 0 5 2 
607 3 4 5 0 6 1 
608 7 2 3 1 
609 1 7 4 3 6 5 2 
610 5 7 0 4 6 1 
611 7 3 6 2 1 
612 6 4 5 0 1 
613 7 4 1 5 2 3 
614 1 7 4 3 6 5 2 
615 3 0 1 2 
616 3 7 4 
617 6 0 1 7 2 
618 7 5 3 0 4 
619 3 6 4 5 1 2 
620 1 6 4 0 5 7 
621 5 6 2 7 1 
622 3 7 0 4 6 5 1 
623 6 7 3 2 
624 1 7 6 4 3 2 
625 4 0 5 1 
626 1 2 3 7 
627 7 2 6 1 
628 4 2 3 1 
629 4 5 0 1 
630 0 6 2 7 1 
631 7 4 1 
632 6 7 4 5 1 
633 2 4 5 1 
634 6 7 1 
635 7 0 4 1 
636 4 7 3 6 5 1 2 
637 0 7 6 1 
638 6 0 4 1 
639 0 2 3 7 
640 7 5 6 4 1 
641 7 5 4 2 
642 0 7 6 1 
643 6 7 0 4 1 
644 5 0 3 1 
645 1 0 7 3 
646 0 7 6 4 1 
647 4 5 1 
648 1 2 6 7 
649 0 2 3 1 
650 1 5 0 4 
651 0 2 3 1 
652 0 7 3 6 2 
653 3 6 4 5 1 2 
654 2 4 1 
655 5 0 2 3 
656 6 5 4 7 1 0 
657 1 7 6 4 5 0 
658 5 7 2 0 4 6 3 1 
659 7 6 5 4 1 
660 2 4 7 5 6 
661 0 7 6 4 5 
662 6 5 4 3 1 2 
663 2 4 7 5 6 
664 3 4 5 7 1 
665 1 0 2 
666 5 4 6 7 1 
667 7 6 4 0 5 1 
668 3 5 6 4 7 1 0 
669 5 7 6 0 1 
670 0 5 4 7 
671 3 7 6 1 2 
672 7 6 1 2 
673 1 7 4 5 
674 4 0 1 2 3 
675 6 2 3 1 0 
676 6 0 3 1 
677 6 2 7 1 
678 0 2 3 7 1 
679 2 7 6 5 4 
680 3 5 4 
681 6 5 4 
682 7 4 5 6 1 
683 2 3 1 
684 1 7 6 4 3 2 
685 5 7 6 4 2 
686 2 7 0 6 4 1 
687 7 4 5 3 0 2 
688 1 7 0 4 6 5 
689 4 1 7 5 2 3 
690 1 6 3 4 5 2 
691 7 6 1 
692 4 6 5 3 1 2 
693 4 2 1 
694 2 3 1 0 
695 7 0 3 1 
696 7 0 4 1 
697 2 4 5 7 1 
698 7 6 5 4 1 
699 7 4 0 5 1 2 
700 4 7 5 2 
701 0 7 4 5 1 
702 6 7 2 0 4 3 1 
703 0 2 1 
704 7 6 5 4 1 
705 7 5 3 0 4 
706 2 7 6 4 5 0 
707 6 7 4 1 
708 5 7 1 6 0 2 
709 1 0 4 
710 0 4 5 7 1 
711 4 7 6 5 0 
712 3 5 0 1 4 
713 2 0 4 1 
714 1 2 0 
715 3 7 4 6 5 1 2 
716 2 4 5 0 6 1 
717 3 7 4 6 5 1 2 
718 2 0 3 
719 5 7 4 
720 6 5 4 3 1 2 
721 2 7 6 5 4 1 
722 7 1 0 3 2 
723 7 6 0 1 
724 2 6 7 1 
725 3 7 4 5 0 2 
726 5 7 6 4 1 
727 2 7 
728 3 5 6 4 7 1 0 
729 3 2 4 1 
730 5 6 4 0 7 1 
731 6 7 5 4 1 
732 3 7 2 0 4 6 1 
733 4 7 6 5 1 
734 2 7 6 0 1 
735 3 5 6 4 7 1 0 
736 7 2 3 1 0 
737 1 4 5 
738 5 1 0 3 2 
739 6 1 0 3 2 
740 6 0 2 1 
741 6 7 3 2 
742 3 4 7 5 6 2 
743 3 7 4 
744 3 0 2 
745 5 3 6 2 1 7 
746 7 6 5 4 1 
747 2 0 4 1 
748 2 4 1 
749 5 7 0 4 6 1 
750 3 7 4 6 5 1 
751 6 0 1 2 3 
752 3 0 2 1 
753 4 6 5 3 1 2 
754 2 7 
755 7 0 4 1 
756 4 3 2 1 
757 4 2 3 1 0 
758 2 3 1 
759 7 5 0 4 1 
760 6 7 0 4 5 1 
761 2 7 6 4 5 0 
762 6 2 3 4 1 
764 4 7 5 2 
765 0 1 7 3 
766 6 2 3 1 0 
767 2 6 7 1 
768 7 4 0 5 1 
769 7 4 5 1 
770 2 5 0 4 1 
771 6 2 3 1 
772 5 7 6 1 
773 1 0 7 3 
774 0 3 1 
775 4 7 6 0 5 1 
776 3 6 4 5 1 2 
777 2 7 3 6 
778 1 2 3 
779 3 6 5 4 1 2 
780 2 0 1 7 3 
781 3 2 1 0 
782 2 7 6 1 
783 5 2 4 1 
784 6 7 
785 2 6 4 0 5 7 1 
786 7 0 1 2 3 
787 7 4 5 3 0 2 
788 2 7 3 6 
789 3 2 4 1 
790 5 7 4 
791 2 7 6 5 4 1 
792 3 2 1 0 
793 3 4 7 5 6 2 
794 5 7 6 4 2 
795 6 7 5 4 1 
796 3 0 1 7 
797 4 7 0 6 5 1 
798 2 0 3 
799 3 4 1 7 5 2 
800 7 3 4 2 6 5 0 1 
801 1 3 2 
802 5 7 4 
803 6 2 7 1 
804 6 7 0 4 5 1 
805 6 4 0 5 1 
806 1 2 3 4 
807 3 5 4 7 
808 3 7 6 4 5 0 
809 6 4 7 5 2 
810 7 6 4 5 0 
811 2 7 4 6 5 1 
812 1 5 0 4 
813 5 4 6 7 1 
814 3 5 4 
815 6 7 5 4 1 
816 0 2 3 7 1 
817 4 6 7 5 1 
818 1 2 3 0 
819 7 5 4 
820 4 7 1 6 0 2 
821 4 7 1 
822 0 7 2 4 6 3 1 
823 7 0 1 2 
824 6 5 4 7 
825 2 5 0 4 1 
826 6 4 7 5 2 
827 7 6 5 4 1 
828 4 0 2 3 
829 0 1 7 3 
830 6 2 7 1 
831 0 5 3 4 
832 7 2 3 0 
833 7 5 0 1 4 
834 0 4 5 6 7 1 
835 6 5 3 0 4 
836 5 2 3 0 7 
837 1 5 6 4 7 0 
838 0 4 1 7 5 2 3 
839 4 7 
840 1 5 4 
841 0 7 4 6 5 1 
842 1 7 5 6 4 
843 0 7 6 4 1 
844 0 6 3 4 5 1 2 
845 3 7 6 0 1 
846 2 7 6 0 4 5 1 
847 5 7 6 4 2 
848 6 7 4 1 
849 0 7 4 5 3 2 
850 7 0 2 1 
851 7 4 5 3 0 2 
852 2 7 1 6 0 
853 1 5 0 4 
854 5 7 
855 2 4 0 5 1 
856 3 4 0 5 1 
857 1 2 3 4 
858 5 7 6 4 3 2 1 
859 6 4 0 5 7 1 
860 3 7 6 0 1 
861 4 7 6 5 1 
862 0 6 3 4 5 1 2 
863 3 5 4 
864 7 4 5 1 
865 1 2 3 4 
866 5 1 0 3 2 
867 6 4 7 5 2 
868 5 7 1 6 0 2 
869 4 7 5 6 2 
870 1 2 3 0 
871 3 7 4 6 5 2 
872 3 2 1 
873 5 2 0 1 
874 4 0 2 3 
875 2 7 4 
876 1 7 6 0 2 
877 5 7 4 6 3 2 
878 3 7 4 5 1 
879 5 6 2 7 1 
880 1 5 0 4 
881 4 7 6 5 3 2 
882 1 0 2 
883 3 1 0 2 
884 3 7 2 0 4 6 1 
885 2 7 0 4 6 5 1 
886 0 7 6 4 5 
887 2 4 1 7 5 3 
888 2 6 3 4 5 1 
889 2 7 5 4 
890 4 2 3 1 0 
891 5 4 7 
892 4 2 3 1 0 
893 0 7 4 1 
894 1 0 2 3 
895 5 2 3 0 7 
896 5 3 0 4 
897 4 7 6 5 0 
898 5 2 3 1 0 
899 5 4 0 1 
900 4 6 0 5 7 1 
901 1 7 4 6 5 
902 0 1 7 3 
903 3 6 2 7 1 
904 3 0 1 2 
905 3 2 1 0 
906 3 2 7 1 
907 2 4 7 5 6 
908 2 0 1 7 
909 3 7 5 4 2 
910 2 7 6 4 5 0 
911 4 5 0 1 
912 4 5 1 
913 2 1 0 3 
914 5 0 1 7 3 
915 5 7 2 0 4 6 3 1 
916 2 3 1 
917 3 0 2 
918 4 5 
919 2 0 1 
920 3 0 2 
921 2 7 6 5 4 1 
922 4 7 6 3 2 1 
923 5 7 6 0 4 1 
924 3 7 4 
925 2 6 4 0 5 7 1 
926 2 4 5 0 6 1 
927 3 7 5 6 4 1 
928 5 7 3 4 2 6 0 1 
929 5 0 1 2 3 
930 4 7 2 0 6 3 1 
931 4 7 3 6 2 
932 5 7 6 4 1 
933 4 6 7 5 1 
934 1 0 4 
935 3 0 1 2 
936 3 2 0 7 
937 4 7 1 6 0 2 
938 4 7 6 5 2 
939 2 3 1 0 
940 2 6 4 0 5 7 1 
941 5 7 4 1 
942 5 4 1 
943 5 7 0 4 6 1 
944 5 7 6 1 2 
945 5 7 4 3 0 2 
946 5 0 1 2 3 
947 5 7 2 0 4 6 3 1 
948 4 3 2 1 
949 4 7 0 6 1 
950 4 2 3 1 
951 4 5 0 6 1 
952 4 7 3 2 6 5 0 1 
953 4 0 1 2 3 
954 4 2 1 
955 5 2 3 1 
956 4 7 1 
957 4 2 1 
958 5 7 0 6 4 1 
959 5 4 
960 5 4 1 7 2 3 
961 4 2 3 1 0 
962 5 7 6 4 0 
963 5 7 4 
964 5 6 7 4 1 
965 1 2 3 7 
966 1 7 4 6 5 3 2 
967 4 7 6 1 
968 3 7 5 6 4 1 
969 2 4 0 5 1 
970 3 7 6 5 4 2 
971 3 0 1 7 
972 2 0 1 
973 3 4 7 5 6 2 
974 2 7 
975 5 6 2 7 1 
976 4 7 2 0 6 3 1 
977 2 3 7 1 
978 5 4 1 7 2 3 
979 5 7 3 6 2 
980 2 5 0 1 4 
981 2 6 7 1 
982 5 2 3 1 0 
983 2 7 5 4 
984 3 0 1 2 
985 3 2 1 
986 5 7 
987 5 2 4 1 
988 2 3 1 
989 4 0 1 7 2 
990 2 7 6 4 3 1 
991 3 5 4 7 
992 5 1 0 3 2 
993 4 7 5 1 
994 5 7 4 6 1 
995 4 6 3 5 1 2 
996 5 2 3 4 1 
997 4 6 5 3 1 2 
998 3 0 1 2 
999 2 3 0 7 
1000 2 7 3 6 
1001 4 7 0 6 5 1 
1002 4 7 5 1 
1003 2 7 4 5 3 0 
1004 2 4 1 7 5 3 
1005 2 0 4 1 
1006 2 4 5 1 
1007 5 7 6 4 0 
1008 3 0 2 1 
1009 3 7 6 5 4 2 
1010 2 6 7 1 
1011 5 7 6 4 1 
1012 4 0 1 
1013 2 7 6 1 
1014 2 3 6 1 7 
1015 4 2 3 7 1 
1016 2 3 0 7 
1017 2 7 3 4 6 5 0 1 
1018 4 7 5 6 1 
1019 4 7 5 6 1 
1020 4 7 1 
1021 0 7 6 4 3 2 1 
1022 1 7 4 6 5 
1023 5 2 3 1 0 
