0 5 1 7 6 0 
1 3 0 2 1 
2 2 4 3 5 0 
3 4 0 2 1 6 
4 6 1 0 7 
5 1 2 0 
6 6 5 3 0 4 
7 5 6 
8 2 6 
9 4 6 7 2 3 0 
10 4 6 2 0 
11 2 5 6 0 7 
12 0 6 1 7 
13 0 3 4 2 
14 0 1 6 
15 6 1 2 0 
16 2 3 0 4 
17 6 5 4 
18 2 4 3 5 0 
19 0 6 1 7 4 
20 3 5 2 0 4 
21 4 3 6 7 0 2 
22 3 1 0 2 
23 4 0 6 1 7 
24 7 5 3 6 1 4 
25 3 1 6 2 
26 3 1 0 2 
27 6 2 3 5 
28 0 3 2 1 
29 3 4 2 0 
30 6 0 2 1 
31 2 7 6 4 5 0 
32 3 6 7 4 
33 1 3 2 6 
34 1 2 3 5 
35 5 1 6 0 
36 5 6 2 0 
37 7 2 1 3 5 
38 0 2 5 3 4 
39 3 5 0 4 
40 3 6 4 5 0 7 
41 6 1 0 
42 3 6 4 5 7 
43 5 2 6 0 
44 6 7 5 4 
45 4 1 7 6 0 
46 2 1 3 0 
47 2 6 4 5 0 7 
48 7 5 6 4 
49 7 3 6 0 2 
50 4 6 5 0 7 
51 4 6 7 3 2 0 
52 5 2 7 0 6 
53 1 6 2 0 
54 3 4 0 
55 2 7 0 6 
56 3 1 7 6 0 
57 4 2 5 1 3 
58 6 4 0 1 7 
59 6 5 1 0 4 
60 0 3 6 7 2 
61 6 7 3 5 2 0 
62 3 4 5 6 0 2 
63 1 2 6 0 5 
64 5 0 6 4 1 7 
65 3 5 6 1 4 
66 2 5 4 
67 4 0 5 6 1 7 
68 6 4 0 
69 1 0 6 7 
70 6 5 3 1 4 
71 5 4 6 7 1 0 
72 2 5 1 3 4 
73 4 0 2 1 6 
74 4 5 1 0 
75 3 5 4 
76 0 1 7 6 
77 0 3 6 7 2 
78 0 2 1 3 
79 6 4 3 5 0 
80 2 4 6 7 1 5 0 
81 6 5 0 3 7 2 
82 2 4 0 6 1 7 
83 0 5 6 
84 3 5 6 
85 4 0 5 6 1 7 
86 3 5 6 0 7 
87 4 3 1 6 2 
88 7 6 4 
89 3 7 2 4 1 
90 2 6 7 4 
91 6 0 1 7 
92 0 2 7 6 
93 3 5 6 2 7 4 0 
94 6 1 0 
95 2 0 3 1 
96 3 7 6 4 5 0 2 
97 1 7 6 0 
98 1 0 2 
99 5 2 6 3 
100 5 7 2 4 1 
101 7 2 5 1 3 4 
102 0 4 6 3 2 7 
103 3 2 1 0 
104 3 4 0 6 1 7 
105 6 5 2 7 4 0 
106 3 0 4 1 2 
107 5 3 6 1 4 
108 6 1 7 0 
109 4 1 0 
110 2 5 0 3 4 
111 2 1 3 5 
112 6 2 3 5 
113 7 0 4 1 2 
114 4 6 5 0 7 
115 4 3 1 6 2 
116 5 7 6 4 0 2 
117 1 0 
118 3 2 1 0 
119 2 4 5 6 0 
120 3 6 7 2 0 4 
121 4 0 3 1 2 
122 6 7 5 4 
123 6 4 7 1 5 0 
124 0 4 1 2 
125 6 7 5 
126 3 0 4 1 2 
127 1 7 2 4 
128 5 6 7 4 
129 2 6 0 5 
130 2 5 3 0 4 
131 4 7 6 5 0 2 
132 6 5 3 1 4 
133 5 3 2 1 0 
134 7 5 1 0 4 
135 5 6 0 7 
136 2 7 0 6 
137 4 3 2 0 
138 4 1 7 6 0 
139 2 0 4 1 
140 0 3 4 2 
141 0 4 5 6 
142 0 4 2 
143 6 4 5 7 
144 2 6 7 3 0 4 
145 6 4 5 7 
146 2 6 0 1 7 
147 0 2 5 3 4 
148 1 0 5 4 
149 4 6 5 0 7 
150 7 4 6 3 2 0 
151 4 0 3 1 2 
152 7 1 0 6 
153 3 4 0 
154 3 6 7 2 0 4 
155 6 3 2 0 4 
156 0 1 6 
157 3 2 1 0 
158 6 3 2 0 4 
159 2 6 7 4 
160 3 6 0 1 7 
161 1 2 5 3 4 
162 1 6 0 7 
163 5 7 6 
164 5 3 6 7 0 2 
165 7 2 1 3 0 
166 1 4 5 6 
167 3 5 6 0 7 
168 3 5 6 
169 6 1 7 0 
170 2 6 4 5 0 7 
171 5 4 0 
172 6 1 0 7 
173 4 1 6 0 
174 2 4 0 
175 2 1 0 
176 6 5 4 0 
177 7 6 5 4 
178 4 3 2 0 
179 4 3 0 2 
180 5 2 6 0 
181 1 6 0 7 
182 3 1 0 2 
183 2 6 7 4 
184 3 1 0 
185 4 2 5 1 3 
186 6 1 0 
187 7 5 6 
188 1 3 2 6 
189 6 5 3 0 4 
190 3 2 0 4 
191 1 5 6 
192 5 7 6 
193 3 5 0 4 
194 1 6 0 
195 4 5 1 0 
196 7 0 2 1 6 
197 1 2 0 
198 6 2 1 3 5 
199 5 4 6 7 1 0 
200 2 3 4 
201 5 2 7 0 6 
202 4 6 7 
203 1 2 3 0 
204 1 6 4 5 7 
205 0 1 2 
206 0 5 4 
207 6 2 0 
208 2 6 0 5 
209 6 2 5 1 3 4 
210 2 1 0 
211 0 3 2 4 
212 3 6 
213 4 6 1 2 3 
214 3 1 0 6 7 
215 4 5 6 0 2 
216 7 1 6 0 
217 3 5 0 4 
218 3 2 5 1 4 
219 6 5 2 0 3 4 
220 1 4 6 7 5 0 
221 3 6 7 4 
222 6 3 7 0 2 
223 2 6 4 5 7 
224 3 6 7 4 
225 1 0 
226 1 5 4 0 
227 5 2 1 3 
228 5 3 0 4 
229 7 6 3 2 0 4 
230 0 6 7 2 3 4 
231 3 6 7 5 4 
232 3 6 7 5 4 
233 6 7 5 
234 3 2 7 0 6 
235 5 4 0 
236 6 2 1 3 0 
237 4 3 2 1 0 
238 2 1 0 
239 2 3 1 6 
240 6 4 0 
241 7 3 2 0 4 
242 4 5 6 0 2 
243 7 3 0 2 
244 5 2 7 0 6 
245 1 2 3 5 
246 3 4 5 6 
247 2 1 0 
248 3 0 1 2 
249 4 6 
250 6 1 2 3 4 
251 6 4 5 0 2 
252 3 0 1 2 
253 6 3 4 2 
254 2 1 7 6 0 
255 1 2 3 0 
256 5 6 0 7 
257 3 1 0 6 7 
258 2 3 6 
259 4 5 6 
260 6 1 2 3 4 
261 1 5 0 6 3 7 2 
262 6 7 2 3 0 4 
263 5 4 3 0 
264 2 6 7 5 4 
265 4 2 0 
266 4 5 0 6 3 7 2 
267 2 6 7 5 4 
268 0 5 4 
269 0 5 6 3 7 2 
270 0 2 7 6 
271 6 2 1 3 5 
272 2 6 7 3 0 4 
273 6 7 2 3 0 4 
274 2 6 0 1 7 
275 0 6 7 3 2 4 
276 3 1 0 
277 4 5 0 
278 3 6 7 2 5 1 4 
279 4 3 0 2 
280 7 5 4 
281 3 6 7 5 4 
282 3 6 7 5 4 
283 6 4 7 1 5 0 
284 0 3 4 2 
285 3 6 4 5 7 
286 6 2 5 1 3 4 
287 2 3 4 
288 3 0 2 
289 1 7 2 4 
290 1 0 3 2 
291 5 4 6 3 2 7 0 
292 5 1 6 0 
293 7 3 0 2 
294 0 2 5 1 3 4 
295 3 4 2 
296 0 6 1 7 
297 6 1 0 
298 0 5 6 
299 5 6 7 2 3 0 4 
300 6 5 0 3 7 2 
301 5 6 4 7 
302 2 3 4 
303 2 7 5 6 4 
304 6 0 3 1 2 
305 7 1 0 
306 4 3 1 6 2 
307 4 1 7 6 0 
308 5 6 7 4 
309 1 3 2 0 
310 3 6 7 0 2 
311 1 0 5 6 4 7 
312 3 4 5 6 
313 4 6 1 0 7 
314 6 1 0 2 
315 6 4 5 
316 0 2 5 3 4 
317 6 4 3 5 0 
318 3 6 7 2 5 1 4 
319 1 4 0 6 7 
320 5 6 0 1 7 
321 2 5 4 0 
322 2 5 1 3 4 
323 4 6 7 3 5 2 0 
324 6 5 2 0 3 4 
325 1 0 6 7 
326 7 6 4 5 0 2 
327 7 6 1 2 3 4 
328 2 1 6 0 
329 4 2 6 0 5 
330 4 3 2 
331 5 4 6 3 2 7 0 
332 0 6 4 5 7 
333 0 4 3 5 
334 0 4 3 5 
335 6 4 3 5 0 
336 1 0 
337 6 4 0 1 7 
338 2 1 6 0 
339 0 5 4 
340 3 2 6 
341 4 6 5 7 
342 3 4 6 7 1 5 0 
343 5 6 0 1 7 
344 7 4 0 
345 3 4 6 7 1 5 0 
346 3 5 0 6 7 2 
347 5 4 2 0 
348 0 3 4 2 
349 3 1 0 2 
350 6 2 1 3 5 
351 2 3 0 4 
352 3 5 4 
353 1 0 2 
354 1 7 6 0 
355 5 0 2 3 1 
356 5 6 7 3 2 1 4 
357 7 0 1 5 4 
358 0 4 5 6 2 
359 2 0 3 1 
360 3 5 6 0 7 
361 5 3 1 6 2 
362 3 0 2 
363 5 6 7 4 
364 6 7 4 5 0 2 
365 5 6 1 0 7 4 
366 2 3 1 6 
367 2 7 6 4 5 0 
368 6 1 0 7 4 
369 7 2 5 3 4 
370 4 0 2 3 1 
371 4 6 1 2 3 
372 5 2 3 4 
373 1 6 7 3 2 5 4 
374 2 7 5 6 4 
375 2 7 5 6 4 
376 1 6 7 3 2 5 4 
377 4 6 7 
378 6 1 2 3 4 
379 6 5 2 0 3 4 
380 3 2 6 
381 7 4 0 
382 3 1 6 2 
383 1 5 0 6 3 7 2 
384 5 3 6 7 0 2 
385 0 6 7 2 3 4 
386 2 1 0 6 7 
387 4 6 7 3 5 2 0 
388 6 7 3 2 5 1 4 
389 1 7 2 4 
390 6 3 2 
391 5 4 6 0 2 
392 2 4 0 
393 4 3 2 6 
394 4 5 6 2 7 0 
395 3 1 7 6 0 
396 0 3 2 4 
397 0 5 3 6 1 4 
398 0 4 6 7 1 5 
399 6 4 3 2 7 0 
400 2 5 6 0 7 
401 7 0 3 1 2 
402 2 3 6 
403 0 6 7 5 4 
404 3 6 1 0 7 4 
405 5 7 6 
406 3 2 7 0 6 
407 4 1 0 6 7 
408 7 6 0 1 
409 3 1 6 2 
410 3 1 0 
411 6 4 5 0 7 
412 0 5 6 4 1 7 
413 3 4 2 0 
414 7 5 6 2 4 0 
415 2 3 4 
416 3 1 2 0 
417 1 6 7 3 2 5 4 
418 1 2 3 5 
419 5 3 0 2 
420 5 6 
421 7 5 6 
422 0 6 7 5 4 
423 3 7 6 4 5 0 2 
424 3 6 7 5 4 
425 6 0 1 5 4 
426 3 2 1 0 
427 5 4 
428 6 5 3 1 4 
429 4 5 
430 2 6 0 
431 2 6 0 1 7 
432 6 0 5 4 1 7 
433 7 5 6 
434 4 3 2 1 0 
435 4 2 6 3 5 
436 5 2 6 0 
437 1 2 6 3 5 
438 3 2 6 5 
439 2 1 6 0 
440 2 5 0 6 3 7 
441 4 5 6 0 7 
442 6 4 0 1 7 
443 6 7 5 4 
444 0 3 2 
445 6 7 5 4 
446 3 6 7 2 5 1 4 
447 1 2 6 3 5 
448 5 7 2 4 1 
449 3 4 6 2 7 0 
450 2 7 4 1 
451 4 6 7 5 
452 6 0 2 3 1 
453 1 3 2 0 
454 6 0 1 5 4 
455 5 4 
456 2 3 0 
457 4 0 2 1 6 
458 4 1 0 6 7 
459 2 1 7 6 0 
460 0 2 5 3 4 
461 0 2 6 5 
462 0 2 1 3 5 
463 6 0 2 3 1 
464 2 6 
465 6 4 5 
466 2 3 4 
467 1 6 2 0 
468 2 5 6 7 4 0 
469 4 7 5 6 
470 2 3 4 
471 4 2 5 3 
472 7 6 1 2 3 4 
473 3 0 2 1 
474 3 1 2 0 
475 6 4 5 
476 0 7 6 4 5 2 
477 3 0 2 1 
478 6 1 7 0 
479 2 5 4 0 
480 3 6 
481 1 0 2 6 
482 1 7 6 0 
483 5 6 1 2 3 4 
484 5 2 6 3 
485 7 0 2 3 1 
486 0 5 6 
487 3 5 4 0 
488 3 7 6 4 5 0 2 
489 6 0 1 5 4 
490 3 5 1 0 4 
491 5 6 0 7 
492 6 3 7 0 2 
493 4 5 2 0 3 
494 2 4 5 6 0 
495 2 7 5 6 
496 6 1 0 
497 7 4 6 1 5 0 
498 4 7 6 5 0 2 
499 4 5 6 
500 5 2 6 0 
501 1 4 6 3 2 7 0 
502 3 5 4 0 
503 2 4 5 6 0 
504 3 6 7 2 0 4 
505 4 6 7 5 
506 6 0 4 1 2 
507 6 0 5 4 1 7 
508 0 4 2 
509 6 1 0 2 
510 3 6 7 2 0 4 
511 1 5 6 2 7 4 0 
512 5 2 6 0 
513 3 5 4 0 
514 2 0 3 1 
515 4 6 7 1 5 0 
516 6 4 5 
517 1 5 4 
518 6 1 2 0 
519 5 1 6 0 
520 2 7 5 6 
521 4 5 
522 4 5 6 
523 2 3 6 
524 0 7 5 6 4 
525 0 1 6 
526 0 1 7 6 
527 6 7 5 4 
528 2 3 1 6 
529 6 7 4 5 0 2 
530 2 6 1 0 7 4 
531 0 6 7 5 4 
532 3 4 6 2 7 0 
533 4 6 
534 3 6 1 0 7 4 
535 4 5 6 0 2 
536 7 3 0 2 
537 3 1 0 
538 3 0 2 1 6 
539 6 7 3 2 5 1 4 
540 0 5 6 7 
541 3 7 5 6 
542 6 4 2 0 
543 2 4 6 7 1 5 0 
544 3 2 1 0 
545 0 6 7 2 3 4 
546 1 4 5 6 0 2 
547 5 4 
548 5 6 7 4 
549 7 1 0 6 
550 0 4 3 5 
551 3 6 4 5 7 
552 2 3 1 0 
554 3 0 1 2 
555 5 1 0 
556 7 1 0 2 
557 4 6 
558 2 5 0 3 4 
559 2 5 0 6 3 7 
560 6 3 1 2 
561 7 5 1 0 4 
562 4 3 2 6 
563 4 6 7 
564 5 4 0 
565 1 5 4 0 
566 3 6 7 2 0 4 
567 2 6 7 3 5 0 
568 3 1 6 2 
569 4 2 5 1 3 
570 6 2 5 3 4 
571 6 5 2 7 4 0 
572 0 4 5 6 2 
573 6 4 5 0 7 
574 3 2 1 0 
575 1 3 6 7 0 2 
576 5 7 2 4 1 
577 3 6 7 5 2 0 
578 2 1 3 5 
579 4 5 0 
580 6 1 2 3 4 
581 1 0 6 7 
582 6 5 
583 5 1 7 6 0 
584 2 1 3 5 
585 4 0 3 1 2 
586 4 3 2 0 
587 2 4 0 6 1 7 
588 0 1 7 6 
589 0 2 6 5 
590 0 1 2 
591 6 2 3 5 
592 2 6 7 3 0 4 
593 6 3 1 2 
594 2 6 0 
595 0 6 7 3 2 5 1 4 
596 3 6 0 1 7 
597 4 5 0 
598 3 0 1 5 4 
599 4 1 0 2 
600 7 2 6 0 5 
601 3 4 6 7 1 5 0 
602 3 1 0 
603 6 7 3 2 5 1 4 
604 0 6 7 4 
605 3 5 6 1 4 
606 6 0 2 1 
607 2 6 0 
608 3 6 7 5 4 
609 1 7 6 0 
610 1 0 2 3 
611 5 3 6 1 4 
612 5 1 2 0 
613 7 6 3 2 5 1 4 
614 0 1 
615 3 6 7 5 4 
616 3 4 0 6 1 7 
617 6 0 2 1 
618 3 1 6 2 
619 5 1 0 4 
620 6 7 3 5 2 0 
621 4 1 0 6 7 
622 2 4 3 5 0 
623 2 4 0 
624 5 7 6 4 
625 7 6 5 4 
626 4 0 6 1 7 
627 4 2 0 
628 5 2 1 3 
629 1 0 5 6 4 7 
630 3 6 
631 2 5 1 0 4 
632 3 0 1 5 4 
633 4 3 5 0 
634 6 2 5 3 4 
635 6 2 3 5 
636 0 3 2 
637 6 1 0 7 
638 3 0 2 1 
639 1 6 2 0 
640 5 3 4 2 
641 3 2 5 1 4 
642 2 6 0 
643 4 2 6 0 5 
644 6 5 0 7 
645 1 7 5 6 4 
646 6 7 5 4 
647 5 2 7 0 6 
648 2 0 4 1 
649 4 6 1 2 3 
650 4 3 0 2 
651 2 5 0 3 4 
652 0 6 7 3 5 2 
653 0 5 1 4 
654 0 4 1 2 
655 6 1 2 3 4 
656 2 6 7 3 0 4 
657 6 5 3 0 4 
658 2 1 7 6 0 
659 0 3 6 7 2 
660 3 1 6 0 
661 4 6 7 2 3 0 
662 3 5 0 4 
663 4 5 
664 7 0 2 1 6 
665 3 6 2 0 
666 3 0 2 
667 6 1 2 3 4 
668 0 5 4 
669 2 5 0 6 3 7 
670 6 1 0 7 
671 2 5 6 7 4 0 
672 3 2 7 0 6 
673 1 3 2 0 4 
674 1 2 5 3 4 
675 5 0 2 3 1 
676 5 1 0 
677 7 1 0 
678 0 3 2 6 
679 3 0 1 2 
680 3 2 6 5 
681 6 5 3 1 4 
682 2 3 1 0 
683 5 1 7 6 0 
684 6 7 4 5 0 2 
685 4 6 7 3 2 0 
686 2 6 1 0 7 4 
687 2 1 0 
688 6 1 0 
689 7 2 5 1 3 4 
690 5 3 0 4 
691 4 5 0 6 3 7 2 
692 5 7 2 4 1 
693 1 7 6 0 
694 2 5 1 0 4 
695 2 5 0 6 3 7 
696 2 4 6 3 7 0 
697 4 2 7 0 6 
698 6 3 2 1 0 
699 6 5 3 1 4 
700 0 2 6 3 5 
701 6 4 5 0 7 
702 2 0 1 5 4 
703 1 6 0 7 4 
704 5 1 0 2 
705 2 1 0 
706 2 4 3 5 0 
707 4 2 5 3 
708 6 2 1 3 5 
709 1 6 7 5 4 
710 6 7 4 
711 5 6 
712 2 4 3 5 0 
713 4 6 7 3 2 5 1 
714 4 3 2 
715 2 0 5 6 4 1 7 
716 0 7 2 4 1 
717 0 6 4 5 7 
718 0 4 5 6 2 
719 6 2 3 5 
720 2 6 7 5 4 
721 6 3 0 2 
722 2 6 4 5 0 7 
723 0 3 2 1 
724 2 4 5 6 0 
725 4 3 2 0 
726 2 6 4 5 0 7 
727 4 2 1 3 0 
728 7 0 1 5 4 
729 3 2 5 4 
730 2 1 0 
731 7 6 3 2 0 4 
732 0 4 3 5 
733 2 4 0 
734 7 4 5 6 
735 2 4 0 6 1 7 
736 3 4 2 
737 1 4 5 6 
738 1 6 2 0 
739 5 0 1 4 
740 5 4 0 
741 7 6 4 5 0 
742 0 1 2 
743 2 6 1 0 7 4 
744 2 6 7 3 5 0 
745 7 6 4 5 0 2 
746 2 5 6 0 7 
747 5 6 7 2 3 0 4 
748 7 5 3 0 4 
749 4 5 6 
750 2 0 4 1 
751 2 6 7 5 4 
752 5 0 6 3 7 2 
753 7 6 4 5 0 
754 5 6 
755 4 3 5 0 
756 5 2 6 3 
757 1 5 3 6 4 
758 2 0 1 6 
759 2 4 5 6 0 
760 1 6 
761 4 3 0 2 
762 7 0 4 1 2 
763 7 5 6 4 
764 0 7 5 6 4 
765 7 1 2 0 
766 0 4 5 6 
767 1 5 2 0 3 4 
768 5 0 2 3 1 
769 1 0 3 2 
770 1 2 3 0 
771 4 2 0 
772 7 0 5 6 4 1 
773 1 5 0 6 3 7 2 
774 7 4 0 6 1 
775 5 2 6 3 
776 0 4 6 3 2 7 
777 4 0 1 5 
778 4 1 7 6 0 
779 1 5 2 0 3 4 
780 0 3 2 4 
781 0 6 1 7 
782 0 4 6 7 1 5 
783 7 5 6 4 
784 1 6 7 4 
785 7 5 6 2 4 0 
786 1 6 0 
787 0 3 2 6 
788 1 5 3 6 4 
789 4 0 5 6 1 7 
790 7 5 2 0 3 4 
791 4 6 7 3 2 0 
792 7 4 0 6 1 
793 3 6 7 0 2 
794 1 5 6 2 7 4 0 
795 7 0 1 5 4 
796 0 5 2 3 4 
797 1 4 6 3 2 7 0 
798 7 5 0 6 3 2 
799 0 7 5 6 
800 1 7 6 0 
801 1 6 
802 1 7 5 6 
803 5 6 1 0 7 4 
804 5 6 
805 7 3 2 1 0 
806 0 5 6 2 7 4 
807 0 1 
808 0 4 6 3 2 7 
809 7 6 2 0 
810 0 6 2 
811 5 7 6 4 
812 7 3 0 2 
813 7 5 6 
814 0 1 
815 1 3 2 6 
816 7 5 3 0 4 
817 7 3 2 6 
818 4 0 3 1 2 
819 4 0 3 1 2 
820 5 0 4 1 2 
821 1 2 3 0 
822 0 2 1 6 
823 1 6 7 3 2 0 4 
824 1 0 2 6 
825 4 6 7 5 
826 7 5 6 0 
827 7 2 5 3 4 
828 0 6 4 5 7 
829 7 6 4 
830 0 4 2 
831 1 2 3 5 
832 5 6 7 3 2 0 
833 0 6 7 2 3 4 
834 1 2 3 0 
835 4 6 1 0 7 
836 7 5 1 0 4 
837 1 4 0 6 7 
838 7 4 2 0 
839 5 6 2 7 4 0 
840 0 6 4 5 7 
841 4 0 1 2 
842 4 5 6 2 7 0 
843 1 6 7 3 2 5 4 
844 0 4 
845 0 6 7 5 4 
846 0 6 7 3 5 2 
847 7 0 5 6 4 1 
848 1 2 0 
849 7 4 0 6 1 
850 1 3 2 0 
851 0 7 5 6 4 
852 1 0 2 3 
853 5 4 0 
854 2 0 4 1 
855 4 6 7 2 3 0 
856 7 6 3 5 2 0 
857 5 1 0 2 
858 1 4 0 
859 7 1 6 0 
860 0 4 6 7 1 5 
861 1 5 0 4 
862 7 1 6 0 
863 0 6 7 5 4 
864 1 0 2 6 
865 0 5 1 4 
866 1 7 2 4 
867 5 0 2 3 1 
868 5 1 0 2 
869 7 4 6 1 5 0 
870 0 4 
871 0 4 5 6 
872 0 6 1 7 
873 7 2 4 1 
874 1 4 0 6 7 
875 5 3 2 1 0 
876 7 3 2 0 4 
877 4 5 1 0 
878 0 1 7 6 
879 1 6 2 3 4 
880 7 2 5 3 4 
881 7 6 4 
882 4 6 2 0 
883 4 3 6 7 0 2 
884 5 0 2 1 6 
885 1 6 7 3 2 5 4 
886 0 5 6 4 1 7 
887 1 6 4 5 0 7 
888 1 6 7 3 5 2 0 
889 4 6 3 2 7 0 
890 7 4 5 6 
891 7 6 3 5 2 0 
892 0 6 2 
893 7 1 0 
894 0 3 6 7 2 
895 1 0 5 4 
896 5 6 
897 0 1 
898 1 4 2 0 
899 4 0 1 5 
900 7 5 3 0 4 
901 1 0 2 
902 7 3 2 6 
903 5 6 7 3 2 1 4 
904 0 3 2 4 
905 4 2 5 3 
906 5 6 4 7 
907 1 0 3 2 
908 0 5 6 
909 0 5 4 
910 1 7 5 6 
911 7 4 6 3 2 0 
912 5 3 2 1 0 
913 7 0 4 1 2 
914 1 6 7 3 5 2 0 
915 5 2 0 3 4 
916 5 6 1 0 7 4 
917 4 2 6 0 5 
918 7 1 6 0 
919 7 6 2 3 0 4 
920 7 5 6 
921 5 2 0 3 4 
922 5 2 3 4 
923 7 4 3 5 0 
924 5 4 2 0 
925 6 1 0 
926 7 5 3 0 4 
927 0 5 3 4 
928 7 6 3 5 2 0 
929 5 7 6 
930 7 4 5 6 0 2 
931 5 7 2 4 1 
932 5 6 4 7 
933 7 5 4 0 
934 4 5 6 0 7 
935 0 6 7 3 2 4 
936 1 5 3 6 4 
937 7 0 1 5 4 
938 7 5 4 
939 7 2 5 1 3 4 
940 7 6 5 4 
941 4 2 1 3 0 
942 1 5 2 0 3 4 
943 1 5 6 2 7 4 0 
944 7 6 3 5 2 0 
945 5 6 0 7 
946 7 1 0 
947 5 1 0 
948 5 1 0 2 
949 7 6 3 2 0 4 
950 0 2 6 5 
951 1 2 3 5 
952 7 6 1 2 3 4 
953 5 1 7 6 0 
954 7 5 6 2 4 0 
955 7 5 1 0 4 
956 5 6 4 7 
957 1 5 0 4 
958 0 6 
959 1 2 0 
960 0 1 7 6 
961 7 6 4 5 
962 7 3 6 0 2 
963 4 6 3 2 7 0 
964 1 3 2 6 
965 5 0 6 3 7 2 
966 0 6 7 2 3 4 
967 5 6 7 4 
968 7 6 1 2 3 4 
969 4 0 3 1 2 
970 1 2 7 0 6 
971 6 7 4 5 0 2 
972 7 5 6 
973 6 5 3 1 4 
974 7 2 5 3 4 
975 7 6 1 0 4 
976 5 0 6 4 1 7 
977 7 6 0 1 
978 7 1 2 0 
979 5 2 6 0 
980 5 4 6 3 2 7 0 
981 1 0 4 2 
982 7 6 4 5 0 2 
983 4 0 1 5 
984 1 4 0 
985 5 2 7 0 6 
986 5 3 2 1 0 
987 7 6 3 2 0 4 
988 5 6 
989 6 0 2 1 
990 2 1 0 
991 1 7 5 6 4 
992 7 1 0 6 
993 7 2 0 6 
994 7 6 5 4 
995 5 2 1 3 4 
996 5 4 0 
997 7 2 6 3 5 
998 4 2 7 0 6 
999 0 6 1 7 4 
1000 0 7 2 4 1 
1001 7 0 5 6 4 1 
1002 0 5 2 3 4 
1003 5 6 
1004 7 1 0 
1005 4 5 3 0 
1006 1 6 0 7 4 
1007 1 0 
1008 1 7 2 4 
1009 7 5 3 6 1 4 
1010 4 0 
1011 4 0 5 6 1 7 
1012 5 1 2 0 
1013 1 7 6 0 
1014 0 5 6 2 7 4 
1015 1 0 4 2 
1016 1 3 6 2 
1017 5 6 
1018 7 3 1 6 2 
1019 7 3 6 0 2 
1020 1 7 2 4 
1021 1 6 4 5 7 
1022 0 5 6 7 
1023 1 6 2 3 4 
